2456107.139162
2456107.159596
2456107.180030
2456107.200464
2456107.220898
2456107.241332
2456107.261766
2456107.282200
2456107.302634
2456107.323068
2456107.343503
2456107.363937
2456107.384371
2456107.404805
2456107.425239
2456107.445673
2456107.466107
2456107.486541
2456107.506975
2456107.527409
2456107.547844
2456107.568278
2456107.588712
2456107.609146
2456107.629580
2456107.650014
2456107.670448
2456107.690882
2456107.711316
2456107.731750
2456107.752184
2456107.772618
2456107.793053
2456107.813487
2456107.833921
2456107.854355
2456107.874789
2456107.895223
2456107.915657
2456107.936091
2456107.956525
2456107.976959
2456107.997393
2456108.017828
2456108.038262
2456108.058696
2456108.079130
2456108.099564
2456108.119998
2456108.140432
2456108.160866
2456108.181300
2456108.201734
2456108.222168
2456108.242603
2456108.263037
2456108.283471
2456108.303905
2456108.324339
2456108.344773
2456108.365207
2456108.385641
2456108.406075
2456108.426509
2456108.446943
2456108.467378
2456108.487812
2456108.508246
2456108.528680
2456108.549114
2456108.569548
2456108.589982
2456108.610416
2456108.630850
2456108.651284
2456108.671718
2456108.692152
2456108.712586
2456108.733021
2456108.753455
2456108.773889
2456108.794323
2456108.814757
2456108.835191
2456108.855625
2456108.876059
2456108.896493
2456108.916927
2456108.937361
2456108.957796
2456108.978230
2456108.998664
2456109.019098
2456109.039532
2456109.059966
2456109.080400
2456109.100834
2456109.121268
2456109.141702
2456109.162136
2456109.182571
2456109.203005
2456109.223439
2456109.243873
2456109.264307
2456109.284741
2456109.305175
2456109.325609
2456109.346043
2456109.366477
2456109.386911
2456109.407345
2456109.427779
2456109.448213
2456109.468648
2456109.489082
2456109.509510
2456109.529950
2456109.550384
2456109.570818
2456109.591252
2456109.611686
2456109.632120
2456109.652554
2456109.672988
2456109.693422
2456109.713857
2456109.734291
2456109.754725
2456109.775159
2456109.795593
2456109.816027
2456109.836461
2456109.856895
2456109.877329
2456109.897763
2456109.918197
2456109.938631
2456109.959066
2456109.979500
2456109.999934
2456110.020368
2456110.040802
2456110.061236
2456110.081670
2456110.102104
2456110.122538
2456110.142972
2456110.163406
2456110.183840
2456110.204274
2456110.224708
2456110.245143
2456110.265577
2456110.286011
2456110.306445
2456110.326879
2456110.347313
2456110.367747
2456110.388181
2456110.408615
2456110.429049
2456110.449483
2456110.469917
2456110.490351
2456110.510785
2456110.531220
2456110.551654
2456110.572088
2456110.592522
2456110.612956
2456110.633390
2456110.653824
2456110.674258
2456110.694692
2456110.715126
2456110.735560
2456110.755994
2456110.776428
2456110.796863
2456110.817297
2456110.837731
2456110.858165
2456110.878599
2456110.899033
2456110.919467
2456110.939901
2456110.960335
2456110.980769
2456111.001203
2456111.021637
2456111.042071
2456111.062505
2456111.082940
2456111.103374
2456111.123808
2456111.144242
2456111.164676
2456111.185110
2456111.205544
2456111.225978
2456111.246412
2456111.266846
2456111.287280
2456111.307714
2456111.328148
2456111.348582
2456111.369017
2456111.389451
2456111.409885
2456111.430319
2456111.450753
2456111.471187
2456111.491621
2456111.512055
2456111.532489
2456111.552923
2456111.573357
2456111.593791
2456111.614225
2456111.634659
2456111.655094
2456111.675527
2456111.695962
2456111.716396
2456111.736830
2456111.757264
2456111.777698
2456111.798132
2456111.818566
2456111.839000
2456111.859434
2456111.879868
2456111.900302
2456111.920736
2456111.941170
2456111.961604
2456111.982039
2456112.002473
2456112.022907
2456112.043341
2456112.063775
2456112.084209
2456112.104643
2456112.125077
2456112.145511
2456112.165945
2456112.186379
2456112.206813
2456112.227247
2456112.247681
2456112.268115
2456112.288549
2456112.308984
2456112.329418
2456112.349852
2456112.370286
2456112.390720
2456112.411154
2456112.431588
2456112.452022
2456112.472456
2456112.492890
2456112.513324
2456112.533758
2456112.554192
2456112.574626
2456112.595060
2456112.615494
2456112.635929
2456112.656363
2456112.676797
2456112.697231
2456112.717665
2456112.738099
2456112.758533
2456112.778967
2456112.799401
2456112.819835
2456112.840269
2456112.860703
2456112.881137
2456112.901571
2456112.922005
2456112.942439
2456112.962874
2456112.983308
2456113.003742
2456113.024176
2456113.044610
2456113.065044
2456113.085478
2456113.105912
2456113.126346
2456113.146780
2456113.167214
2456113.187648
2456113.208082
2456113.228516
2456113.248950
2456113.269384
2456113.289818
2456113.310253
2456113.330687
2456113.351121
2456113.371555
2456113.391989
2456113.412423
2456113.432857
2456113.453291
2456113.473725
2456113.494159
2456113.514593
2456113.535027
2456113.555461
2456113.575895
2456113.596329
2456113.616763
2456113.637197
2456113.657631
2456113.678066
2456113.698500
2456113.718934
2456113.739368
2456113.759802
2456113.780236
2456113.800670
2456113.821104
2456113.841538
2456113.861972
2456113.882406
2456113.902840
2456113.923274
2456113.943708
2456113.964142
2456113.984576
2456114.005010
2456114.025444
2456114.045878
2456114.066313
2456114.086746
2456114.107181
2456114.127615
2456114.148049
2456114.168483
2456114.188917
2456114.209351
2456114.229785
2456114.250219
2456114.270653
2456114.291087
2456114.311521
2456114.331955
2456114.352389
2456114.372823
2456114.393257
2456114.413691
2456114.434125
2456114.454559
2456114.474993
2456114.495428
2456114.515862
2456114.536296
2456114.556730
2456114.577164
2456114.597598
2456114.618032
2456114.638466
2456114.658900
2456114.679334
2456114.699768
2456114.720202
2456114.740636
2456114.761070
2456114.781504
2456114.801938
2456114.822372
2456114.842806
2456114.863240
2456114.883675
2456114.904109
2456114.924542
2456114.944977
2456114.965411
2456114.985845
2456115.006279
2456115.026713
2456115.047147
2456115.067581
2456115.088015
2456115.108449
2456115.128883
2456115.149317
2456115.169751
2456115.190185
2456115.210619
2456115.231053
2456115.251487
2456115.271921
2456115.292355
2456115.312789
2456115.333223
2456115.353658
2456115.374091
2456115.394526
2456115.414960
2456115.435394
2456115.455828
2456115.476262
2456115.496696
2456115.517130
2456115.537564
2456115.557998
2456115.578432
2456115.598866
2456115.619300
2456115.639734
2456115.660168
2456115.680602
2456115.701036
2456115.721470
2456115.741904
2456115.762338
2456115.782772
2456115.803206
2456115.823640
2456115.844075
2456115.864509
2456115.884943
2456115.905377
2456115.925811
2456115.946245
2456115.966679
2456115.987113
2456116.007547
2456116.027981
2456116.048415
2456116.068849
2456116.089283
2456116.109717
2456116.130151
2456116.150585
2456116.171019
2456116.191453
2456116.211887
2456116.232321
2456116.252755
2456116.273189
2456116.293623
2456116.314057
2456116.334492
2456116.354925
2456116.375359
2456116.395794
2456116.416228
2456116.436662
2456116.457096
2456116.477530
2456116.497964
2456116.518398
2456116.538832
2456116.559266
2456116.579700
2456116.600134
2456116.620568
2456116.641002
2456116.661436
2456116.681870
2456116.702304
2456116.722738
2456116.743172
2456116.763606
2456116.784040
2456116.804474
2456116.824908
2456116.845342
2456116.865776
2456116.886210
2456116.906644
2456116.927078
2456116.947512
2456116.967947
2456116.988381
2456117.008815
2456117.029249
2456117.049683
2456117.070117
2456117.090551
2456117.110985
2456117.131419
2456117.151853
2456117.172287
2456117.192721
2456117.213155
2456117.233589
2456117.254023
2456117.274457
2456117.294891
2456117.315325
2456117.335759
2456117.356193
2456117.376627
2456117.397061
2456117.417495
2456117.437929
2456117.458363
2456117.478797
2456117.499231
2456117.519665
2456117.540099
2456117.560533
2456117.580968
2456117.601401
2456117.621835
2456117.642270
2456117.662704
2456117.683138
2456117.703572
2456117.724006
2456117.744440
2456117.764874
2456117.785308
2456117.805742
2456117.826176
2456117.846610
2456117.867044
2456117.887478
2456117.907912
2456117.928346
2456117.948780
2456117.969214
2456117.989648
2456118.010082
2456118.030516
2456118.050950
2456118.071384
2456118.091818
2456118.112252
2456118.132686
2456118.153120
2456118.173554
2456118.193988
2456118.214422
2456118.234856
2456118.255290
2456118.275724
2456118.296158
2456118.316592
2456118.337026
2456118.357461
2456118.377894
2456118.398328
2456118.418762
2456118.439196
2456118.459630
2456118.480065
2456118.500499
2456118.520933
2456118.541367
2456118.561801
2456118.582235
2456118.602669
2456118.623103
2456118.643537
2456118.663971
2456118.684405
2456118.704839
2456118.725273
2456118.745707
2456118.766141
2456118.786575
2456118.807009
2456118.827443
2456118.847877
2456118.868311
2456118.888745
2456118.909179
2456118.929613
2456118.950047
2456118.970481
2456118.990915
2456119.011349
2456119.031783
2456119.052217
2456119.072651
2456119.093085
2456119.113519
2456119.133953
2456119.154387
2456119.174821
2456119.195255
2456119.215689
2456119.236123
2456119.256557
2456119.276991
2456119.297425
2456119.317859
2456119.338293
2456119.358727
2456119.379161
2456119.399595
2456119.420029
2456119.440463
2456119.460897
2456119.481332
2456119.501766
2456119.522199
2456119.542634
2456119.563068
2456119.583501
2456119.603936
2456119.624370
2456119.644804
2456119.665238
2456119.685672
2456119.706106
2456119.726540
2456119.746974
2456119.767408
2456119.787842
2456119.808276
2456119.828710
2456119.849144
2456119.869578
2456119.890012
2456119.910446
2456119.930880
2456119.951314
2456119.971748
2456119.992182
2456120.012616
2456120.033050
2456120.053484
2456120.073918
2456120.094352
2456120.114786
2456120.135220
2456120.155654
2456120.176088
2456120.196522
2456120.216956
2456120.237390
2456120.257824
2456120.278258
2456120.298692
2456120.319126
2456120.339560
2456120.359994
2456120.380428
2456120.400862
2456120.421296
2456120.441730
2456120.462164
2456120.482598
2456120.503032
2456120.523466
2456120.543900
2456120.564334
2456120.584768
2456120.605202
2456120.625636
2456120.646070
2456120.666504
2456120.686938
2456120.707372
2456120.727806
2456120.748240
2456120.768674
2456120.789108
2456120.809542
2456120.829976
2456120.850410
2456120.870844
2456120.891278
2456120.911712
2456120.932146
2456120.952580
2456120.973014
2456120.993448
2456121.013882
2456121.034316
2456121.054750
2456121.075184
2456121.095618
2456121.116052
2456121.136486
2456121.156920
2456121.177354
2456121.197788
2456121.218222
2456121.238656
2456121.259090
2456121.279524
2456121.299958
2456121.320392
2456121.340826
2456121.361260
2456121.381694
2456121.402128
2456121.422562
2456121.442996
2456121.463430
2456121.483864
2456121.504298
2456121.524732
2456121.545166
2456121.565600
2456121.586034
2456121.606468
2456121.626902
2456121.647336
2456121.667770
2456121.688204
2456121.708638
2456121.729072
2456121.749506
2456121.769940
2456121.790374
2456121.810808
2456121.831242
2456121.851676
2456121.872110
2456121.892544
2456121.912978
2456121.933412
2456121.953846
2456121.974280
2456121.994714
2456122.015148
2456122.035582
2456122.056016
2456122.076450
2456122.096884
2456122.117318
2456122.137752
2456122.158186
2456122.178620
2456122.199054
2456122.219488
2456122.239922
2456122.260356
2456122.280790
2456122.301224
2456122.321658
2456122.342092
2456122.362526
2456122.382960
2456122.403394
2456122.423828
2456122.444262
2456122.464696
2456122.485130
2456122.505564
2456122.525998
2456122.546432
2456122.566866
2456122.587300
2456122.607734
2456122.628168
2456122.648602
2456122.669036
2456122.689470
2456122.709904
2456122.730338
2456122.750772
2456122.771206
2456122.791640
2456122.812074
2456122.832508
2456122.852942
2456122.873376
2456122.893810
2456122.914244
2456122.934678
2456122.955112
2456122.975546
2456122.995980
2456123.016414
2456123.036848
2456123.057282
2456123.077716
2456123.098150
2456123.118584
2456123.139018
2456123.159452
2456123.179886
2456123.200320
2456123.220754
2456123.241188
2456123.261622
2456123.282056
2456123.302490
2456123.322924
2456123.343358
2456123.363792
2456123.384226
2456123.404660
2456123.425094
2456123.445528
2456123.465962
2456123.486396
2456123.506830
2456123.527264
2456123.547698
2456123.568132
2456123.588566
2456123.609000
2456123.629434
2456123.649868
2456123.670302
2456123.690736
2456123.711170
2456123.731604
2456123.752037
2456123.772472
2456123.792906
2456123.813339
2456123.833773
2456123.854207
2456123.874641
2456123.895075
2456123.915509
2456123.935943
2456123.956377
2456123.976811
2456123.997245
           NaN
           NaN
           NaN
           NaN
           NaN
           NaN
           NaN
           NaN
           NaN
           NaN
           NaN
           NaN
           NaN
           NaN
           NaN
           NaN
           NaN
           NaN
           NaN
           NaN
           NaN
           NaN
           NaN
           NaN
           NaN
           NaN
           NaN
           NaN
           NaN
           NaN
           NaN
           NaN
           NaN
           NaN
           NaN
           NaN
           NaN
           NaN
           NaN
           NaN
           NaN
           NaN
           NaN
           NaN
           NaN
           NaN
           NaN
           NaN
           NaN
           NaN
           NaN
           NaN
           NaN
           NaN
           NaN
           NaN
           NaN
           NaN
           NaN
           NaN
           NaN
           NaN
           NaN
           NaN
           NaN
           NaN
           NaN
           NaN
           NaN
           NaN
           NaN
           NaN
           NaN
           NaN
           NaN
           NaN
           NaN
           NaN
           NaN
           NaN
           NaN
           NaN
           NaN
           NaN
           NaN
           NaN
           NaN
           NaN
           NaN
           NaN
           NaN
           NaN
           NaN
           NaN
           NaN
           NaN
           NaN
           NaN
           NaN
           NaN
           NaN
           NaN
           NaN
           NaN
           NaN
           NaN
           NaN
           NaN
           NaN
           NaN
           NaN
           NaN
           NaN
           NaN
           NaN
           NaN
           NaN
           NaN
           NaN
           NaN
           NaN
           NaN
           NaN
           NaN
           NaN
           NaN
           NaN
           NaN
           NaN
           NaN
           NaN
           NaN
           NaN
           NaN
           NaN
           NaN
           NaN
           NaN
           NaN
           NaN
           NaN
           NaN
           NaN
           NaN
           NaN
           NaN
           NaN
           NaN
           NaN
           NaN
           NaN
           NaN
           NaN
           NaN
           NaN
           NaN
           NaN
           NaN
           NaN
           NaN
           NaN
           NaN
           NaN
           NaN
           NaN
           NaN
           NaN
           NaN
           NaN
           NaN
           NaN
           NaN
           NaN
           NaN
           NaN
           NaN
           NaN
           NaN
           NaN
           NaN
           NaN
           NaN
           NaN
           NaN
           NaN
           NaN
           NaN
           NaN
           NaN
           NaN
           NaN
           NaN
           NaN
           NaN
           NaN
           NaN
           NaN
           NaN
           NaN
           NaN
           NaN
           NaN
           NaN
           NaN
           NaN
           NaN
           NaN
           NaN
           NaN
           NaN
           NaN
           NaN
           NaN
           NaN
           NaN
           NaN
           NaN
           NaN
           NaN
           NaN
           NaN
           NaN
           NaN
           NaN
           NaN
           NaN
           NaN
2456128.656189
2456128.676623
2456128.697057
2456128.717491
2456128.737925
2456128.758359
2456128.778793
2456128.799227
2456128.819661
2456128.840095
2456128.860529
2456128.880963
2456128.901397
2456128.921830
2456128.942265
2456128.962698
2456128.983132
2456129.003566
2456129.024000
2456129.044434
2456129.064868
2456129.085302
2456129.105736
2456129.126170
2456129.146604
2456129.167038
2456129.187472
2456129.207906
2456129.228340
2456129.248774
2456129.269208
2456129.289642
2456129.310075
2456129.330509
2456129.350943
2456129.371377
2456129.391811
2456129.412245
2456129.432679
2456129.453113
2456129.473547
2456129.493981
2456129.514415
2456129.534849
2456129.555283
2456129.575717
2456129.596151
2456129.616585
2456129.637018
2456129.657452
2456129.677886
2456129.698320
2456129.718754
2456129.739188
2456129.759622
2456129.780056
2456129.800490
2456129.820924
2456129.841358
2456129.861792
2456129.882226
2456129.902660
2456129.923094
2456129.943528
2456129.963962
2456129.984395
2456130.004829
2456130.025263
2456130.045697
2456130.066131
2456130.086565
2456130.106999
2456130.127433
2456130.147867
2456130.168301
2456130.188735
2456130.209169
2456130.229603
2456130.250037
2456130.270470
2456130.290905
2456130.311338
2456130.331772
2456130.352206
2456130.372640
2456130.393074
2456130.413508
2456130.433942
2456130.454376
2456130.474810
2456130.495244
2456130.515678
2456130.536112
2456130.556546
2456130.576980
2456130.597414
2456130.617847
2456130.638281
2456130.658715
2456130.679149
2456130.699583
2456130.720017
2456130.740451
2456130.760885
2456130.781319
2456130.801753
2456130.822187
2456130.842621
2456130.863055
2456130.883488
2456130.903922
2456130.924356
2456130.944790
2456130.965224
2456130.985658
2456131.006092
2456131.026526
2456131.046960
2456131.067394
2456131.087828
2456131.108262
2456131.128696
2456131.149130
2456131.169564
2456131.189997
2456131.210431
2456131.230865
2456131.251299
2456131.271733
2456131.292167
2456131.312601
2456131.333035
2456131.353469
2456131.373903
2456131.394337
2456131.414770
2456131.435204
2456131.455638
2456131.476072
2456131.496506
2456131.516940
2456131.537374
2456131.557808
2456131.578242
2456131.598676
2456131.619110
2456131.639544
2456131.659978
2456131.680412
2456131.700845
2456131.721279
2456131.741713
2456131.762147
2456131.782581
2456131.803015
2456131.823449
2456131.843883
2456131.864317
2456131.884751
2456131.905185
2456131.925619
2456131.946053
2456131.966486
2456131.986920
2456132.007354
2456132.027788
2456132.048222
2456132.068656
2456132.089090
2456132.109524
2456132.129958
2456132.150392
2456132.170826
2456132.191260
2456132.211693
2456132.232127
2456132.252561
2456132.272995
2456132.293429
2456132.313863
2456132.334297
2456132.354731
2456132.375165
2456132.395599
2456132.416033
2456132.436467
2456132.456901
2456132.477334
2456132.497768
2456132.518202
2456132.538636
2456132.559070
2456132.579504
2456132.599938
2456132.620372
2456132.640806
2456132.661240
2456132.681674
2456132.702108
2456132.722541
2456132.742975
2456132.763409
2456132.783843
2456132.804277
2456132.824711
2456132.845145
2456132.865579
2456132.886013
2456132.906447
2456132.926881
2456132.947314
2456132.967748
2456132.988182
2456133.008616
2456133.029050
2456133.049484
2456133.069918
2456133.090352
2456133.110786
2456133.131220
2456133.151654
2456133.172087
2456133.192521
2456133.212955
2456133.233389
2456133.253823
2456133.274257
2456133.294691
2456133.315125
2456133.335559
2456133.355993
2456133.376427
2456133.396860
2456133.417294
2456133.437728
2456133.458162
2456133.478596
2456133.499030
2456133.519464
2456133.539898
2456133.560332
2456133.580766
2456133.601200
2456133.621633
2456133.642067
2456133.662501
2456133.682935
2456133.703369
2456133.723803
2456133.744237
2456133.764671
2456133.785105
2456133.805539
2456133.825973
2456133.846406
2456133.866840
2456133.887274
2456133.907708
2456133.928142
2456133.948576
2456133.969010
2456133.989444
2456134.009878
2456134.030311
2456134.050745
2456134.071179
2456134.091613
2456134.112047
2456134.132481
2456134.152915
2456134.173349
2456134.193783
2456134.214217
2456134.234651
2456134.255084
2456134.275518
2456134.295952
2456134.316386
2456134.336820
2456134.357254
2456134.377688
2456134.398122
2456134.418556
2456134.438990
2456134.459424
2456134.479857
2456134.500291
2456134.520725
2456134.541159
2456134.561593
2456134.582027
2456134.602461
2456134.622895
2456134.643329
2456134.663762
2456134.684196
2456134.704630
2456134.725064
2456134.745498
2456134.765932
2456134.786366
2456134.806800
2456134.827234
2456134.847668
2456134.868101
2456134.888535
2456134.908969
2456134.929403
2456134.949837
2456134.970271
2456134.990705
2456135.011139
2456135.031573
2456135.052006
2456135.072440
2456135.092874
2456135.113308
2456135.133742
2456135.154176
2456135.174610
2456135.195044
2456135.215478
2456135.235912
2456135.256345
2456135.276779
2456135.297213
2456135.317647
2456135.338081
2456135.358515
2456135.378949
2456135.399383
2456135.419817
2456135.440250
2456135.460684
2456135.481118
2456135.501552
2456135.521986
2456135.542420
2456135.562854
2456135.583288
2456135.603722
2456135.624155
2456135.644589
2456135.665023
2456135.685457
2456135.705891
2456135.726325
2456135.746759
2456135.767193
2456135.787627
2456135.808060
2456135.828494
2456135.848928
2456135.869362
2456135.889796
2456135.910230
2456135.930664
2456135.951098
2456135.971531
2456135.991965
2456136.012399
2456136.032833
2456136.053267
2456136.073701
2456136.094135
2456136.114569
2456136.135003
2456136.155437
2456136.175870
2456136.196304
2456136.216738
2456136.237172
2456136.257606
2456136.278040
2456136.298474
2456136.318908
2456136.339341
2456136.359775
2456136.380209
2456136.400643
2456136.421077
2456136.441511
2456136.461945
2456136.482379
2456136.502813
2456136.523246
2456136.543680
2456136.564114
2456136.584548
2456136.604982
2456136.625416
2456136.645850
2456136.666284
2456136.686717
2456136.707151
2456136.727585
2456136.748019
2456136.768453
2456136.788887
2456136.809321
2456136.829755
2456136.850188
2456136.870622
2456136.891056
2456136.911490
2456136.931924
2456136.952358
2456136.972792
2456136.993226
2456137.013660
2456137.034093
2456137.054527
2456137.074961
2456137.095395
2456137.115829
2456137.136263
2456137.156697
2456137.177130
2456137.197564
2456137.217998
2456137.238432
2456137.258866
2456137.279300
2456137.299734
2456137.320168
2456137.340602
2456137.361035
2456137.381469
2456137.401903
2456137.422337
2456137.442771
2456137.463205
2456137.483639
2456137.504073
2456137.524507
2456137.544940
2456137.565374
2456137.585808
2456137.606242
2456137.626676
2456137.647110
2456137.667544
2456137.687977
2456137.708411
2456137.728845
2456137.749279
2456137.769713
2456137.790147
2456137.810581
2456137.831014
2456137.851448
2456137.871882
2456137.892316
2456137.912750
2456137.933184
2456137.953618
2456137.974052
2456137.994485
           NaN
           NaN
           NaN
           NaN
           NaN
           NaN
           NaN
           NaN
           NaN
           NaN
           NaN
           NaN
           NaN
           NaN
           NaN
           NaN
           NaN
           NaN
           NaN
           NaN
           NaN
           NaN
           NaN
           NaN
           NaN
           NaN
           NaN
           NaN
           NaN
           NaN
           NaN
           NaN
           NaN
           NaN
           NaN
           NaN
           NaN
           NaN
           NaN
           NaN
           NaN
           NaN
           NaN
           NaN
           NaN
           NaN
           NaN
           NaN
           NaN
           NaN
           NaN
           NaN
           NaN
           NaN
           NaN
           NaN
2456139.159216
2456139.179650
2456139.200083
2456139.220517
2456139.240951
2456139.261385
2456139.281819
2456139.302253
2456139.322687
2456139.343120
2456139.363554
2456139.383988
2456139.404422
2456139.424856
2456139.445290
2456139.465724
2456139.486157
2456139.506591
2456139.527025
2456139.547459
2456139.567893
2456139.588327
2456139.608761
2456139.629195
2456139.649628
2456139.670062
2456139.690496
2456139.710930
2456139.731364
2456139.751798
2456139.772231
2456139.792665
2456139.813099
2456139.833533
2456139.853967
2456139.874401
2456139.894835
2456139.915268
2456139.935702
2456139.956136
2456139.976570
2456139.997004
2456140.017438
2456140.037872
2456140.058305
2456140.078739
2456140.099173
2456140.119607
2456140.140041
2456140.160475
2456140.180908
2456140.201342
2456140.221776
2456140.242210
2456140.262644
2456140.283078
2456140.303512
2456140.323945
2456140.344379
2456140.364813
2456140.385247
2456140.405681
2456140.426115
2456140.446549
2456140.466982
2456140.487416
2456140.507850
2456140.528284
2456140.548718
2456140.569152
2456140.589585
2456140.610019
2456140.630453
2456140.650887
2456140.671321
2456140.691755
2456140.712189
2456140.732622
2456140.753056
2456140.773490
2456140.793924
2456140.814358
2456140.834792
2456140.855225
2456140.875659
2456140.896093
2456140.916527
2456140.936961
2456140.957395
2456140.977828
2456140.998262
2456141.018696
2456141.039130
2456141.059564
2456141.079998
2456141.100432
2456141.120865
2456141.141299
2456141.161733
2456141.182167
2456141.202601
2456141.223035
2456141.243468
2456141.263902
2456141.284336
2456141.304770
2456141.325204
2456141.345638
2456141.366071
2456141.386505
2456141.406939
2456141.427373
2456141.447807
2456141.468241
2456141.488675
2456141.509108
2456141.529542
2456141.549976
2456141.570410
2456141.590844
2456141.611278
2456141.631711
2456141.652145
2456141.672579
2456141.693013
2456141.713447
2456141.733881
2456141.754314
2456141.774748
2456141.795182
2456141.815616
2456141.836050
2456141.856484
2456141.876917
2456141.897351
2456141.917785
2456141.938219
2456141.958653
2456141.979087
2456141.999520
2456142.019954
2456142.040388
2456142.060822
2456142.081256
2456142.101690
2456142.122123
2456142.142557
2456142.162991
2456142.183425
2456142.203859
2456142.224293
2456142.244727
2456142.265160
2456142.285594
2456142.306028
2456142.326462
2456142.346896
2456142.367329
2456142.387763
2456142.408197
2456142.428631
2456142.449065
2456142.469499
2456142.489932
2456142.510366
2456142.530800
2456142.551234
2456142.571668
2456142.592102
2456142.612535
2456142.632969
2456142.653403
2456142.673837
2456142.694271
2456142.714705
2456142.735138
2456142.755572
2456142.776006
2456142.796440
2456142.816874
2456142.837307
2456142.857741
2456142.878175
2456142.898609
2456142.919043
2456142.939477
2456142.959910
2456142.980344
2456143.000778
2456143.021212
2456143.041646
2456143.062080
2456143.082513
2456143.102947
2456143.123381
2456143.143815
2456143.164249
2456143.184683
2456143.205116
2456143.225550
2456143.245984
2456143.266418
2456143.286852
2456143.307285
2456143.327719
2456143.348153
2456143.368587
2456143.389021
2456143.409455
2456143.429888
2456143.450322
2456143.470756
2456143.491190
2456143.511624
2456143.532057
2456143.552491
2456143.572925
2456143.593359
2456143.613793
2456143.634227
2456143.654660
2456143.675094
2456143.695528
2456143.715962
2456143.736396
2456143.756830
2456143.777263
2456143.797697
2456143.818131
2456143.838565
2456143.858999
2456143.879432
2456143.899866
2456143.920300
2456143.940734
2456143.961168
2456143.981601
2456144.002035
2456144.022469
2456144.042903
2456144.063337
2456144.083771
2456144.104204
2456144.124638
2456144.145072
2456144.165506
2456144.185940
2456144.206373
2456144.226807
2456144.247241
2456144.267675
2456144.288109
2456144.308543
2456144.328976
2456144.349410
2456144.369844
2456144.390278
2456144.410712
2456144.431145
2456144.451579
2456144.472013
2456144.492447
2456144.512881
2456144.533315
2456144.553748
2456144.574182
2456144.594616
2456144.615050
2456144.635484
2456144.655917
2456144.676351
2456144.696785
2456144.717219
2456144.737653
2456144.758086
2456144.778520
2456144.798954
2456144.819388
2456144.839822
2456144.860256
2456144.880689
2456144.901123
2456144.921557
2456144.941991
2456144.962424
2456144.982858
2456145.003292
2456145.023726
2456145.044160
2456145.064594
2456145.085027
2456145.105461
2456145.125895
2456145.146329
2456145.166763
2456145.187196
2456145.207630
2456145.228064
2456145.248498
2456145.268932
2456145.289365
2456145.309799
2456145.330233
2456145.350667
2456145.371101
2456145.391534
2456145.411968
2456145.432402
2456145.452836
2456145.473270
2456145.493703
2456145.514137
2456145.534571
2456145.555005
2456145.575439
2456145.595872
2456145.616306
2456145.636740
2456145.657174
2456145.677608
2456145.698041
2456145.718475
2456145.738909
2456145.759343
2456145.779777
2456145.800210
2456145.820644
2456145.841078
2456145.861512
2456145.881946
2456145.902379
2456145.922813
2456145.943247
2456145.963681
2456145.984115
2456146.004548
2456146.024982
2456146.045416
2456146.065850
2456146.086284
2456146.106717
2456146.127151
2456146.147585
2456146.168019
2456146.188453
2456146.208886
2456146.229320
2456146.249754
2456146.270188
2456146.290622
2456146.311055
2456146.331489
2456146.351923
2456146.372357
2456146.392790
2456146.413224
2456146.433658
2456146.454092
2456146.474526
2456146.494959
2456146.515393
2456146.535827
2456146.556261
2456146.576695
2456146.597128
2456146.617562
2456146.637996
2456146.658430
2456146.678864
2456146.699297
2456146.719731
2456146.740165
2456146.760599
2456146.781033
2456146.801466
2456146.821900
2456146.842334
2456146.862768
2456146.883202
2456146.903635
2456146.924069
2456146.944503
2456146.964937
2456146.985371
2456147.005804
2456147.026238
2456147.046672
2456147.067106
2456147.087539
2456147.107973
2456147.128407
2456147.148841
2456147.169275
2456147.189708
2456147.210142
2456147.230576
2456147.251010
2456147.271443
2456147.291877
2456147.312311
2456147.332745
2456147.353179
2456147.373612
2456147.394046
2456147.414480
2456147.434914
2456147.455348
2456147.475781
2456147.496215
2456147.516649
2456147.537083
2456147.557517
2456147.577950
2456147.598384
2456147.618818
2456147.639252
2456147.659685
2456147.680119
2456147.700553
2456147.720987
2456147.741421
2456147.761854
2456147.782288
2456147.802722
2456147.823156
2456147.843590
2456147.864023
2456147.884457
2456147.904891
2456147.925325
2456147.945758
2456147.966192
2456147.986626
2456148.007060
2456148.027494
2456148.047927
2456148.068361
2456148.088795
2456148.109229
2456148.129662
2456148.150096
2456148.170530
2456148.190964
2456148.211397
2456148.231831
2456148.252265
2456148.272699
2456148.293133
2456148.313566
2456148.334000
2456148.354434
2456148.374868
2456148.395301
2456148.415735
2456148.436169
2456148.456603
2456148.477037
2456148.497470
2456148.517904
2456148.538338
2456148.558772
2456148.579205
2456148.599639
2456148.620073
2456148.640507
2456148.660941
2456148.681374
2456148.701808
2456148.722242
2456148.742676
2456148.763109
2456148.783543
2456148.803977
2456148.824411
2456148.844844
2456148.865278
2456148.885712
2456148.906146
2456148.926580
2456148.947013
2456148.967447
2456148.987881
2456149.008315
2456149.028748
2456149.049182
2456149.069616
2456149.090050
2456149.110484
2456149.130917
2456149.151351
2456149.171785
2456149.192219
2456149.212652
2456149.233086
2456149.253520
2456149.273954
2456149.294387
2456149.314821
2456149.335255
2456149.355689
2456149.376122
2456149.396556
2456149.416990
2456149.437424
2456149.457858
2456149.478291
2456149.498725
2456149.519159
2456149.539593
2456149.560026
2456149.580460
2456149.600894
2456149.621328
2456149.641761
2456149.662195
2456149.682629
2456149.703063
2456149.723497
2456149.743930
2456149.764364
2456149.784798
2456149.805232
2456149.825665
2456149.846099
2456149.866533
2456149.886967
2456149.907400
2456149.927834
2456149.948268
2456149.968702
2456149.989135
2456150.009569
2456150.030003
2456150.050437
2456150.070870
2456150.091304
2456150.111738
2456150.132172
2456150.152605
2456150.173039
2456150.193473
2456150.213907
2456150.234341
2456150.254774
2456150.275208
2456150.295642
2456150.316076
2456150.336509
2456150.356943
2456150.377377
2456150.397811
2456150.418244
2456150.438678
2456150.459112
2456150.479546
2456150.499979
2456150.520413
2456150.540847
2456150.561281
2456150.581715
2456150.602148
2456150.622582
2456150.643016
2456150.663449
2456150.683883
2456150.704317
2456150.724751
2456150.745184
2456150.765618
2456150.786052
2456150.806486
2456150.826919
2456150.847353
2456150.867787
2456150.888221
2456150.908654
2456150.929088
2456150.949522
2456150.969956
2456150.990389
2456151.010823
2456151.031257
2456151.051691
2456151.072124
2456151.092558
2456151.112992
2456151.133426
2456151.153860
2456151.174293
2456151.194727
2456151.215161
2456151.235594
2456151.256028
2456151.276462
2456151.296896
2456151.317329
2456151.337763
2456151.358197
2456151.378631
2456151.399065
2456151.419498
2456151.439932
2456151.460366
2456151.480799
2456151.501233
2456151.521667
2456151.542101
2456151.562534
2456151.582968
2456151.603402
2456151.623836
2456151.644269
2456151.664703
2456151.685137
2456151.705571
2456151.726004
2456151.746438
2456151.766872
2456151.787306
2456151.807739
2456151.828173
2456151.848607
2456151.869041
2456151.889474
2456151.909908
2456151.930342
2456151.950776
2456151.971209
2456151.991643
2456152.012077
2456152.032511
2456152.052944
2456152.073378
2456152.093812
2456152.114245
2456152.134679
2456152.155113
2456152.175547
2456152.195980
2456152.216414
2456152.236848
2456152.257282
2456152.277715
2456152.298149
2456152.318583
2456152.339017
2456152.359450
2456152.379884
2456152.400318
2456152.420752
2456152.441185
2456152.461619
2456152.482053
2456152.502487
2456152.522920
2456152.543354
2456152.563788
2456152.584222
2456152.604655
2456152.625089
2456152.645523
2456152.665956
2456152.686390
2456152.706824
2456152.727258
2456152.747691
2456152.768125
2456152.788559
2456152.808993
2456152.829426
2456152.849860
2456152.870294
2456152.890728
2456152.911161
2456152.931595
2456152.952029
2456152.972462
2456152.992896
2456153.013330
2456153.033764
2456153.054197
2456153.074631
2456153.095065
2456153.115499
2456153.135932
2456153.156366
2456153.176800
2456153.197233
2456153.217667
2456153.238101
2456153.258535
2456153.278968
2456153.299402
2456153.319836
2456153.340270
2456153.360703
2456153.381137
2456153.401571
2456153.422004
2456153.442438
2456153.462872
2456153.483306
2456153.503739
2456153.524173
2456153.544607
2456153.565041
2456153.585474
2456153.605908
2456153.626342
2456153.646776
2456153.667209
2456153.687643
2456153.708077
2456153.728511
2456153.748944
2456153.769378
2456153.789812
2456153.810245
2456153.830679
2456153.851113
2456153.871547
2456153.891980
2456153.912414
2456153.932848
2456153.953281
2456153.973715
2456153.994149
2456154.014583
2456154.035016
2456154.055450
2456154.075884
2456154.096317
2456154.116751
2456154.137185
2456154.157619
2456154.178052
2456154.198486
2456154.218920
2456154.239354
2456154.259787
2456154.280221
2456154.300655
2456154.321088
2456154.341522
2456154.361956
2456154.382390
2456154.402823
2456154.423257
2456154.443691
2456154.464124
2456154.484558
2456154.504992
2456154.525426
2456154.545859
2456154.566293
2456154.586727
2456154.607160
2456154.627594
2456154.648028
2456154.668462
2456154.688895
2456154.709329
2456154.729763
2456154.750196
2456154.770630
2456154.791064
2456154.811498
2456154.831931
2456154.852365
2456154.872799
2456154.893232
2456154.913666
2456154.934100
2456154.954534
2456154.974967
2456154.995401
2456155.015835
2456155.036268
2456155.056702
2456155.077136
2456155.097570
2456155.118003
2456155.138437
2456155.158871
2456155.179304
2456155.199738
2456155.220172
2456155.240606
2456155.261039
2456155.281473
2456155.301907
2456155.322340
2456155.342774
2456155.363208
2456155.383642
2456155.404075
2456155.424509
2456155.444943
2456155.465376
2456155.485810
2456155.506244
2456155.526678
2456155.547111
2456155.567545
2456155.587979
2456155.608412
2456155.628846
2456155.649280
2456155.669714
2456155.690147
2456155.710581
2456155.731015
2456155.751448
2456155.771882
2456155.792316
2456155.812749
2456155.833183
2456155.853617
2456155.874051
2456155.894484
2456155.914918
2456155.935352
2456155.955785
2456155.976219
2456155.996653
2456156.017087
2456156.037520
2456156.057954
2456156.078388
2456156.098821
2456156.119255
2456156.139689
2456156.160122
2456156.180556
2456156.200990
2456156.221423
2456156.241857
2456156.262291
2456156.282725
2456156.303158
2456156.323592
2456156.344026
2456156.364459
2456156.384893
2456156.405327
2456156.425761
2456156.446194
2456156.466628
2456156.487062
2456156.507495
2456156.527929
2456156.548363
2456156.568796
2456156.589230
2456156.609664
2456156.630098
2456156.650531
2456156.670965
2456156.691399
2456156.711832
2456156.732266
2456156.752700
2456156.773133
2456156.793567
2456156.814001
2456156.834435
2456156.854868
2456156.875302
2456156.895736
2456156.916169
2456156.936603
2456156.957037
2456156.977470
2456156.997904
2456157.018338
2456157.038771
2456157.059205
2456157.079639
2456157.100073
2456157.120506
2456157.140940
2456157.161374
2456157.181807
2456157.202241
2456157.222675
2456157.243108
2456157.263542
2456157.283976
2456157.304409
2456157.324843
2456157.345277
2456157.365710
2456157.386144
2456157.406578
2456157.427012
2456157.447445
2456157.467879
2456157.488313
2456157.508746
2456157.529180
2456157.549614
2456157.570047
2456157.590481
2456157.610915
2456157.631348
2456157.651782
2456157.672216
2456157.692650
2456157.713083
2456157.733517
2456157.753951
2456157.774384
2456157.794818
2456157.815252
2456157.835685
2456157.856119
2456157.876553
2456157.896986
2456157.917420
2456157.937854
2456157.958287
2456157.978721
2456157.999155
2456158.019589
2456158.040022
2456158.060456
2456158.080890
2456158.101323
2456158.121757
2456158.142191
2456158.162624
2456158.183058
2456158.203492
2456158.223925
2456158.244359
2456158.264793
2456158.285226
2456158.305660
2456158.326094
2456158.346527
2456158.366961
2456158.387395
2456158.407829
2456158.428262
2456158.448696
2456158.469130
2456158.489563
2456158.509997
2456158.530431
2456158.550864
2456158.571298
2456158.591732
2456158.612165
2456158.632599
2456158.653033
2456158.673466
2456158.693900
2456158.714334
2456158.734767
2456158.755201
2456158.775635
2456158.796068
2456158.816502
2456158.836936
2456158.857369
2456158.877803
2456158.898237
2456158.918670
2456158.939104
2456158.959538
2456158.979971
2456159.000405
2456159.020839
2456159.041272
2456159.061706
2456159.082140
2456159.102574
2456159.123007
2456159.143441
2456159.163875
2456159.184308
2456159.204742
2456159.225176
2456159.245609
2456159.266043
2456159.286477
2456159.306910
2456159.327344
2456159.347778
2456159.368211
2456159.388645
2456159.409079
2456159.429512
2456159.449946
2456159.470380
2456159.490813
2456159.511247
2456159.531681
2456159.552114
2456159.572548
2456159.592982
2456159.613415
2456159.633849
2456159.654283
2456159.674716
2456159.695150
2456159.715584
2456159.736017
2456159.756451
2456159.776885
2456159.797318
2456159.817752
2456159.838186
2456159.858619
2456159.879053
2456159.899487
2456159.919920
2456159.940354
2456159.960788
2456159.981221
2456160.001655
2456160.022089
2456160.042522
2456160.062956
2456160.083390
2456160.103823
2456160.124257
2456160.144691
2456160.165124
2456160.185558
2456160.205992
2456160.226425
2456160.246859
2456160.267293
2456160.287726
2456160.308160
2456160.328594
2456160.349027
2456160.369461
2456160.389895
2456160.410328
2456160.430762
2456160.451195
2456160.471629
2456160.492063
2456160.512497
2456160.532930
2456160.553364
2456160.573798
2456160.594231
2456160.614665
2456160.635099
2456160.655532
2456160.675966
2456160.696400
2456160.716833
2456160.737267
2456160.757701
2456160.778134
2456160.798568
2456160.819001
2456160.839435
2456160.859869
2456160.880302
2456160.900736
2456160.921170
2456160.941603
2456160.962037
2456160.982471
2456161.002904
2456161.023338
2456161.043772
2456161.064205
2456161.084639
2456161.105073
2456161.125506
2456161.145940
2456161.166374
2456161.186807
2456161.207241
2456161.227675
2456161.248108
2456161.268542
2456161.288976
2456161.309409
2456161.329843
2456161.350276
2456161.370710
2456161.391144
2456161.411577
2456161.432011
2456161.452445
2456161.472878
2456161.493312
2456161.513746
2456161.534179
2456161.554613
2456161.575047
2456161.595480
2456161.615914
2456161.636348
2456161.656781
2456161.677215
2456161.697648
2456161.718082
2456161.738516
2456161.758949
2456161.779383
2456161.799817
2456161.820250
2456161.840684
2456161.861118
2456161.881551
2456161.901985
2456161.922419
2456161.942852
2456161.963286
2456161.983720
2456162.004153
2456162.024587
2456162.045020
2456162.065454
2456162.085888
2456162.106321
2456162.126755
2456162.147189
2456162.167622
2456162.188056
2456162.208490
2456162.228923
2456162.249357
2456162.269791
2456162.290224
2456162.310658
2456162.331092
2456162.351525
2456162.371959
2456162.392392
2456162.412826
2456162.433260
2456162.453693
2456162.474127
2456162.494561
2456162.514994
2456162.535428
2456162.555862
2456162.576295
2456162.596729
2456162.617162
2456162.637596
2456162.658030
2456162.678463
2456162.698897
2456162.719331
2456162.739764
2456162.760198
2456162.780632
2456162.801065
2456162.821499
2456162.841933
2456162.862366
2456162.882800
2456162.903233
2456162.923667
2456162.944101
2456162.964534
2456162.984968
2456163.005402
2456163.025835
2456163.046269
2456163.066703
2456163.087136
2456163.107570
2456163.128003
2456163.148437
2456163.168871
2456163.189304
2456163.209738
2456163.230172
2456163.250605
2456163.271039
2456163.291473
2456163.311906
2456163.332340
2456163.352773
2456163.373207
2456163.393641
2456163.414074
2456163.434508
2456163.454942
2456163.475375
2456163.495809
2456163.516242
2456163.536676
2456163.557110
2456163.577543
2456163.597977
2456163.618411
2456163.638844
2456163.659278
2456163.679712
2456163.700145
2456163.720579
2456163.741012
2456163.761446
2456163.781880
2456163.802313
2456163.822747
2456163.843181
2456163.863614
2456163.884048
2456163.904481
2456163.924915
2456163.945349
2456163.965782
2456163.986216
2456164.006650
2456164.027083
2456164.047517
2456164.067950
2456164.088384
2456164.108818
2456164.129251
2456164.149685
2456164.170119
2456164.190552
2456164.210986
2456164.231419
2456164.251853
2456164.272287
2456164.292720
2456164.313154
2456164.333588
2456164.354021
2456164.374455
2456164.394889
2456164.415322
2456164.435756
2456164.456189
2456164.476623
2456164.497056
2456164.517490
2456164.537924
2456164.558357
2456164.578791
2456164.599225
2456164.619658
2456164.640092
2456164.660525
2456164.680959
2456164.701393
2456164.721826
2456164.742260
2456164.762694
2456164.783127
2456164.803561
2456164.823994
2456164.844428
2456164.864862
2456164.885295
2456164.905729
2456164.926163
2456164.946596
2456164.967030
2456164.987463
2456165.007897
2456165.028331
2456165.048764
2456165.069198
2456165.089632
2456165.110065
2456165.130499
2456165.150932
2456165.171366
2456165.191800
2456165.212233
2456165.232667
2456165.253100
2456165.273534
2456165.293968
2456165.314401
2456165.334835
2456165.355268
2456165.375702
2456165.396136
2456165.416569
2456165.437003
2456165.457436
2456165.477870
2456165.498304
2456165.518737
2456165.539171
2456165.559605
2456165.580038
2456165.600472
2456165.620905
2456165.641339
2456165.661773
2456165.682206
2456165.702640
2456165.723073
2456165.743507
2456165.763941
2456165.784374
2456165.804808
2456165.825242
2456165.845675
2456165.866109
2456165.886542
2456165.906976
2456165.927410
2456165.947843
2456165.968277
2456165.988710
2456166.009144
2456166.029578
2456166.050011
2456166.070445
2456166.090878
2456166.111312
2456166.131746
2456166.152179
2456166.172613
2456166.193046
2456166.213480
2456166.233914
2456166.254347
2456166.274781
2456166.295214
2456166.315648
2456166.336082
2456166.356515
2456166.376949
2456166.397383
2456166.417816
2456166.438250
2456166.458683
2456166.479117
2456166.499550
2456166.519984
2456166.540418
2456166.560851
2456166.581285
2456166.601718
2456166.622152
2456166.642586
2456166.663019
2456166.683453
2456166.703886
2456166.724320
2456166.744754
2456166.765187
2456166.785621
2456166.806054
2456166.826488
2456166.846922
2456166.867355
2456166.887789
2456166.908223
2456166.928656
2456166.949090
2456166.969523
2456166.989957
2456167.010390
2456167.030824
2456167.051258
2456167.071691
2456167.092125
2456167.112558
2456167.132992
2456167.153426
2456167.173859
2456167.194293
2456167.214726
2456167.235160
2456167.255594
2456167.276027
2456167.296461
2456167.316894
2456167.337328
2456167.357762
2456167.378195
2456167.398629
2456167.419062
2456167.439496
2456167.459929
2456167.480363
2456167.500797
2456167.521230
2456167.541664
2456167.562098
2456167.582531
2456167.602965
2456167.623398
2456167.643832
2456167.664265
2456167.684699
2456167.705133
2456167.725566
2456167.746000
2456167.766433
2456167.786867
2456167.807301
2456167.827734
2456167.848168
2456167.868601
2456167.889035
2456167.909468
2456167.929902
2456167.950336
2456167.970769
2456167.991203
2456168.011636
2456168.032070
2456168.052504
2456168.072937
2456168.093371
2456168.113804
2456168.134238
2456168.154671
2456168.175105
2456168.195539
2456168.215972
2456168.236406
2456168.256839
2456168.277273
2456168.297707
2456168.318140
2456168.338574
2456168.359007
2456168.379441
2456168.399875
2456168.420308
2456168.440742
2456168.461175
2456168.481609
2456168.502042
2456168.522476
2456168.542910
2456168.563343
2456168.583777
2456168.604210
2456168.624644
2456168.645078
2456168.665511
2456168.685945
2456168.706378
2456168.726812
2456168.747245
2456168.767679
2456168.788113
2456168.808546
2456168.828980
2456168.849413
2456168.869847
2456168.890280
2456168.910714
2456168.931148
2456168.951581
2456168.972015
2456168.992448
2456169.012882
2456169.033316
2456169.053749
2456169.074183
2456169.094616
2456169.115050
2456169.135484
2456169.155917
2456169.176351
2456169.196784
2456169.217218
2456169.237651
2456169.258085
2456169.278518
2456169.298952
           NaN
           NaN
           NaN
           NaN
           NaN
           NaN
           NaN
           NaN
           NaN
           NaN
           NaN
           NaN
           NaN
           NaN
           NaN
           NaN
           NaN
           NaN
           NaN
           NaN
           NaN
           NaN
           NaN
           NaN
           NaN
           NaN
           NaN
           NaN
           NaN
           NaN
           NaN
           NaN
           NaN
           NaN
           NaN
           NaN
           NaN
           NaN
           NaN
           NaN
           NaN
           NaN
2456170.177595
2456170.198029
2456170.218463
2456170.238896
2456170.259330
2456170.279763
2456170.300197
2456170.320630
2456170.341064
2456170.361498
2456170.381931
2456170.402365
2456170.422798
2456170.443232
2456170.463665
2456170.484099
2456170.504533
2456170.524966
2456170.545400
2456170.565833
2456170.586267
2456170.606700
2456170.627134
2456170.647567
2456170.668001
2456170.688435
2456170.708868
2456170.729302
2456170.749735
2456170.770169
2456170.790602
2456170.811036
2456170.831469
2456170.851903
2456170.872337
2456170.892770
2456170.913204
2456170.933637
2456170.954071
2456170.974504
2456170.994938
2456171.015372
2456171.035805
2456171.056239
2456171.076672
2456171.097106
2456171.117539
2456171.137973
2456171.158406
2456171.178840
2456171.199274
2456171.219707
2456171.240141
2456171.260574
2456171.281008
2456171.301441
2456171.321875
2456171.342308
2456171.362742
2456171.383175
2456171.403609
2456171.424043
2456171.444476
2456171.464910
2456171.485343
2456171.505777
2456171.526210
2456171.546644
2456171.567077
2456171.587511
2456171.607945
2456171.628378
2456171.648812
2456171.669245
2456171.689679
2456171.710112
2456171.730546
2456171.750979
2456171.771413
2456171.791846
2456171.812280
2456171.832714
2456171.853147
2456171.873581
2456171.894014
2456171.914448
2456171.934881
2456171.955315
2456171.975748
2456171.996182
2456172.016616
2456172.037049
2456172.057483
2456172.077916
2456172.098350
2456172.118783
2456172.139217
2456172.159650
2456172.180084
2456172.200517
2456172.220951
2456172.241385
2456172.261818
2456172.282252
2456172.302685
2456172.323119
2456172.343552
2456172.363986
2456172.384419
2456172.404853
2456172.425286
2456172.445720
2456172.466154
2456172.486587
2456172.507021
2456172.527454
2456172.547888
2456172.568321
2456172.588755
2456172.609188
2456172.629622
2456172.650055
2456172.670489
2456172.690922
2456172.711356
2456172.731790
2456172.752223
2456172.772657
2456172.793090
2456172.813524
2456172.833957
2456172.854391
2456172.874824
2456172.895258
2456172.915691
2456172.936125
2456172.956559
2456172.976992
2456172.997426
2456173.017859
2456173.038293
2456173.058726
2456173.079160
2456173.099593
2456173.120027
2456173.140460
2456173.160894
2456173.181327
2456173.201761
2456173.222194
2456173.242628
2456173.263062
2456173.283495
2456173.303929
2456173.324362
2456173.344796
2456173.365229
2456173.385663
2456173.406096
2456173.426530
2456173.446963
2456173.467397
2456173.487830
2456173.508264
2456173.528698
2456173.549131
2456173.569565
2456173.589998
2456173.610432
2456173.630865
2456173.651299
2456173.671732
2456173.692166
2456173.712599
2456173.733033
2456173.753466
2456173.773900
2456173.794333
2456173.814767
2456173.835201
2456173.855634
2456173.876068
2456173.896501
2456173.916934
2456173.937368
2456173.957802
2456173.978235
2456173.998669
2456174.019102
2456174.039536
2456174.059969
2456174.080403
2456174.100836
2456174.121270
2456174.141703
2456174.162137
2456174.182570
2456174.203004
2456174.223438
2456174.243871
2456174.264304
2456174.284738
2456174.305172
2456174.325605
2456174.346039
2456174.366472
2456174.386906
2456174.407339
2456174.427773
2456174.448206
2456174.468640
2456174.489073
2456174.509507
2456174.529940
2456174.550374
2456174.570807
2456174.591241
2456174.611675
2456174.632108
2456174.652541
2456174.672975
2456174.693409
2456174.713842
2456174.734276
2456174.754709
2456174.775143
2456174.795576
2456174.816010
2456174.836443
2456174.856877
2456174.877310
2456174.897744
2456174.918177
2456174.938611
2456174.959044
2456174.979478
2456174.999911
2456175.020345
2456175.040778
2456175.061212
2456175.081645
2456175.102079
2456175.122512
2456175.142946
2456175.163379
2456175.183813
2456175.204247
2456175.224680
2456175.245114
2456175.265547
2456175.285980
2456175.306414
2456175.326848
2456175.347281
2456175.367715
2456175.388148
2456175.408582
2456175.429015
2456175.449449
2456175.469882
2456175.490316
2456175.510749
2456175.531183
2456175.551616
2456175.572050
2456175.592483
2456175.612917
2456175.633350
2456175.653784
2456175.674217
2456175.694651
2456175.715084
2456175.735518
2456175.755951
2456175.776385
2456175.796818
2456175.817252
2456175.837685
2456175.858119
2456175.878552
2456175.898986
2456175.919419
2456175.939853
2456175.960286
2456175.980720
2456176.001153
2456176.021587
2456176.042020
2456176.062454
2456176.082887
2456176.103321
2456176.123754
2456176.144188
2456176.164621
2456176.185055
2456176.205488
2456176.225922
2456176.246355
2456176.266789
2456176.287223
2456176.307656
2456176.328089
2456176.348523
2456176.368956
2456176.389390
2456176.409824
2456176.430257
2456176.450691
2456176.471124
2456176.491557
2456176.511991
2456176.532425
2456176.552858
2456176.573292
2456176.593725
2456176.614159
2456176.634592
2456176.655026
2456176.675459
2456176.695893
2456176.716326
2456176.736760
2456176.757193
2456176.777627
2456176.798060
2456176.818494
2456176.838927
2456176.859361
2456176.879794
2456176.900227
2456176.920661
2456176.941094
2456176.961528
2456176.981962
2456177.002395
2456177.022829
2456177.043262
2456177.063695
2456177.084129
2456177.104563
2456177.124996
2456177.145430
2456177.165863
2456177.186297
2456177.206730
2456177.227163
2456177.247597
2456177.268031
2456177.288464
2456177.308898
2456177.329331
2456177.349764
2456177.370198
2456177.390632
2456177.411065
2456177.431498
2456177.451932
2456177.472365
2456177.492799
2456177.513232
2456177.533666
2456177.554099
2456177.574533
2456177.594966
2456177.615400
2456177.635833
2456177.656267
2456177.676700
2456177.697134
2456177.717567
2456177.738001
2456177.758434
2456177.778868
2456177.799301
2456177.819735
2456177.840168
2456177.860602
2456177.881035
2456177.901469
2456177.921902
2456177.942336
2456177.962769
2456177.983203
2456178.003636
2456178.024070
2456178.044503
2456178.064937
2456178.085370
2456178.105804
2456178.126237
2456178.146671
2456178.167104
2456178.187538
2456178.207971
2456178.228405
2456178.248838
2456178.269271
2456178.289705
2456178.310138
2456178.330572
2456178.351006
2456178.371439
2456178.391872
2456178.412306
2456178.432739
2456178.453173
2456178.473606
2456178.494040
2456178.514473
2456178.534907
2456178.555340
2456178.575774
2456178.596207
2456178.616641
2456178.637074
2456178.657508
2456178.677941
2456178.698375
2456178.718808
2456178.739242
2456178.759675
2456178.780109
2456178.800542
2456178.820976
2456178.841409
2456178.861843
2456178.882276
2456178.902709
2456178.923143
2456178.943576
2456178.964010
2456178.984443
2456179.004877
2456179.025310
2456179.045744
2456179.066177
2456179.086611
2456179.107044
2456179.127478
2456179.147911
2456179.168345
2456179.188778
2456179.209212
2456179.229645
2456179.250079
2456179.270512
2456179.290946
2456179.311379
2456179.331813
2456179.352246
2456179.372679
2456179.393113
2456179.413546
2456179.433980
2456179.454413
2456179.474847
2456179.495280
2456179.515714
2456179.536147
2456179.556581
2456179.577014
2456179.597448
2456179.617881
2456179.638315
2456179.658748
2456179.679182
2456179.699615
2456179.720048
2456179.740482
2456179.760915
2456179.781349
2456179.801782
2456179.822216
2456179.842649
2456179.863083
2456179.883516
2456179.903950
2456179.924383
2456179.944817
2456179.965250
2456179.985684
2456180.006117
2456180.026551
2456180.046984
2456180.067417
2456180.087851
2456180.108284
2456180.128718
2456180.149151
2456180.169585
2456180.190018
2456180.210452
2456180.230885
2456180.251319
2456180.271752
2456180.292186
2456180.312619
2456180.333052
2456180.353486
2456180.373919
2456180.394353
2456180.414786
2456180.435220
2456180.455653
2456180.476087
2456180.496520
2456180.516954
2456180.537387
2456180.557821
2456180.578254
2456180.598688
2456180.619121
2456180.639554
2456180.659988
2456180.680421
2456180.700855
2456180.721288
2456180.741722
2456180.762155
2456180.782589
2456180.803022
2456180.823456
2456180.843889
2456180.864323
2456180.884756
2456180.905189
2456180.925623
2456180.946056
2456180.966490
2456180.986923
2456181.007357
2456181.027790
2456181.048224
2456181.068657
2456181.089091
2456181.109524
2456181.129958
2456181.150391
2456181.170824
2456181.191258
2456181.211691
2456181.232125
2456181.252558
2456181.272992
2456181.293425
2456181.313859
2456181.334292
2456181.354726
2456181.375159
2456181.395593
2456181.416026
2456181.436459
2456181.456893
2456181.477326
2456181.497760
2456181.518193
2456181.538627
2456181.559060
2456181.579494
2456181.599927
2456181.620360
2456181.640794
2456181.661227
2456181.681661
2456181.702094
2456181.722528
2456181.742961
2456181.763395
2456181.783828
2456181.804261
2456181.824695
2456181.845128
2456181.865562
2456181.885995
2456181.906429
2456181.926862
2456181.947296
2456181.967729
2456181.988163
2456182.008596
2456182.029029
2456182.049463
2456182.069896
2456182.090330
2456182.110763
2456182.131197
2456182.151630
2456182.172064
2456182.192497
2456182.212930
2456182.233364
2456182.253797
2456182.274231
2456182.294664
2456182.315098
2456182.335531
2456182.355965
2456182.376398
2456182.396831
2456182.417265
2456182.437698
2456182.458132
2456182.478565
2456182.498999
2456182.519432
2456182.539866
2456182.560299
2456182.580732
2456182.601166
2456182.621599
2456182.642033
2456182.662466
2456182.682900
2456182.703333
2456182.723767
2456182.744200
2456182.764633
2456182.785067
2456182.805500
2456182.825934
2456182.846367
2456182.866801
2456182.887234
2456182.907668
2456182.928101
2456182.948535
2456182.968968
2456182.989401
2456183.009835
2456183.030268
2456183.050702
2456183.071135
2456183.091569
2456183.112002
2456183.132435
2456183.152869
2456183.173302
2456183.193736
2456183.214169
2456183.234602
2456183.255036
2456183.275469
2456183.295903
2456183.316336
2456183.336770
2456183.357203
2456183.377637
2456183.398070
2456183.418503
2456183.438937
2456183.459370
2456183.479804
2456183.500237
2456183.520671
2456183.541104
2456183.561537
2456183.581971
2456183.602404
2456183.622838
2456183.643271
2456183.663705
2456183.684138
2456183.704572
2456183.725005
2456183.745438
2456183.765872
2456183.786305
2456183.806739
2456183.827172
2456183.847605
2456183.868039
2456183.888472
2456183.908906
2456183.929339
2456183.949773
2456183.970206
2456183.990640
2456184.011073
2456184.031506
2456184.051940
2456184.072373
2456184.092807
2456184.113240
2456184.133674
2456184.154107
2456184.174540
2456184.194974
2456184.215407
2456184.235841
2456184.256274
2456184.276708
2456184.297141
2456184.317574
2456184.338008
2456184.358441
2456184.378875
2456184.399308
2456184.419742
2456184.440175
2456184.460608
2456184.481042
2456184.501475
2456184.521909
2456184.542342
2456184.562776
2456184.583209
2456184.603642
2456184.624076
2456184.644509
2456184.664943
2456184.685376
2456184.705809
2456184.726243
2456184.746676
2456184.767110
2456184.787543
2456184.807977
2456184.828410
2456184.848843
2456184.869277
2456184.889710
2456184.910144
2456184.930577
2456184.951010
2456184.971444
2456184.991877
2456185.012311
2456185.032744
2456185.053178
2456185.073611
2456185.094044
2456185.114478
2456185.134911
2456185.155345
2456185.175778
2456185.196212
2456185.216645
2456185.237078
2456185.257512
2456185.277945
2456185.298379
2456185.318812
2456185.339245
2456185.359679
2456185.380112
2456185.400546
2456185.420979
2456185.441413
2456185.461846
2456185.482279
2456185.502713
2456185.523146
2456185.543580
2456185.564013
2456185.584446
2456185.604880
2456185.625313
2456185.645747
2456185.666180
2456185.686614
2456185.707047
2456185.727480
2456185.747914
2456185.768347
2456185.788781
2456185.809214
2456185.829647
2456185.850081
2456185.870514
2456185.890948
2456185.911381
2456185.931814
2456185.952248
2456185.972681
2456185.993115
2456186.013548
2456186.033982
2456186.054415
2456186.074848
2456186.095282
2456186.115715
2456186.136149
2456186.156582
2456186.177015
2456186.197449
2456186.217882
2456186.238316
2456186.258749
2456186.279182
2456186.299616
2456186.320049
2456186.340483
2456186.360916
2456186.381349
2456186.401783
2456186.422216
2456186.442650
2456186.463083
2456186.483517
2456186.503950
2456186.524383
2456186.544817
2456186.565250
2456186.585684
2456186.606117
2456186.626550
2456186.646984
2456186.667417
2456186.687850
2456186.708284
2456186.728717
2456186.749151
2456186.769584
2456186.790018
2456186.810451
2456186.830884
2456186.851318
2456186.871751
2456186.892185
2456186.912618
2456186.933051
2456186.953485
2456186.973918
2456186.994352
2456187.014785
2456187.035218
2456187.055652
2456187.076085
2456187.096518
2456187.116952
2456187.137385
2456187.157819
2456187.178252
2456187.198686
2456187.219119
2456187.239552
2456187.259986
2456187.280419
2456187.300853
2456187.321286
2456187.341719
2456187.362153
2456187.382586
2456187.403020
2456187.423453
2456187.443886
2456187.464320
2456187.484753
2456187.505187
2456187.525620
2456187.546053
2456187.566487
2456187.586920
2456187.607353
2456187.627787
2456187.648220
2456187.668654
2456187.689087
2456187.709520
2456187.729954
2456187.750387
2456187.770821
2456187.791254
2456187.811687
2456187.832121
2456187.852554
2456187.872988
2456187.893421
2456187.913854
2456187.934288
2456187.954721
2456187.975155
2456187.995588
2456188.016021
2456188.036455
2456188.056888
2456188.077321
2456188.097755
2456188.118188
2456188.138622
2456188.159055
2456188.179488
2456188.199922
2456188.220355
2456188.240789
2456188.261222
2456188.281655
2456188.302089
2456188.322522
2456188.342956
2456188.363389
2456188.383822
2456188.404256
2456188.424689
2456188.445122
2456188.465556
2456188.485989
2456188.506423
2456188.526856
2456188.547290
2456188.567723
2456188.588156
2456188.608590
2456188.629023
2456188.649456
2456188.669890
2456188.690323
2456188.710756
2456188.731190
2456188.751623
2456188.772057
2456188.792490
2456188.812923
2456188.833357
2456188.853790
2456188.874223
2456188.894657
2456188.915090
2456188.935524
2456188.955957
2456188.976390
2456188.996824
2456189.017257
2456189.037691
2456189.058124
2456189.078557
2456189.098991
2456189.119424
2456189.139858
2456189.160291
2456189.180724
2456189.201158
2456189.221591
2456189.242024
2456189.262458
2456189.282891
2456189.303325
2456189.323758
2456189.344191
2456189.364625
2456189.385058
2456189.405491
2456189.425925
2456189.446358
2456189.466792
2456189.487225
2456189.507658
2456189.528092
2456189.548525
2456189.568958
2456189.589392
2456189.609825
2456189.630259
2456189.650692
2456189.671125
2456189.691559
2456189.711992
2456189.732425
2456189.752859
2456189.773292
2456189.793726
2456189.814159
2456189.834592
2456189.855026
2456189.875459
2456189.895892
2456189.916326
2456189.936759
2456189.957193
2456189.977626
2456189.998059
2456190.018493
2456190.038926
2456190.059360
2456190.079793
2456190.100226
2456190.120660
2456190.141093
2456190.161526
2456190.181960
2456190.202393
2456190.222826
2456190.243260
2456190.263693
2456190.284127
2456190.304560
2456190.324993
2456190.345427
2456190.365860
2456190.386293
2456190.406727
2456190.427160
2456190.447593
2456190.468027
2456190.488460
2456190.508893
2456190.529327
2456190.549760
2456190.570194
2456190.590627
2456190.611060
2456190.631494
2456190.651927
2456190.672360
2456190.692794
2456190.713227
2456190.733661
2456190.754094
2456190.774527
2456190.794961
2456190.815394
2456190.835827
2456190.856261
2456190.876694
2456190.897127
2456190.917561
2456190.937994
2456190.958428
2456190.978861
2456190.999294
2456191.019728
2456191.040161
2456191.060594
2456191.081028
2456191.101461
2456191.121895
2456191.142328
2456191.162761
2456191.183195
2456191.203628
2456191.224061
2456191.244495
2456191.264928
2456191.285361
2456191.305795
2456191.326228
2456191.346661
2456191.367095
2456191.387528
2456191.407962
2456191.428395
2456191.448828
2456191.469262
2456191.489695
2456191.510128
2456191.530562
2456191.550995
2456191.571428
2456191.591862
2456191.612295
2456191.632728
2456191.653162
2456191.673595
2456191.694029
2456191.714462
2456191.734895
2456191.755329
2456191.775762
2456191.796195
2456191.816629
2456191.837062
2456191.857495
2456191.877929
2456191.898362
2456191.918795
2456191.939229
2456191.959662
2456191.980096
2456192.000529
2456192.020962
2456192.041396
2456192.061829
2456192.082262
2456192.102696
2456192.123129
2456192.143562
2456192.163996
2456192.184429
2456192.204862
2456192.225296
2456192.245729
2456192.266162
2456192.286596
2456192.307029
2456192.327462
2456192.347896
2456192.368329
2456192.388763
2456192.409196
2456192.429629
2456192.450063
2456192.470496
2456192.490929
2456192.511363
2456192.531796
2456192.552229
2456192.572663
2456192.593096
2456192.613529
2456192.633963
2456192.654396
2456192.674829
2456192.695263
2456192.715696
2456192.736129
2456192.756563
2456192.776996
2456192.797429
2456192.817863
2456192.838296
2456192.858730
2456192.879163
2456192.899596
2456192.920030
2456192.940463
2456192.960896
2456192.981330
2456193.001763
2456193.022196
2456193.042630
2456193.063063
2456193.083496
2456193.103930
2456193.124363
2456193.144796
2456193.165230
2456193.185663
2456193.206096
2456193.226530
2456193.246963
2456193.267396
2456193.287830
2456193.308263
2456193.328696
2456193.349130
2456193.369563
2456193.389996
2456193.410430
2456193.430863
2456193.451296
2456193.471730
2456193.492163
2456193.512596
2456193.533030
2456193.553463
2456193.573896
2456193.594330
2456193.614763
2456193.635196
2456193.655630
2456193.676063
2456193.696496
2456193.716930
2456193.737363
2456193.757797
2456193.778230
2456193.798663
2456193.819097
2456193.839530
2456193.859963
2456193.880397
2456193.900830
2456193.921263
2456193.941697
2456193.962130
2456193.982563
2456194.002997
2456194.023430
2456194.043863
2456194.064297
2456194.084730
2456194.105163
2456194.125597
2456194.146030
2456194.166463
2456194.186897
2456194.207330
2456194.227763
2456194.248197
2456194.268630
2456194.289063
2456194.309497
2456194.329930
2456194.350363
2456194.370796
2456194.391230
2456194.411663
2456194.432097
2456194.452530
2456194.472963
2456194.493396
2456194.513830
2456194.534263
2456194.554696
2456194.575130
2456194.595563
2456194.615996
2456194.636430
2456194.656863
2456194.677296
2456194.697730
2456194.718163
2456194.738596
2456194.759030
2456194.779463
2456194.799897
2456194.820330
2456194.840763
2456194.861196
2456194.881630
2456194.902063
2456194.922496
2456194.942930
2456194.963363
2456194.983796
2456195.004230
2456195.024663
2456195.045096
2456195.065530
2456195.085963
2456195.106396
2456195.126830
2456195.147263
2456195.167696
2456195.188130
2456195.208563
2456195.228996
2456195.249430
2456195.269863
2456195.290296
2456195.310730
2456195.331163
2456195.351596
2456195.372030
2456195.392463
2456195.412896
2456195.433330
2456195.453763
2456195.474196
2456195.494630
2456195.515063
2456195.535496
2456195.555929
2456195.576363
2456195.596796
2456195.617229
2456195.637663
2456195.658096
2456195.678529
2456195.698963
2456195.719396
2456195.739829
2456195.760263
2456195.780696
2456195.801129
2456195.821563
2456195.841996
2456195.862429
2456195.882863
2456195.903296
2456195.923729
2456195.944162
2456195.964596
2456195.985029
2456196.005462
2456196.025896
2456196.046329
2456196.066762
2456196.087196
2456196.107629
2456196.128062
2456196.148496
2456196.168929
2456196.189362
2456196.209796
2456196.230229
2456196.250662
2456196.271096
2456196.291529
2456196.311962
2456196.332395
2456196.352829
2456196.373262
2456196.393695
2456196.414129
2456196.434562
2456196.454995
2456196.475429
2456196.495862
2456196.516295
2456196.536729
2456196.557162
2456196.577595
2456196.598029
2456196.618462
2456196.638895
2456196.659328
2456196.679762
2456196.700195
2456196.720628
2456196.741062
2456196.761495
2456196.781928
2456196.802362
2456196.822795
2456196.843228
2456196.863662
2456196.884095
2456196.904528
2456196.924961
2456196.945395
2456196.965828
2456196.986261
2456197.006695
2456197.027128
2456197.047561
2456197.067995
2456197.088428
2456197.108861
2456197.129295
2456197.149728
2456197.170161
2456197.190595
2456197.211028
2456197.231461
2456197.251894
2456197.272328
2456197.292761
2456197.313194
2456197.333628
2456197.354061
2456197.374494
2456197.394927
2456197.415361
2456197.435794
2456197.456227
2456197.476661
2456197.497094
2456197.517527
2456197.537961
2456197.558394
2456197.578827
2456197.599261
2456197.619694
2456197.640127
2456197.660560
2456197.680994
2456197.701427
2456197.721860
2456197.742294
2456197.762727
2456197.783160
2456197.803593
2456197.824027
2456197.844460
2456197.864893
2456197.885327
2456197.905760
2456197.926193
2456197.946627
2456197.967060
2456197.987493
2456198.007927
2456198.028360
2456198.048793
2456198.069226
2456198.089660
2456198.110093
2456198.130526
2456198.150960
2456198.171393
2456198.191826
2456198.212259
2456198.232693
2456198.253126
2456198.273559
2456198.293993
2456198.314426
2456198.334859
2456198.355293
2456198.375726
2456198.396159
2456198.416592
2456198.437026
2456198.457459
2456198.477892
2456198.498326
2456198.518759
2456198.539192
2456198.559626
2456198.580059
2456198.600492
2456198.620925
2456198.641359
2456198.661792
2456198.682225
2456198.702659
2456198.723092
2456198.743525
2456198.763958
2456198.784392
2456198.804825
2456198.825258
2456198.845692
2456198.866125
2456198.886558
2456198.906991
2456198.927425
2456198.947858
2456198.968291
2456198.988725
2456199.009158
2456199.029591
2456199.050025
2456199.070458
2456199.090891
2456199.111324
2456199.131758
2456199.152191
2456199.172624
2456199.193058
2456199.213491
2456199.233924
2456199.254357
2456199.274791
2456199.295224
2456199.315657
2456199.336090
2456199.356524
2456199.376957
2456199.397390
2456199.417824
2456199.438257
2456199.458690
2456199.479123
2456199.499557
2456199.519990
2456199.540423
2456199.560857
2456199.581290
2456199.601723
2456199.622157
2456199.642590
2456199.663023
2456199.683456
2456199.703890
2456199.724323
2456199.744756
2456199.765189
2456199.785623
2456199.806056
2456199.826489
2456199.846923
2456199.867356
2456199.887789
2456199.908223
2456199.928656
2456199.949089
2456199.969522
2456199.989956
2456200.010389
2456200.030822
2456200.051255
2456200.071689
2456200.092122
2456200.112555
2456200.132989
2456200.153422
2456200.173855
2456200.194288
2456200.214722
2456200.235155
2456200.255588
2456200.276022
2456200.296455
2456200.316888
2456200.337321
2456200.357755
2456200.378188
2456200.398621
2456200.419055
2456200.439488
2456200.459921
2456200.480354
2456200.500788
2456200.521221
2456200.541654
2456200.562087
2456200.582521
2456200.602954
2456200.623387
2456200.643820
2456200.664254
2456200.684687
2456200.705120
2456200.725554
2456200.745987
2456200.766420
2456200.786853
2456200.807287
2456200.827720
2456200.848153
2456200.868586
2456200.889020
2456200.909453
2456200.929886
2456200.950320
2456200.970753
2456200.991186
2456201.011619
2456201.032053
2456201.052486
2456201.072919
2456201.093352
2456201.113786
2456201.134219
2456201.154652
2456201.175086
2456201.195519
2456201.215952
2456201.236385
2456201.256819
2456201.277252
2456201.297685
2456201.318118
2456201.338552
2456201.358985
2456201.379418
2456201.399852
2456201.420285
2456201.440718
2456201.461151
2456201.481585
2456201.502018
2456201.522451
2456201.542884
2456201.563318
2456201.583751
2456201.604184
2456201.624617
2456201.645051
2456201.665484
2456201.685917
2456201.706351
2456201.726784
2456201.747217
2456201.767650
2456201.788084
2456201.808517
2456201.828950
2456201.849383
2456201.869817
2456201.890250
2456201.910683
2456201.931116
2456201.951550
2456201.971983
2456201.992416
2456202.012849
2456202.033283
2456202.053716
2456202.074149
2456202.094583
2456202.115016
2456202.135449
2456202.155882
2456202.176316
2456202.196749
2456202.217182
2456202.237615
2456202.258049
2456202.278482
2456202.298915
2456202.319348
2456202.339782
2456202.360215
2456202.380648
2456202.401081
2456202.421515
2456202.441948
2456202.462381
2456202.482814
2456202.503248
2456202.523681
2456202.544114
2456202.564548
2456202.584981
2456202.605414
2456202.625847
2456202.646281
2456202.666714
2456202.687147
2456202.707580
2456202.728014
2456202.748447
2456202.768880
2456202.789313
2456202.809747
2456202.830180
2456202.850613
2456202.871046
2456202.891480
2456202.911913
2456202.932346
2456202.952779
2456202.973213
2456202.993646
2456203.014079
2456203.034512
2456203.054946
2456203.075379
2456203.095812
2456203.116245
2456203.136679
2456203.157112
2456203.177545
2456203.197979
2456203.218412
2456203.238845
2456203.259278
2456203.279711
2456203.300145
2456203.320578
2456203.341011
2456203.361444
2456203.381878
2456203.402311
2456203.422744
2456203.443177
2456203.463611
2456203.484044
2456203.504477
2456203.524910
2456203.545344
2456203.565777
2456203.586210
2456203.606643
2456203.627077
2456203.647510
2456203.667943
2456203.688376
2456203.708810
2456203.729243
2456203.749676
2456203.770109
2456203.790543
2456203.810976
2456203.831409
2456203.851842
2456203.872276
2456203.892709
2456203.913142
2456203.933575
2456203.954009
2456203.974442
2456203.994875
2456204.015308
2456204.035742
2456204.056175
2456204.076608
2456204.097041
2456204.117475
2456204.137908
2456204.158341
2456204.178774
2456204.199208
2456204.219641
2456204.240074
2456204.260507
2456204.280940
2456204.301374
2456204.321807
