2455093.224334
2455093.244767
2455093.265201
2455093.285634
2455093.306067
2455093.326500
2455093.346933
2455093.367367
2455093.387800
2455093.408233
2455093.428666
2455093.449099
2455093.469533
2455093.489966
2455093.510399
2455093.530832
2455093.551265
2455093.571699
2455093.592132
2455093.612565
2455093.632998
2455093.653431
2455093.673865
2455093.694298
2455093.714731
2455093.735164
2455093.755597
2455093.776031
2455093.796464
2455093.816897
2455093.837330
2455093.857763
2455093.878197
2455093.898630
2455093.919063
2455093.939496
2455093.959929
2455093.980362
2455094.000796
2455094.021229
2455094.041662
2455094.062095
2455094.082528
2455094.102962
2455094.123395
2455094.143828
2455094.164261
2455094.184694
2455094.205127
2455094.225561
2455094.245994
2455094.266427
2455094.286860
2455094.307294
2455094.327727
2455094.348160
2455094.368593
2455094.389026
2455094.409459
2455094.429893
2455094.450326
2455094.470759
2455094.491192
2455094.511625
2455094.532059
2455094.552492
2455094.572925
2455094.593358
2455094.613791
2455094.634225
2455094.654658
2455094.675091
2455094.695524
2455094.715957
2455094.736390
2455094.756824
2455094.777257
2455094.797690
2455094.818123
2455094.838556
2455094.858990
2455094.879423
2455094.899856
2455094.920289
2455094.940722
2455094.961156
2455094.981589
2455095.002022
2455095.022455
2455095.042888
2455095.063321
2455095.083755
2455095.104188
2455095.124621
2455095.145054
2455095.165487
2455095.185920
2455095.206354
2455095.226787
2455095.247220
2455095.267653
2455095.288086
2455095.308520
2455095.328953
2455095.349386
2455095.369819
2455095.390252
2455095.410686
2455095.431119
2455095.451552
2455095.471985
2455095.492418
2455095.512851
2455095.533285
2455095.553718
2455095.574151
2455095.594584
2455095.615017
2455095.635451
2455095.655884
2455095.676317
2455095.696750
2455095.717183
2455095.737616
2455095.758050
2455095.778483
2455095.798916
2455095.819349
2455095.839782
2455095.860215
2455095.880649
2455095.901082
2455095.921515
2455095.941948
2455095.962381
2455095.982815
2455096.003248
2455096.023681
2455096.044114
2455096.064547
2455096.084980
2455096.105414
2455096.125847
2455096.146280
2455096.166713
2455096.187146
2455096.207580
2455096.228013
2455096.248446
2455096.268879
2455096.289312
2455096.309746
2455096.330179
2455096.350612
2455096.371045
2455096.391478
2455096.411911
2455096.432344
2455096.452778
2455096.473211
2455096.493644
2455096.514077
2455096.534510
2455096.554944
2455096.575377
2455096.595810
2455096.616243
2455096.636676
2455096.657109
2455096.677543
2455096.697976
2455096.718409
2455096.738842
2455096.759275
2455096.779708
2455096.800142
2455096.820575
2455096.841008
2455096.861441
2455096.881874
2455096.902307
2455096.922740
2455096.943174
2455096.963607
2455096.984040
2455097.004473
2455097.024906
2455097.045340
2455097.065773
2455097.086206
2455097.106639
2455097.127072
2455097.147505
2455097.167939
2455097.188372
2455097.208805
2455097.229238
2455097.249671
2455097.270104
2455097.290537
2455097.310970
2455097.331403
2455097.351837
2455097.372270
2455097.392703
2455097.413136
2455097.433569
2455097.454002
2455097.474435
2455097.494869
2455097.515302
2455097.535735
2455097.556168
2455097.576601
2455097.597035
2455097.617468
2455097.637901
2455097.658334
2455097.678767
2455097.699200
2455097.719634
2455097.740067
2455097.760500
2455097.780933
2455097.801366
2455097.821799
2455097.842233
2455097.862666
2455097.883099
2455097.903532
2455097.923965
2455097.944398
2455097.964831
2455097.985265
2455098.005698
2455098.026131
2455098.046564
2455098.066997
2455098.087430
2455098.107864
2455098.128297
2455098.148730
2455098.169163
2455098.189596
2455098.210029
2455098.230463
2455098.250896
2455098.271329
2455098.291762
2455098.312195
2455098.332628
2455098.353062
2455098.373495
2455098.393928
2455098.414361
2455098.434794
2455098.455227
2455098.475660
2455098.496094
2455098.516527
2455098.536960
2455098.557393
2455098.577826
2455098.598259
2455098.618693
2455098.639126
2455098.659559
2455098.679992
2455098.700425
2455098.720858
2455098.741291
2455098.761725
2455098.782158
2455098.802591
2455098.823024
2455098.843457
2455098.863890
2455098.884324
2455098.904757
2455098.925190
2455098.945623
2455098.966056
2455098.986489
2455099.006923
2455099.027356
2455099.047789
2455099.068222
2455099.088655
2455099.109088
2455099.129521
2455099.149955
2455099.170388
2455099.190821
2455099.211254
2455099.231687
2455099.252120
2455099.272553
2455099.292987
2455099.313420
2455099.333853
2455099.354286
2455099.374719
2455099.395152
2455099.415586
2455099.436019
2455099.456452
2455099.476885
2455099.497318
2455099.517751
2455099.538184
2455099.558618
2455099.579051
2455099.599484
2455099.619917
2455099.640350
2455099.660783
2455099.681217
2455099.701650
2455099.722083
2455099.742516
2455099.762949
2455099.783382
2455099.803815
2455099.824249
2455099.844682
2455099.865115
2455099.885548
2455099.905981
2455099.926414
2455099.946847
2455099.967281
2455099.987714
2455100.008147
2455100.028580
2455100.049013
2455100.069446
2455100.089880
2455100.110313
2455100.130746
2455100.151179
2455100.171612
2455100.192045
2455100.212478
2455100.232911
2455100.253345
2455100.273778
2455100.294211
2455100.314644
2455100.335077
2455100.355510
2455100.375943
2455100.396377
2455100.416810
2455100.437243
2455100.457676
2455100.478109
2455100.498542
2455100.518975
2455100.539409
2455100.559842
2455100.580275
2455100.600708
2455100.621141
2455100.641574
2455100.662007
2455100.682441
2455100.702874
2455100.723307
2455100.743740
2455100.764173
2455100.784606
2455100.805039
2455100.825473
2455100.845906
2455100.866339
2455100.886772
2455100.907205
2455100.927638
2455100.948071
2455100.968504
2455100.988938
2455101.009371
2455101.029804
2455101.050237
2455101.070670
2455101.091103
2455101.111536
2455101.131970
2455101.152403
2455101.172836
2455101.193269
2455101.213702
2455101.234135
2455101.254568
2455101.275002
2455101.295435
2455101.315868
2455101.336301
2455101.356734
2455101.377167
2455101.397600
2455101.418034
2455101.438467
2455101.458900
2455101.479333
2455101.499766
2455101.520199
2455101.540632
2455101.561066
2455101.581499
2455101.601932
2455101.622365
2455101.642798
2455101.663231
2455101.683664
2455101.704098
2455101.724531
2455101.744964
2455101.765397
2455101.785830
2455101.806263
2455101.826696
2455101.847129
2455101.867563
2455101.887996
2455101.908429
2455101.928862
2455101.949295
2455101.969728
2455101.990161
2455102.010594
2455102.031027
2455102.051461
2455102.071894
2455102.092327
2455102.112760
2455102.133193
2455102.153626
2455102.174059
2455102.194493
2455102.214926
2455102.235359
2455102.255792
2455102.276225
2455102.296658
2455102.317091
2455102.337525
2455102.357958
2455102.378391
2455102.398824
2455102.419257
2455102.439690
2455102.460123
2455102.480556
2455102.500990
2455102.521423
2455102.541856
2455102.562289
2455102.582722
2455102.603155
2455102.623588
2455102.644021
2455102.664455
2455102.684888
2455102.705321
2455102.725754
2455102.746187
2455102.766620
2455102.787053
2455102.807487
2455102.827920
2455102.848353
2455102.868786
2455102.889219
2455102.909652
2455102.930085
2455102.950518
2455102.970952
2455102.991385
2455103.011818
2455103.032251
2455103.052684
2455103.073117
2455103.093550
2455103.113983
2455103.134416
2455103.154850
2455103.175283
2455103.195716
2455103.216149
2455103.236582
2455103.257015
2455103.277448
2455103.297882
2455103.318315
2455103.338748
2455103.359181
2455103.379614
2455103.400047
2455103.420480
2455103.440913
2455103.461346
2455103.481780
2455103.502213
2455103.522646
2455103.543079
2455103.563512
2455103.583945
2455103.604378
2455103.624811
2455103.645245
2455103.665678
2455103.686111
2455103.706544
2455103.726977
2455103.747410
2455103.767843
2455103.788276
2455103.808709
2455103.829143
2455103.849576
2455103.870009
2455103.890442
2455103.910875
2455103.931308
2455103.951741
2455103.972174
2455103.992607
2455104.013041
2455104.033474
2455104.053907
2455104.074340
2455104.094773
2455104.115206
2455104.135639
2455104.156073
2455104.176506
2455104.196939
2455104.217372
2455104.237805
2455104.258238
2455104.278671
2455104.299104
2455104.319537
2455104.339971
2455104.360404
2455104.380837
2455104.401270
2455104.421703
2455104.442136
2455104.462569
2455104.483002
2455104.503435
2455104.523869
2455104.544302
2455104.564735
2455104.585168
2455104.605601
2455104.626034
2455104.646467
2455104.666900
2455104.687333
2455104.707767
2455104.728200
2455104.748633
2455104.769066
2455104.789499
2455104.809932
2455104.830365
2455104.850798
2455104.871231
2455104.891665
2455104.912098
2455104.932531
2455104.952964
2455104.973397
2455104.993830
2455105.014263
2455105.034696
2455105.055129
2455105.075563
2455105.095996
2455105.116429
2455105.136862
2455105.157295
2455105.177728
2455105.198161
2455105.218594
2455105.239027
2455105.259461
2455105.279894
2455105.300327
2455105.320760
2455105.341193
2455105.361626
2455105.382059
2455105.402492
2455105.422925
2455105.443359
2455105.463792
2455105.484225
2455105.504658
2455105.525091
2455105.545524
2455105.565957
2455105.586390
2455105.606823
2455105.627257
2455105.647690
2455105.668123
2455105.688556
2455105.708989
2455105.729422
2455105.749855
2455105.770288
2455105.790721
2455105.811154
2455105.831588
2455105.852021
2455105.872454
2455105.892887
2455105.913320
2455105.933753
2455105.954186
2455105.974619
2455105.995052
2455106.015485
2455106.035919
2455106.056352
2455106.076785
2455106.097218
2455106.117651
2455106.138084
2455106.158517
2455106.178950
2455106.199383
2455106.219817
2455106.240250
2455106.260683
2455106.281116
2455106.301549
2455106.321982
2455106.342415
2455106.362848
2455106.383281
2455106.403714
2455106.424148
2455106.444581
2455106.465014
2455106.485447
2455106.505880
2455106.526313
2455106.546746
2455106.567179
2455106.587612
2455106.608046
2455106.628479
2455106.648912
2455106.669345
2455106.689778
2455106.710211
2455106.730644
2455106.751077
2455106.771510
2455106.791943
2455106.812376
2455106.832810
2455106.853243
2455106.873676
2455106.894109
2455106.914542
2455106.934975
2455106.955408
2455106.975841
2455106.996274
2455107.016707
2455107.037141
2455107.057574
2455107.078007
2455107.098440
2455107.118873
2455107.139306
2455107.159739
2455107.180172
2455107.200605
2455107.221038
2455107.241472
2455107.261905
2455107.282338
2455107.302771
2455107.323204
2455107.343637
2455107.364070
2455107.384503
2455107.404936
2455107.425369
2455107.445802
2455107.466236
2455107.486669
2455107.507102
2455107.527535
2455107.547968
2455107.568401
2455107.588834
2455107.609267
2455107.629700
2455107.650133
2455107.670567
2455107.691000
2455107.711433
2455107.731866
2455107.752299
2455107.772732
2455107.793165
2455107.813598
2455107.834031
2455107.854464
2455107.874897
2455107.895330
2455107.915764
2455107.936197
2455107.956630
2455107.977063
2455107.997496
2455108.017929
2455108.038362
2455108.058795
2455108.079228
2455108.099661
2455108.120095
2455108.140528
2455108.160961
2455108.181394
2455108.201827
2455108.222260
2455108.242693
2455108.263126
2455108.283559
2455108.303992
2455108.324425
2455108.344859
2455108.365292
2455108.385725
2455108.406158
2455108.426591
2455108.447024
2455108.467457
2455108.487890
2455108.508323
2455108.528756
2455108.549189
2455108.569623
2455108.590056
2455108.610489
2455108.630922
2455108.651355
2455108.671788
2455108.692221
2455108.712654
2455108.733087
2455108.753520
2455108.773953
2455108.794386
2455108.814819
2455108.835253
2455108.855686
2455108.876119
2455108.896552
2455108.916985
2455108.937418
2455108.957851
2455108.978284
2455108.998717
2455109.019150
2455109.039583
2455109.060017
2455109.080450
2455109.100883
2455109.121316
2455109.141749
2455109.162182
2455109.182615
2455109.203048
2455109.223481
2455109.243914
2455109.264347
2455109.284780
2455109.305213
2455109.325647
2455109.346080
2455109.366513
2455109.386946
2455109.407379
2455109.427812
2455109.448245
2455109.468678
2455109.489111
2455109.509544
2455109.529977
2455109.550411
2455109.570844
2455109.591277
2455109.611710
2455109.632143
2455109.652576
2455109.673009
2455109.693442
2455109.713875
2455109.734308
2455109.754741
2455109.775174
2455109.795607
2455109.816041
2455109.836474
2455109.856907
2455109.877340
2455109.897773
2455109.918206
2455109.938639
2455109.959072
2455109.979505
2455109.999938
2455110.020371
2455110.040804
2455110.061237
2455110.081671
2455110.102104
2455110.122537
2455110.142970
2455110.163403
2455110.183836
2455110.204269
2455110.224702
2455110.245135
2455110.265568
2455110.286001
2455110.306434
2455110.326867
2455110.347301
2455110.367734
2455110.388167
2455110.408600
2455110.429033
2455110.449466
2455110.469899
2455110.490332
2455110.510765
2455110.531198
2455110.551631
2455110.572064
2455110.592497
2455110.612931
2455110.633364
2455110.653797
2455110.674230
2455110.694663
2455110.715096
2455110.735529
2455110.755962
2455110.776395
2455110.796828
2455110.817261
2455110.837694
2455110.858127
2455110.878561
2455110.898994
2455110.919427
2455110.939860
2455110.960293
2455110.980726
2455111.001159
2455111.021592
2455111.042025
2455111.062458
2455111.082891
2455111.103324
2455111.123757
2455111.144190
2455111.164623
2455111.185057
2455111.205490
2455111.225923
2455111.246356
2455111.266789
2455111.287222
2455111.307655
2455111.328088
2455111.348521
2455111.368954
2455111.389387
2455111.409820
2455111.430253
2455111.450687
2455111.471119
2455111.491553
2455111.511986
2455111.532419
2455111.552852
2455111.573285
2455111.593718
2455111.614151
2455111.634584
2455111.655017
2455111.675450
2455111.695883
2455111.716316
2455111.736749
2455111.757183
2455111.777616
2455111.798049
2455111.818482
2455111.838915
2455111.859348
2455111.879781
2455111.900214
2455111.920647
2455111.941080
2455111.961513
2455111.981946
2455112.002379
2455112.022812
2455112.043245
2455112.063679
2455112.084112
2455112.104545
2455112.124978
2455112.145411
2455112.165844
2455112.186277
2455112.206710
2455112.227143
2455112.247576
2455112.268009
2455112.288442
2455112.308875
2455112.329308
2455112.349741
2455112.370174
2455112.390608
2455112.411041
2455112.431474
2455112.451907
2455112.472340
2455112.492773
2455112.513206
2455112.533639
2455112.554072
2455112.574505
2455112.594938
2455112.615371
2455112.635804
2455112.656237
2455112.676670
2455112.697104
2455112.717537
2455112.737970
2455112.758403
2455112.778836
2455112.799269
2455112.819702
2455112.840135
2455112.860568
2455112.881001
2455112.901434
2455112.921867
2455112.942300
2455112.962733
2455112.983166
2455113.003599
2455113.024033
2455113.044466
2455113.064899
2455113.085332
2455113.105765
2455113.126198
2455113.146631
2455113.167064
2455113.187497
2455113.207930
2455113.228363
2455113.248796
2455113.269229
2455113.289662
2455113.310095
2455113.330528
2455113.350961
2455113.371395
2455113.391828
2455113.412261
2455113.432694
2455113.453127
2455113.473560
2455113.493993
2455113.514426
2455113.534859
2455113.555292
2455113.575725
2455113.596158
2455113.616591
2455113.637024
2455113.657457
2455113.677890
2455113.698323
2455113.718757
2455113.739190
2455113.759623
2455113.780056
2455113.800489
2455113.820922
2455113.841355
2455113.861788
2455113.882221
2455113.902654
2455113.923087
2455113.943520
2455113.963953
2455113.984386
2455114.004819
2455114.025252
2455114.045685
2455114.066118
2455114.086552
2455114.106984
2455114.127418
2455114.147851
2455114.168284
2455114.188717
2455114.209150
2455114.229583
2455114.250016
2455114.270449
2455114.290882
2455114.311315
2455114.331748
2455114.352181
2455114.372614
2455114.393047
2455114.413480
2455114.433913
2455114.454346
2455114.474779
2455114.495213
2455114.515646
2455114.536079
2455114.556512
2455114.576945
2455114.597378
2455114.617811
2455114.638244
2455114.658677
2455114.679110
2455114.699543
2455114.719976
2455114.740409
2455114.760842
2455114.781275
2455114.801708
2455114.822141
2455114.842575
2455114.863007
2455114.883441
2455114.903874
2455114.924307
2455114.944740
2455114.965173
2455114.985606
2455115.006039
2455115.026472
2455115.046905
2455115.067338
2455115.087771
2455115.108204
2455115.128637
2455115.149070
2455115.169503
2455115.189936
2455115.210369
2455115.230802
2455115.251235
2455115.271669
2455115.292102
2455115.312535
2455115.332968
2455115.353401
2455115.373834
2455115.394267
2455115.414700
2455115.435133
2455115.455566
2455115.475999
2455115.496432
2455115.516865
2455115.537298
2455115.557731
2455115.578164
2455115.598597
2455115.619030
2455115.639463
2455115.659896
2455115.680329
2455115.700762
2455115.721196
2455115.741629
2455115.762062
2455115.782495
2455115.802928
2455115.823361
2455115.843794
2455115.864227
2455115.884660
2455115.905093
2455115.925526
2455115.945959
2455115.966392
2455115.986825
2455116.007258
2455116.027691
2455116.048124
2455116.068557
2455116.088990
2455116.109423
2455116.129856
2455116.150289
2455116.170723
2455116.191156
2455116.211589
2455116.232022
2455116.252455
2455116.272888
2455116.293321
2455116.313754
2455116.334187
2455116.354620
2455116.375053
2455116.395486
2455116.415919
2455116.436352
2455116.456785
2455116.477218
2455116.497651
2455116.518084
2455116.538517
2455116.558950
2455116.579383
2455116.599816
2455116.620249
2455116.640682
2455116.661116
2455116.681548
2455116.701982
2455116.722415
2455116.742848
2455116.763281
2455116.783714
2455116.804147
2455116.824580
2455116.845013
2455116.865446
2455116.885879
2455116.906312
2455116.926745
2455116.947178
2455116.967611
2455116.988044
2455117.008477
2455117.028910
2455117.049343
2455117.069776
2455117.090209
2455117.110642
2455117.131075
2455117.151508
2455117.171942
2455117.192374
2455117.212808
2455117.233241
2455117.253674
2455117.274107
2455117.294540
2455117.314973
2455117.335406
2455117.355839
2455117.376272
2455117.396705
2455117.417138
2455117.437571
2455117.458004
2455117.478437
2455117.498870
2455117.519303
2455117.539736
2455117.560169
2455117.580602
2455117.601035
2455117.621468
2455117.641901
2455117.662334
2455117.682767
2455117.703200
2455117.723633
2455117.744066
2455117.764500
2455117.784933
2455117.805366
2455117.825799
2455117.846232
2455117.866665
2455117.887098
2455117.907531
2455117.927964
2455117.948397
2455117.968830
2455117.989263
2455118.009696
2455118.030129
2455118.050562
2455118.070995
2455118.091428
2455118.111861
2455118.132294
2455118.152727
2455118.173160
2455118.193593
2455118.214026
2455118.234459
2455118.254892
2455118.275325
2455118.295758
2455118.316192
2455118.336625
2455118.357058
2455118.377490
2455118.397924
2455118.418357
2455118.438790
2455118.459223
2455118.479656
2455118.500089
2455118.520522
2455118.540955
2455118.561388
2455118.581821
2455118.602254
2455118.622687
2455118.643120
2455118.663553
2455118.683986
2455118.704419
2455118.724852
2455118.745285
2455118.765718
2455118.786151
2455118.806584
2455118.827017
2455118.847450
2455118.867883
2455118.888316
2455118.908749
2455118.929182
2455118.949615
2455118.970048
2455118.990482
2455119.010914
2455119.031348
2455119.051781
2455119.072214
2455119.092647
2455119.113080
2455119.133513
2455119.153946
2455119.174379
2455119.194812
2455119.215245
2455119.235678
2455119.256111
2455119.276544
2455119.296977
2455119.317410
2455119.337843
2455119.358276
2455119.378709
2455119.399142
2455119.419575
2455119.440008
2455119.460441
2455119.480874
2455119.501307
2455119.521740
2455119.542173
2455119.562606
2455119.583039
2455119.603472
2455119.623905
2455119.644338
2455119.664771
2455119.685204
2455119.705637
2455119.726071
2455119.746503
2455119.766936
2455119.787370
2455119.807803
2455119.828236
2455119.848669
2455119.869102
2455119.889535
2455119.909968
2455119.930401
2455119.950834
2455119.971267
2455119.991700
2455120.012133
2455120.032566
2455120.052999
2455120.073432
2455120.093865
2455120.114298
2455120.134731
2455120.155164
2455120.175597
2455120.196030
2455120.216463
2455120.236896
2455120.257329
2455120.277762
2455120.298195
2455120.318628
2455120.339061
2455120.359494
2455120.379927
2455120.400360
2455120.420793
2455120.441226
2455120.461659
2455120.482092
2455120.502525
2455120.522958
2455120.543391
2455120.563825
2455120.584257
2455120.604690
2455120.625123
2455120.645557
2455120.665990
2455120.686423
2455120.706856
2455120.727289
2455120.747722
2455120.768155
2455120.788588
2455120.809021
2455120.829454
2455120.849887
2455120.870320
2455120.890753
2455120.911186
2455120.931619
2455120.952052
2455120.972485
2455120.992918
2455121.013351
2455121.033784
2455121.054217
2455121.074650
2455121.095083
2455121.115516
2455121.135949
2455121.156382
2455121.176815
2455121.197248
2455121.217681
2455121.238114
2455121.258547
2455121.278980
2455121.299413
2455121.319846
2455121.340279
2455121.360712
2455121.381145
2455121.401578
2455121.422011
2455121.442444
2455121.462877
2455121.483310
2455121.503743
2455121.524177
2455121.544609
2455121.565042
2455121.585475
2455121.605908
2455121.626342
2455121.646775
2455121.667208
2455121.687640
2455121.708074
2455121.728507
2455121.748940
2455121.769373
2455121.789806
2455121.810239
2455121.830672
2455121.851105
2455121.871538
2455121.891971
2455121.912404
2455121.932837
2455121.953270
2455121.973703
2455121.994136
2455122.014569
2455122.035002
2455122.055435
2455122.075868
2455122.096301
2455122.116734
2455122.137167
2455122.157600
2455122.178033
2455122.198466
2455122.218899
2455122.239332
2455122.259765
2455122.280198
2455122.300631
2455122.321064
2455122.341497
2455122.361930
2455122.382363
2455122.402796
2455122.423229
2455122.443662
2455122.464095
2455122.484528
2455122.504961
2455122.525394
2455122.545827
2455122.566260
2455122.586693
2455122.607126
2455122.627559
2455122.647992
2455122.668425
2455122.688858
2455122.709291
2455122.729724
2455122.750157
2455122.770590
2455122.791023
2455122.811456
2455122.831889
2455122.852322
2455122.872755
2455122.893188
2455122.913621
2455122.934054
2455122.954487
2455122.974920
2455122.995353
2455123.015786
2455123.036219
2455123.056653
2455123.077086
2455123.097518
2455123.117952
2455123.138385
2455123.158818
2455123.179251
2455123.199684
2455123.220117
2455123.240550
2455123.260983
2455123.281416
2455123.301849
2455123.322282
2455123.342715
2455123.363148
2455123.383581
2455123.404014
2455123.424447
2455123.444880
2455123.465313
2455123.485746
2455123.506179
2455123.526612
2455123.547045
           NaN
           NaN
           NaN
           NaN
           NaN
           NaN
           NaN
           NaN
           NaN
           NaN
           NaN
           NaN
           NaN
           NaN
           NaN
           NaN
           NaN
           NaN
           NaN
           NaN
           NaN
           NaN
           NaN
           NaN
           NaN
           NaN
           NaN
           NaN
           NaN
           NaN
           NaN
           NaN
           NaN
           NaN
           NaN
           NaN
           NaN
           NaN
           NaN
           NaN
           NaN
           NaN
2455124.425664
2455124.446097
2455124.466530
2455124.486963
2455124.507396
2455124.527829
2455124.548262
2455124.568695
2455124.589128
2455124.609561
2455124.629994
2455124.650427
2455124.670860
2455124.691293
2455124.711726
2455124.732159
2455124.752592
2455124.773025
2455124.793458
2455124.813891
2455124.834324
2455124.854757
2455124.875190
2455124.895623
2455124.916056
2455124.936489
2455124.956922
2455124.977355
2455124.997788
2455125.018221
2455125.038654
2455125.059087
2455125.079520
2455125.099953
2455125.120386
2455125.140819
2455125.161252
2455125.181685
2455125.202118
2455125.222551
2455125.242984
2455125.263417
2455125.283850
2455125.304283
2455125.324716
2455125.345149
2455125.365582
2455125.386015
2455125.406448
2455125.426881
2455125.447314
2455125.467747
2455125.488180
2455125.508613
2455125.529046
2455125.549479
2455125.569912
2455125.590345
2455125.610778
2455125.631211
2455125.651644
2455125.672077
2455125.692510
2455125.712943
2455125.733376
2455125.753809
2455125.774242
2455125.794675
2455125.815108
2455125.835541
2455125.855974
2455125.876407
2455125.896840
2455125.917273
2455125.937706
2455125.958139
2455125.978572
2455125.999005
2455126.019438
2455126.039871
2455126.060304
2455126.080737
2455126.101170
2455126.121603
2455126.142036
2455126.162469
2455126.182902
2455126.203335
2455126.223768
2455126.244201
2455126.264634
2455126.285067
2455126.305500
2455126.325933
2455126.346366
2455126.366799
2455126.387232
2455126.407665
2455126.428098
2455126.448531
2455126.468964
2455126.489397
2455126.509830
2455126.530263
2455126.550696
2455126.571129
2455126.591562
2455126.611995
2455126.632428
2455126.652861
2455126.673294
2455126.693727
2455126.714160
2455126.734593
2455126.755026
2455126.775459
2455126.795892
2455126.816325
2455126.836758
2455126.857191
2455126.877624
2455126.898057
2455126.918490
2455126.938923
2455126.959356
2455126.979789
2455127.000222
2455127.020655
2455127.041088
2455127.061521
2455127.081954
2455127.102387
2455127.122820
2455127.143253
2455127.163686
2455127.184119
2455127.204552
2455127.224985
2455127.245418
2455127.265851
2455127.286284
2455127.306717
2455127.327150
2455127.347583
2455127.368016
2455127.388449
2455127.408882
2455127.429315
2455127.449748
2455127.470181
2455127.490614
2455127.511047
2455127.531480
2455127.551913
2455127.572346
2455127.592779
2455127.613212
2455127.633645
2455127.654078
2455127.674511
2455127.694944
2455127.715377
2455127.735810
2455127.756243
2455127.776676
2455127.797109
2455127.817542
2455127.837975
2455127.858408
2455127.878841
2455127.899274
2455127.919707
2455127.940140
2455127.960573
2455127.981006
2455128.001439
2455128.021872
2455128.042305
2455128.062738
2455128.083171
2455128.103604
2455128.124037
2455128.144470
2455128.164903
2455128.185336
2455128.205769
2455128.226202
2455128.246635
2455128.267068
2455128.287501
2455128.307934
2455128.328367
2455128.348800
2455128.369233
2455128.389666
2455128.410099
2455128.430532
2455128.450965
2455128.471398
2455128.491831
2455128.512264
2455128.532697
2455128.553130
2455128.573563
2455128.593996
2455128.614429
2455128.634862
2455128.655295
2455128.675728
2455128.696161
2455128.716594
2455128.737027
2455128.757460
2455128.777893
2455128.798326
2455128.818759
2455128.839192
2455128.859625
2455128.880058
2455128.900491
2455128.920924
2455128.941357
2455128.961790
2455128.982223
2455129.002656
2455129.023089
2455129.043522
2455129.063954
2455129.084388
2455129.104821
2455129.125253
2455129.145686
2455129.166120
2455129.186552
2455129.206985
2455129.227419
2455129.247851
2455129.268284
2455129.288717
2455129.309150
2455129.329583
2455129.350016
2455129.370449
2455129.390882
2455129.411315
2455129.431748
2455129.452181
2455129.472614
2455129.493047
2455129.513480
2455129.533913
2455129.554346
2455129.574779
2455129.595212
2455129.615645
2455129.636078
2455129.656511
2455129.676944
2455129.697377
2455129.717810
2455129.738243
2455129.758676
2455129.779109
2455129.799542
2455129.819975
2455129.840408
2455129.860841
2455129.881274
2455129.901707
2455129.922140
2455129.942573
2455129.963006
2455129.983439
2455130.003872
2455130.024305
2455130.044738
2455130.065171
2455130.085604
2455130.106037
2455130.126470
2455130.146903
2455130.167336
2455130.187769
2455130.208202
2455130.228635
2455130.249068
2455130.269501
2455130.289934
2455130.310367
2455130.330800
2455130.351233
2455130.371666
2455130.392099
2455130.412532
2455130.432965
2455130.453398
2455130.473831
2455130.494264
2455130.514697
2455130.535130
2455130.555563
2455130.575996
2455130.596429
2455130.616862
2455130.637295
2455130.657728
2455130.678161
2455130.698594
2455130.719027
2455130.739459
2455130.759893
2455130.780325
2455130.800758
2455130.821192
2455130.841624
2455130.862057
2455130.882490
2455130.902923
2455130.923356
2455130.943789
2455130.964222
2455130.984655
2455131.005088
2455131.025521
2455131.045954
2455131.066387
2455131.086820
2455131.107253
2455131.127686
2455131.148119
2455131.168552
2455131.188985
2455131.209418
2455131.229851
2455131.250284
2455131.270717
2455131.291150
2455131.311583
2455131.332016
2455131.352449
2455131.372882
2455131.393315
2455131.413748
2455131.434181
2455131.454614
2455131.475047
2455131.495480
2455131.515913
2455131.536346
2455131.556779
2455131.577212
2455131.597645
2455131.618078
2455131.638511
2455131.658944
2455131.679377
2455131.699810
2455131.720243
2455131.740676
2455131.761109
2455131.781542
2455131.801975
2455131.822408
2455131.842841
2455131.863274
2455131.883707
2455131.904140
2455131.924573
2455131.945006
2455131.965438
2455131.985871
2455132.006305
2455132.026737
2455132.047170
2455132.067604
2455132.088036
2455132.108469
2455132.128902
2455132.149335
2455132.169768
2455132.190201
2455132.210634
2455132.231067
2455132.251500
2455132.271933
2455132.292366
2455132.312799
2455132.333232
2455132.353665
2455132.374098
2455132.394531
2455132.414964
2455132.435397
2455132.455830
2455132.476263
2455132.496696
2455132.517129
2455132.537562
2455132.557995
2455132.578428
2455132.598861
2455132.619294
2455132.639727
2455132.660160
2455132.680593
2455132.701026
2455132.721459
2455132.741892
2455132.762325
2455132.782758
2455132.803191
2455132.823624
2455132.844057
2455132.864490
2455132.884923
2455132.905356
2455132.925789
2455132.946222
2455132.966655
2455132.987088
2455133.007521
2455133.027953
2455133.048387
2455133.068819
2455133.089252
2455133.109685
2455133.130118
2455133.150551
2455133.170984
2455133.191417
2455133.211850
2455133.232283
2455133.252716
2455133.273149
2455133.293582
2455133.314015
2455133.334448
2455133.354881
2455133.375314
2455133.395747
2455133.416180
2455133.436613
2455133.457046
2455133.477479
2455133.497912
2455133.518345
2455133.538778
2455133.559211
2455133.579644
2455133.600077
2455133.620510
2455133.640943
2455133.661376
2455133.681809
2455133.702242
2455133.722675
2455133.743108
2455133.763541
2455133.783974
2455133.804407
2455133.824840
2455133.845273
2455133.865706
2455133.886139
2455133.906572
2455133.927005
2455133.947438
2455133.967871
2455133.988303
2455134.008737
2455134.029170
2455134.049602
2455134.070035
2455134.090468
2455134.110901
2455134.131334
2455134.151767
2455134.172200
2455134.192633
2455134.213066
2455134.233499
2455134.253932
2455134.274365
2455134.294798
2455134.315231
2455134.335664
2455134.356097
2455134.376530
2455134.396963
2455134.417396
2455134.437829
2455134.458262
2455134.478695
2455134.499128
2455134.519561
2455134.539994
2455134.560427
2455134.580860
2455134.601293
2455134.621726
2455134.642159
2455134.662592
2455134.683025
2455134.703458
2455134.723891
2455134.744324
2455134.764757
2455134.785190
2455134.805623
2455134.826056
2455134.846489
2455134.866921
2455134.887354
2455134.907788
2455134.928220
2455134.948653
2455134.969086
2455134.989519
2455135.009952
2455135.030385
2455135.050818
2455135.071251
2455135.091684
2455135.112117
2455135.132550
2455135.152983
2455135.173416
2455135.193849
2455135.214282
2455135.234715
2455135.255148
2455135.275581
2455135.296014
2455135.316447
2455135.336880
2455135.357313
2455135.377746
2455135.398179
2455135.418612
2455135.439045
2455135.459478
2455135.479911
2455135.500344
2455135.520777
2455135.541210
2455135.561643
2455135.582076
2455135.602509
2455135.622942
2455135.643375
2455135.663807
2455135.684240
2455135.704673
2455135.725107
2455135.745539
2455135.765972
2455135.786405
2455135.806838
2455135.827271
2455135.847704
2455135.868137
2455135.888570
2455135.909003
2455135.929436
2455135.949869
2455135.970302
2455135.990735
2455136.011168
2455136.031601
2455136.052034
2455136.072467
2455136.092900
2455136.113333
2455136.133766
2455136.154199
2455136.174632
2455136.195065
2455136.215498
2455136.235931
2455136.256364
2455136.276797
2455136.297230
2455136.317663
2455136.338096
2455136.358529
2455136.378962
2455136.399395
2455136.419827
2455136.440260
2455136.460693
2455136.481126
2455136.501559
2455136.521992
2455136.542425
2455136.562858
2455136.583291
2455136.603724
2455136.624157
2455136.644590
2455136.665023
2455136.685456
2455136.705889
2455136.726322
2455136.746755
2455136.767188
2455136.787621
2455136.808054
2455136.828487
2455136.848920
2455136.869353
2455136.889786
2455136.910219
2455136.930652
2455136.951085
2455136.971518
2455136.991951
2455137.012384
2455137.032817
2455137.053250
2455137.073683
2455137.094116
2455137.114549
2455137.134982
2455137.155414
2455137.175848
2455137.196280
2455137.216713
2455137.237146
2455137.257579
2455137.278012
2455137.298445
2455137.318878
2455137.339311
2455137.359744
2455137.380177
2455137.400610
2455137.421043
2455137.441476
2455137.461909
2455137.482342
2455137.502775
2455137.523208
2455137.543641
2455137.564074
2455137.584507
2455137.604940
2455137.625373
2455137.645806
2455137.666239
2455137.686672
2455137.707105
2455137.727538
2455137.747971
2455137.768404
2455137.788837
2455137.809270
2455137.829703
2455137.850136
2455137.870568
2455137.891001
2455137.911434
2455137.931867
2455137.952300
2455137.972733
2455137.993166
2455138.013599
2455138.034032
2455138.054465
2455138.074898
2455138.095331
2455138.115764
2455138.136197
2455138.156630
2455138.177063
2455138.197496
2455138.217929
2455138.238362
2455138.258795
2455138.279228
2455138.299661
2455138.320094
2455138.340527
2455138.360960
2455138.381393
2455138.401826
2455138.422259
2455138.442692
2455138.463125
2455138.483558
2455138.503991
2455138.524424
2455138.544856
2455138.565289
2455138.585722
2455138.606155
2455138.626588
2455138.647021
2455138.667454
2455138.687887
2455138.708320
2455138.728753
2455138.749186
2455138.769619
2455138.790052
2455138.810485
2455138.830918
2455138.851351
2455138.871784
2455138.892217
2455138.912650
2455138.933083
2455138.953516
2455138.973949
2455138.994382
2455139.014815
2455139.035248
2455139.055681
2455139.076114
2455139.096547
2455139.116980
2455139.137413
2455139.157846
2455139.178279
2455139.198711
2455139.219144
2455139.239578
2455139.260010
2455139.280443
2455139.300876
2455139.321309
2455139.341742
2455139.362175
2455139.382608
2455139.403041
2455139.423474
2455139.443907
2455139.464340
2455139.484773
2455139.505206
2455139.525639
2455139.546072
2455139.566505
2455139.586938
2455139.607371
2455139.627804
2455139.648237
2455139.668670
2455139.689103
2455139.709536
2455139.729969
2455139.750402
2455139.770835
2455139.791268
2455139.811701
2455139.832133
2455139.852566
2455139.873000
2455139.893432
2455139.913865
2455139.934298
2455139.954731
2455139.975164
2455139.995597
2455140.016030
2455140.036463
2455140.056896
2455140.077329
2455140.097762
2455140.118195
2455140.138628
2455140.159061
2455140.179494
2455140.199927
2455140.220360
2455140.240793
2455140.261226
2455140.281659
2455140.302092
2455140.322525
2455140.342958
2455140.363391
2455140.383824
2455140.404257
2455140.424690
2455140.445123
2455140.465555
2455140.485989
2455140.506422
2455140.526854
2455140.547287
2455140.567720
2455140.588153
2455140.608586
2455140.629019
2455140.649452
2455140.669885
2455140.690318
2455140.710751
2455140.731184
2455140.751617
2455140.772050
2455140.792483
2455140.812916
2455140.833349
2455140.853782
2455140.874215
2455140.894648
2455140.915081
2455140.935514
2455140.955947
2455140.976380
2455140.996813
2455141.017246
2455141.037679
2455141.058112
2455141.078544
2455141.098978
2455141.119411
2455141.139843
2455141.160276
2455141.180709
2455141.201142
2455141.221575
2455141.242008
2455141.262441
2455141.282874
2455141.303307
2455141.323740
2455141.344173
2455141.364606
2455141.385039
2455141.405472
2455141.425905
2455141.446338
2455141.466771
2455141.487204
2455141.507637
2455141.528070
2455141.548503
2455141.568936
2455141.589369
2455141.609802
2455141.630235
2455141.650668
2455141.671101
2455141.691534
2455141.711967
2455141.732399
2455141.752832
2455141.773265
2455141.793698
2455141.814131
2455141.834564
2455141.854997
2455141.875430
2455141.895863
2455141.916296
2455141.936729
2455141.957162
2455141.977595
2455141.998028
2455142.018461
2455142.038894
2455142.059327
2455142.079760
2455142.100193
2455142.120626
2455142.141059
2455142.161492
2455142.181925
2455142.202358
2455142.222791
2455142.243224
2455142.263657
2455142.284090
2455142.304523
2455142.324956
2455142.345389
2455142.365821
2455142.386255
2455142.406687
2455142.427120
2455142.447553
2455142.467986
2455142.488419
2455142.508852
2455142.529285
2455142.549718
2455142.570151
2455142.590584
2455142.611017
2455142.631450
2455142.651883
2455142.672316
2455142.692749
2455142.713182
2455142.733615
2455142.754048
2455142.774481
2455142.794914
2455142.815347
2455142.835780
2455142.856213
2455142.876646
2455142.897079
2455142.917511
2455142.937945
2455142.958378
2455142.978810
2455142.999243
2455143.019676
2455143.040109
2455143.060542
2455143.080975
2455143.101408
2455143.121841
2455143.142274
2455143.162707
2455143.183140
2455143.203573
2455143.224006
2455143.244439
2455143.264872
2455143.285305
2455143.305738
2455143.326171
2455143.346604
2455143.367037
2455143.387470
2455143.407903
2455143.428336
2455143.448769
2455143.469202
2455143.489635
2455143.510068
2455143.530501
2455143.550934
2455143.571366
2455143.591799
2455143.612232
2455143.632665
2455143.653098
2455143.673531
2455143.693964
2455143.714397
2455143.734830
2455143.755263
2455143.775696
2455143.796129
2455143.816562
2455143.836995
2455143.857428
2455143.877861
2455143.898294
2455143.918727
2455143.939160
2455143.959593
2455143.980026
2455144.000459
2455144.020892
2455144.041325
2455144.061758
2455144.082191
2455144.102624
2455144.123057
2455144.143489
2455144.163923
2455144.184355
2455144.204788
2455144.225221
2455144.245654
2455144.266087
2455144.286520
2455144.306953
2455144.327386
2455144.347819
2455144.368252
2455144.388685
2455144.409118
2455144.429551
2455144.449984
2455144.470417
2455144.490850
2455144.511283
2455144.531716
2455144.552149
2455144.572582
2455144.593015
2455144.613448
2455144.633881
2455144.654314
2455144.674747
2455144.695180
2455144.715613
2455144.736045
2455144.756478
2455144.776912
2455144.797344
2455144.817777
2455144.838210
2455144.858643
2455144.879076
2455144.899509
2455144.919942
2455144.940375
2455144.960808
2455144.981241
2455145.001674
2455145.022107
2455145.042540
2455145.062973
2455145.083406
2455145.103839
2455145.124272
2455145.144705
2455145.165138
2455145.185571
2455145.206004
2455145.226437
2455145.246870
2455145.267303
2455145.287736
2455145.308169
2455145.328602
2455145.349035
2455145.369467
2455145.389900
2455145.410333
2455145.430766
2455145.451199
2455145.471632
2455145.492065
2455145.512498
2455145.532931
2455145.553364
2455145.573797
2455145.594230
2455145.614663
2455145.635096
2455145.655529
2455145.675962
2455145.696395
2455145.716828
2455145.737261
2455145.757694
2455145.778127
2455145.798560
2455145.818993
2455145.839426
2455145.859859
2455145.880292
2455145.900725
2455145.921158
2455145.941590
2455145.962023
2455145.982456
2455146.002889
2455146.023322
2455146.043755
2455146.064188
2455146.084621
2455146.105054
2455146.125487
2455146.145920
2455146.166353
2455146.186786
2455146.207219
2455146.227652
2455146.248085
2455146.268518
2455146.288951
2455146.309384
2455146.329817
2455146.350250
2455146.370683
2455146.391116
2455146.411549
2455146.431982
2455146.452415
2455146.472848
2455146.493281
2455146.513713
2455146.534147
2455146.554580
2455146.575012
2455146.595445
2455146.615878
2455146.636311
2455146.656744
2455146.677177
2455146.697610
2455146.718043
2455146.738476
2455146.758909
2455146.779342
2455146.799775
2455146.820208
2455146.840641
2455146.861074
2455146.881507
2455146.901940
2455146.922373
2455146.942806
2455146.963239
2455146.983672
2455147.004105
2455147.024538
2455147.044971
2455147.065404
2455147.085837
2455147.106270
2455147.126703
2455147.147136
2455147.167568
2455147.188001
2455147.208434
2455147.228867
2455147.249300
2455147.269733
2455147.290166
2455147.310599
2455147.331032
2455147.351465
2455147.371898
2455147.392331
2455147.412764
2455147.433197
2455147.453630
2455147.474063
2455147.494496
2455147.514929
2455147.535362
2455147.555795
2455147.576228
2455147.596661
2455147.617094
2455147.637527
2455147.657960
2455147.678393
2455147.698826
2455147.719259
2455147.739692
2455147.760124
2455147.780557
2455147.800990
2455147.821423
2455147.841856
2455147.862289
2455147.882722
2455147.903155
2455147.923588
2455147.944021
2455147.964454
2455147.984887
2455148.005320
2455148.025753
2455148.046186
2455148.066619
2455148.087052
2455148.107485
2455148.127918
2455148.148351
2455148.168784
2455148.189217
2455148.209650
2455148.230083
2455148.250516
2455148.270949
2455148.291382
2455148.311815
2455148.332248
2455148.352680
2455148.373114
2455148.393547
2455148.413979
2455148.434412
2455148.454845
2455148.475278
2455148.495711
2455148.516144
2455148.536577
2455148.557010
2455148.577443
2455148.597876
2455148.618309
2455148.638742
2455148.659175
2455148.679608
2455148.700041
2455148.720474
2455148.740907
2455148.761340
2455148.781773
2455148.802206
2455148.822639
2455148.843072
2455148.863505
2455148.883938
2455148.904371
2455148.924804
2455148.945237
2455148.965669
2455148.986103
2455149.006535
2455149.026968
2455149.047401
2455149.067834
2455149.088267
2455149.108700
2455149.129133
2455149.149566
2455149.169999
2455149.190432
2455149.210865
2455149.231298
2455149.251731
2455149.272164
2455149.292597
2455149.313030
2455149.333463
2455149.353896
2455149.374329
2455149.394762
2455149.415195
2455149.435628
2455149.456061
2455149.476494
2455149.496927
2455149.517360
2455149.537793
2455149.558226
2455149.578659
2455149.599092
2455149.619524
2455149.639957
2455149.660390
2455149.680823
2455149.701256
2455149.721689
2455149.742122
2455149.762555
2455149.782988
2455149.803421
2455149.823854
2455149.844287
2455149.864720
2455149.885153
2455149.905586
2455149.926019
2455149.946452
2455149.966885
2455149.987318
2455150.007751
2455150.028184
2455150.048617
2455150.069050
2455150.089483
2455150.109916
2455150.130349
2455150.150782
2455150.171215
2455150.191648
2455150.212081
2455150.232513
2455150.252946
2455150.273380
2455150.293813
2455150.314245
2455150.334678
2455150.355111
2455150.375544
2455150.395977
2455150.416410
2455150.436843
2455150.457276
2455150.477709
2455150.498142
2455150.518575
2455150.539008
2455150.559441
2455150.579874
2455150.600307
2455150.620740
2455150.641173
2455150.661606
2455150.682039
2455150.702472
2455150.722905
2455150.743338
2455150.763771
2455150.784204
2455150.804637
2455150.825070
2455150.845503
2455150.865935
2455150.886369
2455150.906802
2455150.927234
2455150.947667
2455150.968100
2455150.988533
2455151.008966
2455151.029399
2455151.049832
2455151.070265
2455151.090698
2455151.111131
2455151.131564
2455151.151997
2455151.172430
2455151.192863
2455151.213296
2455151.233729
2455151.254162
2455151.274595
2455151.295028
2455151.315461
2455151.335894
2455151.356327
2455151.376760
2455151.397193
2455151.417626
2455151.438059
2455151.458492
2455151.478925
2455151.499358
2455151.519791
2455151.540224
2455151.560657
2455151.581090
2455151.601522
2455151.621955
2455151.642388
2455151.662821
2455151.683254
2455151.703687
2455151.724120
2455151.744553
2455151.764986
2455151.785419
2455151.805852
2455151.826285
2455151.846718
2455151.867151
2455151.887584
2455151.908017
2455151.928450
2455151.948883
2455151.969316
2455151.989749
2455152.010182
2455152.030615
2455152.051048
2455152.071481
2455152.091914
2455152.112347
2455152.132780
2455152.153213
2455152.173646
2455152.194079
2455152.214512
2455152.234945
2455152.255378
2455152.275810
2455152.296244
2455152.316676
2455152.337109
2455152.357542
2455152.377975
2455152.398408
2455152.418841
2455152.439274
2455152.459707
2455152.480140
2455152.500573
2455152.521006
2455152.541439
2455152.561872
2455152.582305
2455152.602738
2455152.623171
2455152.643604
2455152.664037
2455152.684470
2455152.704903
2455152.725336
2455152.745769
2455152.766202
2455152.786635
2455152.807068
2455152.827501
2455152.847934
2455152.868367
2455152.888800
2455152.909233
2455152.929666
2455152.950099
2455152.970532
2455152.990965
2455153.011397
2455153.031830
2455153.052263
2455153.072696
2455153.093129
2455153.113562
2455153.133995
2455153.154428
2455153.174861
2455153.195294
2455153.215727
2455153.236160
2455153.256593
2455153.277026
2455153.297459
2455153.317892
2455153.338325
2455153.358758
2455153.379191
2455153.399624
2455153.420057
2455153.440490
2455153.460923
2455153.481356
2455153.501789
2455153.522222
2455153.542655
2455153.563088
2455153.583521
2455153.603954
2455153.624387
2455153.644820
2455153.665253
2455153.685685
2455153.706118
2455153.726552
2455153.746984
2455153.767417
2455153.787850
2455153.808283
2455153.828716
2455153.849149
2455153.869582
2455153.890015
2455153.910448
2455153.930881
2455153.951314
2455153.971747
2455153.992180
2455154.012613
2455154.033046
2455154.053479
2455154.073912
2455154.094345
2455154.114778
2455154.135211
2455154.155644
2455154.176077
2455154.196510
2455154.216943
2455154.237376
2455154.257809
2455154.278242
2455154.298675
2455154.319108
2455154.339541
2455154.359974
2455154.380407
2455154.400840
2455154.421273
2455154.441706
           NaN
           NaN
           NaN
           NaN
           NaN
           NaN
           NaN
           NaN
           NaN
           NaN
           NaN
           NaN
           NaN
           NaN
           NaN
           NaN
           NaN
           NaN
           NaN
           NaN
           NaN
           NaN
           NaN
           NaN
           NaN
           NaN
           NaN
           NaN
           NaN
           NaN
           NaN
           NaN
           NaN
           NaN
           NaN
           NaN
           NaN
           NaN
           NaN
           NaN
           NaN
           NaN
           NaN
           NaN
           NaN
           NaN
           NaN
           NaN
           NaN
           NaN
           NaN
           NaN
           NaN
           NaN
           NaN
           NaN
           NaN
           NaN
           NaN
           NaN
           NaN
           NaN
           NaN
           NaN
           NaN
           NaN
           NaN
           NaN
           NaN
           NaN
           NaN
           NaN
           NaN
           NaN
           NaN
           NaN
           NaN
           NaN
           NaN
           NaN
           NaN
           NaN
           NaN
           NaN
           NaN
           NaN
           NaN
           NaN
2455156.260232
           NaN
           NaN
           NaN
           NaN
           NaN
           NaN
           NaN
           NaN
           NaN
           NaN
           NaN
           NaN
2455156.525872
2455156.546305
2455156.566738
2455156.587171
2455156.607604
2455156.628037
2455156.648470
2455156.668903
2455156.689336
2455156.709769
2455156.730202
2455156.750635
2455156.771068
2455156.791501
2455156.811934
2455156.832367
2455156.852800
2455156.873233
2455156.893666
2455156.914099
2455156.934532
2455156.954965
2455156.975398
2455156.995831
2455157.016264
2455157.036696
2455157.057129
2455157.077563
2455157.097995
2455157.118428
2455157.138861
2455157.159294
2455157.179727
2455157.200160
2455157.220593
2455157.241026
2455157.261459
2455157.281892
2455157.302325
2455157.322758
2455157.343191
2455157.363624
2455157.384057
2455157.404490
2455157.424923
2455157.445356
2455157.465789
2455157.486222
2455157.506655
2455157.527088
2455157.547521
2455157.567954
2455157.588387
2455157.608820
2455157.629253
2455157.649686
2455157.670119
2455157.690552
2455157.710985
2455157.731418
2455157.751851
2455157.772284
2455157.792717
2455157.813150
2455157.833583
2455157.854016
2455157.874449
2455157.894882
2455157.915315
2455157.935748
2455157.956181
2455157.976614
2455157.997047
2455158.017480
2455158.037913
2455158.058346
2455158.078779
2455158.099212
2455158.119644
2455158.140078
2455158.160511
2455158.180943
2455158.201377
2455158.221810
2455158.242242
2455158.262675
2455158.283108
2455158.303541
2455158.323974
2455158.344407
2455158.364840
2455158.385273
2455158.405706
2455158.426139
2455158.446572
2455158.467005
2455158.487438
2455158.507871
2455158.528304
2455158.548737
2455158.569170
2455158.589603
2455158.610036
2455158.630469
2455158.650902
2455158.671335
2455158.691768
2455158.712201
2455158.732634
2455158.753067
2455158.773500
2455158.793933
2455158.814366
2455158.834799
2455158.855232
2455158.875665
2455158.896098
2455158.916531
2455158.936964
2455158.957397
2455158.977830
2455158.998263
2455159.018696
2455159.039129
2455159.059562
2455159.079995
2455159.100428
2455159.120861
2455159.141294
2455159.161727
2455159.182160
2455159.202593
2455159.223026
2455159.243459
2455159.263892
2455159.284325
2455159.304758
2455159.325191
2455159.345624
2455159.366057
2455159.386490
2455159.406923
2455159.427356
2455159.447789
2455159.468221
2455159.488654
2455159.509087
2455159.529520
2455159.549954
2455159.570386
2455159.590819
2455159.611252
2455159.631685
2455159.652118
2455159.672551
2455159.692984
2455159.713417
2455159.733850
2455159.754283
2455159.774716
2455159.795149
2455159.815582
2455159.836015
2455159.856448
2455159.876881
2455159.897314
2455159.917747
2455159.938180
2455159.958613
2455159.979046
2455159.999479
2455160.019912
2455160.040345
2455160.060778
2455160.081211
2455160.101644
2455160.122077
2455160.142510
2455160.162943
2455160.183376
2455160.203809
2455160.224242
2455160.244675
2455160.265108
2455160.285541
2455160.305974
2455160.326407
2455160.346840
2455160.367273
2455160.387706
2455160.408139
2455160.428572
2455160.449005
2455160.469438
2455160.489871
2455160.510304
2455160.530737
2455160.551170
2455160.571603
2455160.592036
2455160.612469
2455160.632902
2455160.653335
2455160.673768
2455160.694201
2455160.714634
2455160.735067
2455160.755500
2455160.775933
2455160.796366
2455160.816799
2455160.837232
2455160.857665
2455160.878098
2455160.898531
2455160.918964
2455160.939397
2455160.959830
2455160.980263
2455161.000696
2455161.021129
2455161.041562
2455161.061995
2455161.082428
2455161.102861
2455161.123294
2455161.143727
2455161.164160
2455161.184593
2455161.205026
2455161.225459
2455161.245892
2455161.266325
2455161.286757
2455161.307191
2455161.327624
2455161.348056
2455161.368489
2455161.388923
2455161.409355
2455161.429788
2455161.450221
2455161.470654
2455161.491087
2455161.511520
2455161.531953
2455161.552386
2455161.572819
2455161.593252
2455161.613685
2455161.634118
2455161.654551
2455161.674984
2455161.695417
2455161.715850
2455161.736283
2455161.756716
2455161.777149
2455161.797582
2455161.818015
2455161.838448
2455161.858881
2455161.879314
2455161.899747
2455161.920180
2455161.940613
2455161.961046
2455161.981479
2455162.001912
2455162.022345
2455162.042778
2455162.063211
2455162.083644
2455162.104077
2455162.124510
2455162.144943
2455162.165376
2455162.185809
2455162.206242
2455162.226675
2455162.247108
2455162.267541
2455162.287974
2455162.308407
2455162.328840
2455162.349273
2455162.369706
2455162.390139
2455162.410572
2455162.431005
2455162.451438
2455162.471871
2455162.492304
2455162.512737
2455162.533170
2455162.553603
2455162.574036
2455162.594469
2455162.614902
2455162.635335
2455162.655768
2455162.676201
2455162.696634
2455162.717067
2455162.737500
2455162.757933
2455162.778366
2455162.798799
2455162.819232
2455162.839665
2455162.860098
2455162.880531
2455162.900964
2455162.921397
2455162.941830
2455162.962263
2455162.982696
2455163.003129
2455163.023562
2455163.043995
2455163.064428
2455163.084861
2455163.105294
2455163.125727
2455163.146160
2455163.166593
2455163.187026
2455163.207459
2455163.227892
2455163.248325
2455163.268758
2455163.289191
2455163.309624
2455163.330057
2455163.350490
2455163.370923
2455163.391356
2455163.411789
2455163.432222
2455163.452655
2455163.473088
2455163.493521
2455163.513954
2455163.534387
2455163.554820
2455163.575253
2455163.595686
2455163.616119
2455163.636552
2455163.656985
2455163.677418
2455163.697851
2455163.718284
2455163.738717
2455163.759150
2455163.779583
2455163.800016
2455163.820449
2455163.840882
2455163.861315
2455163.881748
2455163.902181
2455163.922614
2455163.943047
2455163.963480
2455163.983913
2455164.004346
2455164.024779
2455164.045212
2455164.065645
2455164.086078
2455164.106511
2455164.126944
2455164.147377
2455164.167810
2455164.188243
2455164.208676
2455164.229109
2455164.249542
2455164.269975
2455164.290408
2455164.310841
2455164.331274
2455164.351707
2455164.372140
2455164.392573
2455164.413006
2455164.433439
2455164.453872
2455164.474305
2455164.494738
2455164.515171
2455164.535604
2455164.556037
2455164.576470
2455164.596903
2455164.617336
2455164.637769
2455164.658202
2455164.678635
2455164.699068
2455164.719501
2455164.739934
2455164.760367
2455164.780800
2455164.801233
2455164.821666
2455164.842099
2455164.862532
2455164.882965
2455164.903398
2455164.923831
2455164.944264
2455164.964697
2455164.985130
2455165.005563
2455165.025996
2455165.046429
2455165.066862
2455165.087295
2455165.107728
2455165.128161
2455165.148594
2455165.169027
2455165.189460
2455165.209893
2455165.230326
2455165.250759
2455165.271192
2455165.291625
2455165.312058
2455165.332491
2455165.352924
2455165.373357
2455165.393790
2455165.414223
2455165.434656
2455165.455089
2455165.475522
2455165.495955
2455165.516388
2455165.536821
2455165.557254
2455165.577687
2455165.598120
2455165.618553
2455165.638986
2455165.659419
2455165.679852
2455165.700285
2455165.720718
2455165.741151
2455165.761584
2455165.782017
2455165.802450
2455165.822883
2455165.843316
2455165.863749
2455165.884182
2455165.904616
2455165.925049
2455165.945481
2455165.965915
2455165.986348
2455166.006780
2455166.027214
2455166.047647
2455166.068080
2455166.088513
2455166.108946
2455166.129379
2455166.149812
2455166.170245
2455166.190678
2455166.211111
2455166.231544
2455166.251977
2455166.272410
2455166.292843
2455166.313276
2455166.333709
2455166.354142
2455166.374575
2455166.395008
2455166.415441
2455166.435874
2455166.456307
2455166.476740
2455166.497173
2455166.517606
2455166.538039
2455166.558472
2455166.578905
2455166.599338
2455166.619771
2455166.640204
2455166.660637
2455166.681070
2455166.701503
2455166.721936
2455166.742369
2455166.762802
2455166.783235
2455166.803668
2455166.824101
2455166.844534
2455166.864967
2455166.885400
2455166.905833
2455166.926266
2455166.946699
2455166.967132
2455166.987565
2455167.007998
2455167.028431
2455167.048864
2455167.069297
2455167.089730
2455167.110163
2455167.130596
2455167.151029
2455167.171462
2455167.191895
2455167.212328
2455167.232761
2455167.253194
2455167.273627
2455167.294060
2455167.314493
2455167.334926
2455167.355359
2455167.375792
2455167.396225
2455167.416658
2455167.437091
2455167.457524
2455167.477957
2455167.498390
2455167.518823
2455167.539256
2455167.559689
2455167.580122
2455167.600555
2455167.620989
2455167.641421
2455167.661855
2455167.682288
2455167.702720
2455167.723154
2455167.743587
2455167.764020
2455167.784453
2455167.804886
2455167.825319
2455167.845752
2455167.866185
2455167.886618
2455167.907051
2455167.927484
2455167.947917
2455167.968350
2455167.988783
2455168.009216
2455168.029649
2455168.050082
2455168.070515
2455168.090948
2455168.111381
2455168.131814
2455168.152247
2455168.172680
2455168.193113
2455168.213546
2455168.233979
2455168.254412
2455168.274845
2455168.295278
2455168.315711
2455168.336144
2455168.356577
2455168.377010
2455168.397443
2455168.417876
2455168.438309
2455168.458742
2455168.479175
2455168.499608
2455168.520041
2455168.540474
2455168.560907
2455168.581340
2455168.601773
2455168.622206
2455168.642639
2455168.663072
2455168.683505
2455168.703938
2455168.724371
2455168.744805
2455168.765238
2455168.785670
2455168.806104
2455168.826537
2455168.846970
2455168.867403
2455168.887836
2455168.908269
2455168.928702
2455168.949135
2455168.969568
2455168.990001
2455169.010434
2455169.030867
2455169.051300
2455169.071733
2455169.092166
2455169.112599
2455169.133032
2455169.153465
2455169.173898
2455169.194331
2455169.214764
2455169.235197
2455169.255630
2455169.276063
2455169.296496
2455169.316929
2455169.337362
2455169.357795
2455169.378228
2455169.398661
2455169.419094
2455169.439527
2455169.459960
2455169.480393
2455169.500826
2455169.521259
2455169.541692
2455169.562125
2455169.582558
2455169.602991
2455169.623425
2455169.643858
2455169.664290
2455169.684724
2455169.705157
2455169.725590
2455169.746023
2455169.766456
2455169.786889
2455169.807322
2455169.827755
2455169.848188
2455169.868621
2455169.889054
2455169.909487
2455169.929920
2455169.950353
2455169.970786
2455169.991219
2455170.011652
2455170.032085
2455170.052518
2455170.072951
2455170.093384
2455170.113817
2455170.134250
2455170.154683
2455170.175116
2455170.195549
2455170.215982
2455170.236415
2455170.256848
2455170.277281
2455170.297714
2455170.318147
2455170.338580
2455170.359013
2455170.379446
2455170.399880
2455170.420313
2455170.440746
2455170.461179
2455170.481612
2455170.502045
2455170.522478
2455170.542911
2455170.563344
2455170.583777
2455170.604210
2455170.624643
2455170.645076
2455170.665509
2455170.685942
2455170.706375
2455170.726808
2455170.747241
2455170.767674
2455170.788107
2455170.808540
2455170.828973
2455170.849406
2455170.869839
2455170.890272
2455170.910705
2455170.931138
2455170.951571
2455170.972004
2455170.992437
2455171.012870
2455171.033304
2455171.053736
2455171.074169
2455171.094603
2455171.115036
2455171.135469
2455171.155902
2455171.176335
2455171.196768
2455171.217201
2455171.237634
2455171.258067
2455171.278500
2455171.298933
2455171.319366
2455171.339798
2455171.360231
2455171.380665
2455171.401098
2455171.421530
2455171.441964
2455171.462397
2455171.482830
2455171.503263
2455171.523696
2455171.544129
2455171.564562
2455171.584995
2455171.605428
2455171.625861
2455171.646294
2455171.666727
2455171.687160
2455171.707593
2455171.728026
2455171.748459
2455171.768892
2455171.789325
2455171.809758
2455171.830191
2455171.850624
2455171.871057
2455171.891490
2455171.911923
2455171.932356
2455171.952789
2455171.973222
2455171.993656
2455172.014089
2455172.034522
2455172.054955
2455172.075388
2455172.095821
2455172.116254
2455172.136687
2455172.157120
2455172.177553
2455172.197986
2455172.218419
2455172.238852
2455172.259285
2455172.279718
2455172.300151
2455172.320584
2455172.341017
2455172.361450
2455172.381883
2455172.402316
2455172.422749
2455172.443182
2455172.463615
2455172.484048
2455172.504481
2455172.524914
2455172.545348
2455172.565781
2455172.586214
2455172.606647
2455172.627080
2455172.647513
2455172.667946
2455172.688379
2455172.708812
2455172.729245
2455172.749678
2455172.770111
2455172.790544
2455172.810977
2455172.831410
2455172.851843
2455172.872276
2455172.892709
2455172.913142
2455172.933575
2455172.954008
2455172.974441
2455172.994874
2455173.015308
2455173.035740
2455173.056174
2455173.076607
2455173.097040
2455173.117473
2455173.137906
2455173.158339
2455173.178772
2455173.199205
2455173.219638
2455173.240071
2455173.260504
2455173.280937
2455173.301370
2455173.321803
2455173.342236
2455173.362669
2455173.383102
2455173.403535
2455173.423968
2455173.444401
2455173.464835
2455173.485267
2455173.505701
2455173.526134
2455173.546567
2455173.567000
2455173.587433
2455173.607866
2455173.628299
2455173.648732
2455173.669165
2455173.689598
2455173.710031
2455173.730464
2455173.750897
2455173.771330
2455173.791763
2455173.812196
2455173.832629
2455173.853062
2455173.873495
2455173.893928
2455173.914361
2455173.934795
2455173.955228
2455173.975661
2455173.996094
2455174.016527
2455174.036960
2455174.057393
2455174.077826
2455174.098259
2455174.118692
2455174.139125
2455174.159558
2455174.179991
2455174.200424
2455174.220857
2455174.241290
2455174.261723
2455174.282156
2455174.302589
2455174.323022
2455174.343456
2455174.363888
2455174.384322
2455174.404755
2455174.425188
2455174.445621
2455174.466054
2455174.486487
2455174.506920
2455174.527353
2455174.547786
2455174.568219
2455174.588652
2455174.609085
2455174.629518
2455174.649951
2455174.670384
2455174.690817
2455174.711250
2455174.731683
2455174.752116
2455174.772550
2455174.792983
2455174.813416
2455174.833849
2455174.854282
2455174.874715
2455174.895148
2455174.915581
2455174.936014
2455174.956447
2455174.976880
2455174.997313
2455175.017746
2455175.038179
2455175.058612
2455175.079045
2455175.099478
2455175.119911
2455175.140344
2455175.160778
2455175.181211
2455175.201644
2455175.222077
2455175.242510
2455175.262943
2455175.283376
2455175.303809
2455175.324242
2455175.344675
2455175.365108
2455175.385541
2455175.405974
2455175.426407
2455175.446840
2455175.467273
2455175.487706
2455175.508139
2455175.528573
2455175.549006
2455175.569439
2455175.589872
2455175.610305
2455175.630738
2455175.651171
2455175.671604
2455175.692037
2455175.712470
2455175.732903
2455175.753336
2455175.773769
2455175.794202
2455175.814635
2455175.835068
2455175.855501
2455175.875934
2455175.896368
2455175.916801
2455175.937234
2455175.957667
2455175.978100
2455175.998533
2455176.018966
2455176.039399
2455176.059832
2455176.080265
2455176.100698
2455176.121131
2455176.141564
2455176.161997
2455176.182430
2455176.202863
2455176.223297
2455176.243730
2455176.264163
2455176.284596
2455176.305029
2455176.325462
2455176.345895
2455176.366328
2455176.386761
2455176.407194
2455176.427627
2455176.448060
2455176.468493
2455176.488926
2455176.509359
2455176.529792
2455176.550225
2455176.570659
2455176.591092
2455176.611525
2455176.631958
2455176.652391
2455176.672824
2455176.693257
2455176.713690
2455176.734123
2455176.754556
2455176.774989
2455176.795422
2455176.815855
2455176.836288
2455176.856721
2455176.877154
2455176.897588
2455176.918021
2455176.938454
2455176.958887
2455176.979320
2455176.999753
2455177.020186
2455177.040619
2455177.061052
2455177.081485
2455177.101918
2455177.122351
2455177.142784
2455177.163217
2455177.183650
2455177.204084
2455177.224517
2455177.244950
2455177.265383
2455177.285816
2455177.306249
2455177.326682
2455177.347115
2455177.367548
2455177.387981
2455177.408414
2455177.428847
2455177.449280
2455177.469713
2455177.490146
2455177.510580
2455177.531013
2455177.551446
2455177.571879
2455177.592312
2455177.612745
2455177.633178
2455177.653611
2455177.674044
2455177.694477
2455177.714910
2455177.735343
2455177.755776
2455177.776209
2455177.796643
2455177.817076
2455177.837509
2455177.857942
2455177.878375
2455177.898808
2455177.919241
2455177.939674
2455177.960107
2455177.980540
2455178.000973
2455178.021406
2455178.041839
2455178.062272
2455178.082705
2455178.103139
2455178.123572
2455178.144005
2455178.164438
2455178.184871
2455178.205304
2455178.225737
2455178.246170
2455178.266603
2455178.287036
2455178.307469
2455178.327902
2455178.348335
2455178.368769
2455178.389202
2455178.409635
2455178.430068
2455178.450501
2455178.470934
2455178.491367
2455178.511800
2455178.532233
2455178.552666
2455178.573099
2455178.593532
2455178.613965
2455178.634398
2455178.654832
2455178.675265
2455178.695698
2455178.716131
2455178.736564
2455178.756997
2455178.777430
2455178.797863
2455178.818296
2455178.838729
2455178.859162
2455178.879595
2455178.900028
2455178.920462
2455178.940895
2455178.961328
2455178.981761
2455179.002194
2455179.022627
2455179.043060
2455179.063493
2455179.083926
2455179.104359
2455179.124792
2455179.145225
2455179.165658
2455179.186092
2455179.206525
2455179.226958
2455179.247391
2455179.267824
2455179.288257
2455179.308690
2455179.329123
2455179.349556
2455179.369989
2455179.390422
2455179.410855
2455179.431289
2455179.451722
2455179.472155
2455179.492588
2455179.513021
2455179.533454
2455179.553887
2455179.574320
2455179.594753
2455179.615186
2455179.635619
2455179.656052
2455179.676486
2455179.696919
2455179.717352
2455179.737785
2455179.758218
2455179.778651
2455179.799084
2455179.819517
2455179.839950
2455179.860383
2455179.880816
2455179.901249
2455179.921683
2455179.942116
2455179.962549
2455179.982982
2455180.003415
2455180.023848
2455180.044281
2455180.064714
2455180.085147
2455180.105580
2455180.126013
2455180.146447
2455180.166880
2455180.187313
2455180.207746
2455180.228179
2455180.248612
2455180.269045
2455180.289478
2455180.309911
2455180.330344
2455180.350777
2455180.371210
2455180.391643
2455180.412077
2455180.432510
2455180.452943
2455180.473376
2455180.493809
2455180.514242
2455180.534675
2455180.555108
2455180.575541
2455180.595974
2455180.616407
2455180.636840
2455180.657274
2455180.677707
2455180.698140
2455180.718573
2455180.739006
2455180.759439
2455180.779872
2455180.800305
2455180.820738
2455180.841171
2455180.861605
2455180.882038
2455180.902471
2455180.922904
2455180.943337
2455180.963770
2455180.984203
2455181.004636
2455181.025069
2455181.045502
2455181.065935
2455181.086368
2455181.106802
2455181.127235
2455181.147668
2455181.168101
2455181.188534
2455181.208967
2455181.229400
2455181.249833
2455181.270266
2455181.290699
2455181.311133
2455181.331566
2455181.351999
2455181.372432
2455181.392865
2455181.413298
2455181.433731
2455181.454164
2455181.474597
2455181.495030
2455181.515463
2455181.535897
2455181.556330
2455181.576763
2455181.597196
2455181.617629
2455181.638062
2455181.658495
2455181.678928
2455181.699361
2455181.719794
2455181.740228
2455181.760661
2455181.781094
2455181.801527
2455181.821960
2455181.842393
2455181.862826
2455181.883259
2455181.903692
2455181.924125
2455181.944559
2455181.964992
2455181.985425
2455182.005858
2455182.026291
2455182.046724
2455182.067157
2455182.087590
2455182.108023
2455182.128456
2455182.148889
2455182.169323
2455182.189756
2455182.210189
2455182.230622
2455182.251055
2455182.271488
2455182.291921
2455182.312354
2455182.332787
2455182.353220
2455182.373654
2455182.394087
2455182.414520
2455182.434953
2455182.455386
2455182.475819
2455182.496252
