2455463.174659
2455463.195093
2455463.215526
2455463.235959
2455463.256392
2455463.276826
2455463.297259
2455463.317692
2455463.338125
2455463.358559
2455463.378992
2455463.399425
2455463.419858
2455463.440291
2455463.460725
2455463.481158
2455463.501591
2455463.522024
2455463.542457
2455463.562891
2455463.583324
2455463.603757
2455463.624190
2455463.644623
2455463.665057
2455463.685490
2455463.705923
2455463.726356
2455463.746789
2455463.767223
2455463.787656
2455463.808089
2455463.828522
2455463.848956
2455463.869389
2455463.889822
2455463.910255
2455463.930688
2455463.951122
2455463.971555
2455463.991988
2455464.012421
2455464.032854
2455464.053288
2455464.073721
2455464.094154
2455464.114587
2455464.135021
2455464.155454
2455464.175887
2455464.196320
2455464.216753
2455464.237187
2455464.257620
2455464.278053
2455464.298486
2455464.318919
2455464.339353
2455464.359786
2455464.380219
2455464.400652
2455464.421085
2455464.441519
2455464.461952
2455464.482385
2455464.502818
2455464.523252
2455464.543685
2455464.564118
2455464.584551
2455464.604984
2455464.625418
2455464.645851
2455464.666284
2455464.686717
2455464.707150
2455464.727583
2455464.748017
2455464.768450
2455464.788883
2455464.809316
2455464.829750
2455464.850183
2455464.870616
2455464.891049
2455464.911482
2455464.931916
2455464.952349
2455464.972782
2455464.993215
2455465.013648
2455465.034082
2455465.054515
2455465.074948
2455465.095381
2455465.115814
2455465.136248
2455465.156681
2455465.177114
2455465.197547
2455465.217980
2455465.238413
2455465.258847
2455465.279280
2455465.299713
2455465.320146
2455465.340580
2455465.361013
2455465.381446
2455465.401879
2455465.422312
2455465.442746
2455465.463179
2455465.483612
2455465.504045
2455465.524478
2455465.544912
2455465.565345
2455465.585778
2455465.606211
2455465.626644
2455465.647077
2455465.667511
2455465.687944
2455465.708377
2455465.728810
2455465.749243
2455465.769677
2455465.790110
2455465.810543
2455465.830976
2455465.851409
2455465.871843
2455465.892276
2455465.912709
2455465.933142
2455465.953575
2455465.974009
2455465.994442
2455466.014875
2455466.035308
2455466.055741
2455466.076175
2455466.096608
2455466.117041
2455466.137474
2455466.157907
2455466.178341
2455466.198774
2455466.219207
2455466.239640
2455466.260073
2455466.280507
2455466.300940
2455466.321373
2455466.341806
2455466.362239
2455466.382673
2455466.403106
2455466.423539
2455466.443972
2455466.464405
2455466.484838
2455466.505272
2455466.525705
2455466.546138
2455466.566571
2455466.587004
2455466.607438
2455466.627871
2455466.648304
2455466.668737
2455466.689170
2455466.709604
2455466.730037
2455466.750470
2455466.770903
2455466.791336
2455466.811769
2455466.832203
2455466.852636
2455466.873069
2455466.893502
2455466.913935
2455466.934369
2455466.954802
2455466.975235
2455466.995668
2455467.016101
2455467.036535
2455467.056968
2455467.077401
2455467.097834
2455467.118267
2455467.138701
2455467.159134
2455467.179567
2455467.200000
2455467.220433
2455467.240866
2455467.261300
2455467.281733
2455467.302166
2455467.322599
2455467.343032
2455467.363465
2455467.383899
2455467.404332
2455467.424765
2455467.445198
2455467.465631
2455467.486065
2455467.506498
2455467.526931
2455467.547364
2455467.567797
2455467.588230
2455467.608664
2455467.629097
2455467.649530
2455467.669963
2455467.690396
2455467.710830
2455467.731263
2455467.751696
2455467.772129
2455467.792562
2455467.812995
2455467.833429
2455467.853862
2455467.874295
2455467.894728
2455467.915161
2455467.935595
2455467.956028
2455467.976461
2455467.996894
2455468.017327
2455468.037760
2455468.058194
2455468.078627
2455468.099060
2455468.119493
2455468.139926
2455468.160359
2455468.180793
2455468.201226
2455468.221659
2455468.242092
2455468.262525
2455468.282959
2455468.303392
2455468.323825
2455468.344258
2455468.364691
2455468.385124
2455468.405558
2455468.425991
2455468.446424
2455468.466857
2455468.487290
2455468.507723
2455468.528157
2455468.548590
2455468.569023
2455468.589456
2455468.609889
2455468.630323
2455468.650756
2455468.671189
2455468.691622
2455468.712055
2455468.732488
2455468.752922
2455468.773355
2455468.793788
2455468.814221
2455468.834654
2455468.855087
2455468.875521
2455468.895954
2455468.916387
2455468.936820
2455468.957253
2455468.977686
2455468.998120
2455469.018553
2455469.038986
2455469.059419
2455469.079852
2455469.100286
2455469.120719
2455469.141152
2455469.161585
2455469.182018
2455469.202451
2455469.222885
2455469.243318
2455469.263751
2455469.284184
2455469.304617
2455469.325050
2455469.345484
2455469.365917
2455469.386350
2455469.406783
2455469.427216
2455469.447649
2455469.468083
2455469.488516
2455469.508949
2455469.529382
2455469.549815
2455469.570248
2455469.590682
2455469.611115
2455469.631548
2455469.651981
2455469.672414
2455469.692847
2455469.713281
2455469.733714
2455469.754147
2455469.774580
2455469.795013
2455469.815446
2455469.835880
2455469.856313
2455469.876746
2455469.897179
2455469.917612
2455469.938045
2455469.958478
2455469.978912
2455469.999345
2455470.019778
2455470.040211
2455470.060644
2455470.081078
2455470.101511
2455470.121944
2455470.142377
2455470.162810
2455470.183243
2455470.203677
2455470.224110
2455470.244543
2455470.264976
2455470.285409
2455470.305842
2455470.326275
2455470.346709
2455470.367142
2455470.387575
2455470.408008
2455470.428441
2455470.448874
2455470.469308
2455470.489741
2455470.510174
2455470.530607
2455470.551040
2455470.571473
2455470.591906
2455470.612340
2455470.632773
2455470.653206
2455470.673639
2455470.694072
2455470.714505
2455470.734939
2455470.755372
2455470.775805
2455470.796238
2455470.816671
2455470.837104
2455470.857538
2455470.877971
2455470.898404
2455470.918837
2455470.939270
2455470.959703
2455470.980136
2455471.000570
2455471.021003
2455471.041436
2455471.061869
2455471.082302
2455471.102735
2455471.123169
2455471.143602
2455471.164035
2455471.184468
2455471.204901
2455471.225334
2455471.245767
2455471.266201
2455471.286634
2455471.307067
2455471.327500
2455471.347933
2455471.368366
2455471.388800
2455471.409233
2455471.429666
2455471.450099
2455471.470532
2455471.490965
2455471.511398
2455471.531832
2455471.552265
2455471.572698
2455471.593131
2455471.613564
2455471.633997
2455471.654431
2455471.674864
2455471.695297
2455471.715730
2455471.736163
2455471.756596
2455471.777029
2455471.797463
2455471.817896
2455471.838329
2455471.858762
2455471.879195
2455471.899628
2455471.920062
2455471.940495
2455471.960928
2455471.981361
2455472.001794
2455472.022227
2455472.042660
2455472.063094
2455472.083527
2455472.103960
2455472.124393
2455472.144826
2455472.165259
2455472.185692
2455472.206126
2455472.226559
2455472.246992
2455472.267425
2455472.287858
2455472.308291
2455472.328724
2455472.349158
2455472.369591
2455472.390024
2455472.410457
2455472.430890
2455472.451323
2455472.471756
2455472.492190
2455472.512623
2455472.533056
2455472.553489
2455472.573922
2455472.594355
2455472.614788
2455472.635222
2455472.655655
2455472.676088
2455472.696521
2455472.716954
2455472.737387
2455472.757821
2455472.778254
2455472.798687
2455472.819120
2455472.839553
2455472.859986
2455472.880419
2455472.900852
2455472.921286
2455472.941719
2455472.962152
2455472.982585
2455473.003018
2455473.023451
2455473.043884
2455473.064318
2455473.084751
2455473.105184
2455473.125617
2455473.146050
2455473.166483
2455473.186916
2455473.207350
2455473.227783
2455473.248216
2455473.268649
2455473.289082
2455473.309515
2455473.329948
2455473.350382
2455473.370815
2455473.391248
2455473.411681
2455473.432114
2455473.452547
2455473.472980
2455473.493414
2455473.513847
2455473.534280
2455473.554713
2455473.575146
2455473.595579
2455473.616012
2455473.636445
2455473.656879
2455473.677312
2455473.697745
2455473.718178
2455473.738611
2455473.759044
2455473.779477
2455473.799911
2455473.820344
2455473.840777
2455473.861210
2455473.881643
2455473.902076
2455473.922509
2455473.942942
2455473.963376
2455473.983809
2455474.004242
2455474.024675
2455474.045108
2455474.065541
2455474.085974
2455474.106408
2455474.126841
2455474.147274
2455474.167707
2455474.188140
2455474.208573
2455474.229006
2455474.249440
2455474.269873
2455474.290306
2455474.310739
2455474.331172
2455474.351605
2455474.372038
2455474.392471
2455474.412905
2455474.433338
2455474.453771
2455474.474204
2455474.494637
2455474.515070
2455474.535503
2455474.555936
2455474.576370
2455474.596803
2455474.617236
2455474.637669
2455474.658102
2455474.678535
2455474.698968
2455474.719402
2455474.739835
2455474.760268
2455474.780701
2455474.801134
2455474.821567
2455474.842000
2455474.862433
2455474.882867
2455474.903300
2455474.923733
2455474.944166
2455474.964599
2455474.985032
2455475.005465
2455475.025898
2455475.046332
2455475.066765
2455475.087198
2455475.107631
2455475.128064
2455475.148497
2455475.168930
2455475.189363
2455475.209797
2455475.230230
2455475.250663
2455475.271096
2455475.291529
2455475.311962
2455475.332395
2455475.352829
2455475.373262
2455475.393695
2455475.414128
2455475.434561
2455475.454994
2455475.475427
2455475.495860
2455475.516293
2455475.536727
2455475.557160
2455475.577593
2455475.598026
2455475.618459
2455475.638892
2455475.659325
2455475.679758
2455475.700192
2455475.720625
2455475.741058
2455475.761491
2455475.781924
2455475.802357
2455475.822790
2455475.843223
2455475.863657
2455475.884090
2455475.904523
2455475.924956
2455475.945389
2455475.965822
2455475.986255
2455476.006688
2455476.027122
2455476.047555
2455476.067988
2455476.088421
2455476.108854
2455476.129287
2455476.149720
2455476.170153
2455476.190587
2455476.211020
2455476.231453
2455476.251886
2455476.272319
2455476.292752
2455476.313185
2455476.333618
2455476.354051
2455476.374485
2455476.394918
2455476.415351
2455476.435784
2455476.456217
2455476.476650
2455476.497083
2455476.517516
2455476.537949
2455476.558383
2455476.578816
2455476.599249
2455476.619682
2455476.640115
2455476.660548
2455476.680981
2455476.701414
2455476.721848
2455476.742281
2455476.762714
2455476.783147
2455476.803580
2455476.824013
2455476.844446
2455476.864879
2455476.885312
2455476.905745
2455476.926179
2455476.946612
2455476.967045
2455476.987478
2455477.007911
2455477.028344
2455477.048777
2455477.069210
2455477.089644
2455477.110077
2455477.130510
2455477.150943
2455477.171376
2455477.191809
2455477.212242
2455477.232675
2455477.253108
2455477.273542
2455477.293975
2455477.314408
2455477.334841
2455477.355274
2455477.375707
2455477.396140
2455477.416573
2455477.437006
2455477.457440
2455477.477873
2455477.498306
2455477.518739
2455477.539172
2455477.559605
2455477.580038
2455477.600471
2455477.620904
2455477.641338
2455477.661771
2455477.682204
2455477.702637
2455477.723070
2455477.743503
2455477.763936
2455477.784369
2455477.804802
2455477.825235
2455477.845669
2455477.866102
2455477.886535
2455477.906968
2455477.927401
2455477.947834
2455477.968267
2455477.988700
2455478.009133
2455478.029567
2455478.050000
2455478.070433
2455478.090866
2455478.111299
2455478.131732
2455478.152165
2455478.172598
2455478.193031
2455478.213465
2455478.233898
2455478.254331
2455478.274764
2455478.295197
2455478.315630
2455478.336063
2455478.356496
2455478.376929
2455478.397362
2455478.417796
2455478.438229
2455478.458662
2455478.479095
2455478.499528
2455478.519961
2455478.540394
2455478.560827
2455478.581260
2455478.601694
2455478.622127
2455478.642560
2455478.662993
2455478.683426
2455478.703859
2455478.724292
2455478.744725
2455478.765158
2455478.785591
2455478.806025
2455478.826458
2455478.846891
2455478.867324
2455478.887757
2455478.908190
2455478.928623
2455478.949056
2455478.969489
2455478.989922
2455479.010356
2455479.030789
2455479.051222
2455479.071655
2455479.092088
2455479.112521
2455479.132954
2455479.153387
2455479.173820
2455479.194253
2455479.214687
2455479.235120
2455479.255553
2455479.275986
2455479.296419
2455479.316852
2455479.337285
2455479.357718
2455479.378151
2455479.398585
2455479.419018
2455479.439451
2455479.459884
2455479.480317
2455479.500750
2455479.521183
2455479.541616
2455479.562049
2455479.582482
2455479.602915
2455479.623349
2455479.643782
2455479.664215
2455479.684648
2455479.705081
2455479.725514
2455479.745947
2455479.766380
2455479.786813
2455479.807246
2455479.827679
2455479.848113
2455479.868546
2455479.888979
2455479.909412
2455479.929845
2455479.950278
2455479.970711
2455479.991144
2455480.011577
2455480.032010
2455480.052444
2455480.072877
2455480.093310
2455480.113743
2455480.134176
2455480.154609
2455480.175042
2455480.195475
2455480.215908
2455480.236341
2455480.256774
2455480.277208
2455480.297641
2455480.318074
2455480.338507
2455480.358940
2455480.379373
2455480.399806
2455480.420239
2455480.440672
2455480.461105
2455480.481538
2455480.501972
2455480.522405
2455480.542838
2455480.563271
2455480.583704
2455480.604137
2455480.624570
2455480.645003
2455480.665436
2455480.685869
2455480.706302
2455480.726736
2455480.747169
2455480.767602
2455480.788035
2455480.808468
2455480.828901
2455480.849334
2455480.869767
2455480.890200
2455480.910633
2455480.931066
2455480.951500
2455480.971933
2455480.992366
2455481.012799
2455481.033232
2455481.053665
2455481.074098
2455481.094531
2455481.114964
2455481.135397
2455481.155830
2455481.176264
2455481.196697
2455481.217130
2455481.237563
2455481.257996
2455481.278429
2455481.298862
2455481.319295
2455481.339728
2455481.360161
2455481.380594
2455481.401028
2455481.421461
2455481.441894
2455481.462327
2455481.482760
2455481.503193
2455481.523626
2455481.544059
2455481.564492
2455481.584925
2455481.605358
2455481.625791
2455481.646224
2455481.666658
2455481.687091
2455481.707524
2455481.727957
2455481.748390
2455481.768823
2455481.789256
2455481.809689
2455481.830122
2455481.850555
2455481.870988
2455481.891421
2455481.911855
2455481.932288
2455481.952721
2455481.973154
2455481.993587
2455482.014020
2455482.034453
2455482.054886
2455482.075319
2455482.095752
2455482.116185
2455482.136618
2455482.157052
2455482.177485
2455482.197918
2455482.218351
2455482.238784
2455482.259217
2455482.279650
2455482.300083
2455482.320516
2455482.340949
2455482.361382
2455482.381815
2455482.402248
2455482.422682
2455482.443115
2455482.463548
2455482.483981
2455482.504414
2455482.524847
2455482.545280
2455482.565713
2455482.586146
2455482.606579
2455482.627012
2455482.647445
2455482.667879
2455482.688312
2455482.708745
2455482.729178
2455482.749611
2455482.770044
2455482.790477
2455482.810910
2455482.831343
2455482.851776
2455482.872209
2455482.892642
2455482.913075
2455482.933508
2455482.953942
2455482.974375
2455482.994808
2455483.015241
2455483.035674
2455483.056107
2455483.076540
2455483.096973
2455483.117406
2455483.137839
2455483.158272
2455483.178705
2455483.199139
2455483.219572
2455483.240005
2455483.260438
2455483.280871
2455483.301304
2455483.321737
2455483.342170
2455483.362603
2455483.383036
2455483.403469
2455483.423902
2455483.444335
2455483.464769
2455483.485202
2455483.505635
2455483.526068
2455483.546501
2455483.566934
2455483.587367
2455483.607800
2455483.628233
2455483.648666
2455483.669099
2455483.689532
2455483.709965
2455483.730398
2455483.750831
2455483.771265
2455483.791698
2455483.812131
2455483.832564
2455483.852997
2455483.873430
2455483.893863
2455483.914296
2455483.934729
2455483.955162
2455483.975595
2455483.996028
2455484.016461
2455484.036895
2455484.057328
2455484.077761
2455484.098194
2455484.118627
2455484.139060
2455484.159493
2455484.179926
2455484.200359
2455484.220792
2455484.241225
2455484.261658
2455484.282091
2455484.302524
2455484.322957
2455484.343391
2455484.363824
2455484.384257
2455484.404690
2455484.425123
2455484.445556
2455484.465989
2455484.486422
2455484.506855
2455484.527288
2455484.547721
2455484.568154
2455484.588587
2455484.609020
2455484.629453
2455484.649886
2455484.670320
2455484.690753
2455484.711186
2455484.731619
2455484.752052
2455484.772485
2455484.792918
2455484.813351
2455484.833784
2455484.854217
2455484.874650
2455484.895083
2455484.915516
2455484.935949
2455484.956383
2455484.976816
2455484.997249
2455485.017682
2455485.038115
2455485.058548
2455485.078981
2455485.099414
2455485.119847
2455485.140280
2455485.160713
2455485.181146
2455485.201579
2455485.222012
2455485.242445
2455485.262878
2455485.283312
2455485.303745
2455485.324178
2455485.344611
2455485.365044
2455485.385477
2455485.405910
2455485.426343
2455485.446776
2455485.467209
2455485.487642
2455485.508075
2455485.528508
2455485.548941
2455485.569374
2455485.589808
2455485.610240
2455485.630674
2455485.651107
2455485.671540
2455485.691973
2455485.712406
2455485.732839
2455485.753272
2455485.773705
2455485.794138
2455485.814571
2455485.835004
2455485.855437
2455485.875870
2455485.896303
2455485.916736
2455485.937170
2455485.957603
2455485.978036
2455485.998469
2455486.018902
2455486.039335
2455486.059768
2455486.080201
2455486.100634
2455486.121067
2455486.141500
2455486.161933
2455486.182366
2455486.202799
2455486.223232
2455486.243665
2455486.264098
2455486.284532
2455486.304965
2455486.325398
2455486.345831
2455486.366264
2455486.386697
2455486.407130
2455486.427563
2455486.447996
2455486.468429
2455486.488862
2455486.509295
2455486.529728
2455486.550161
2455486.570594
2455486.591027
2455486.611460
2455486.631894
2455486.652326
2455486.672760
2455486.693193
2455486.713626
2455486.734059
2455486.754492
2455486.774925
2455486.795358
2455486.815791
2455486.836224
2455486.856657
2455486.877090
2455486.897523
2455486.917956
2455486.938389
2455486.958822
2455486.979255
2455486.999688
2455487.020122
2455487.040555
2455487.060988
2455487.081421
2455487.101854
2455487.122287
2455487.142720
2455487.163153
2455487.183586
2455487.204019
2455487.224452
2455487.244885
2455487.265318
2455487.285751
2455487.306184
2455487.326617
2455487.347050
2455487.367484
2455487.387916
2455487.408349
2455487.428783
2455487.449216
2455487.469649
2455487.490082
2455487.510515
2455487.530948
2455487.551381
2455487.571814
2455487.592247
2455487.612680
2455487.633113
2455487.653546
2455487.673979
2455487.694412
2455487.714845
2455487.735278
2455487.755711
2455487.776144
2455487.796577
2455487.817010
2455487.837444
2455487.857877
2455487.878310
2455487.898743
2455487.919176
2455487.939609
2455487.960042
2455487.980475
2455488.000908
2455488.021341
2455488.041774
2455488.062207
2455488.082640
2455488.103073
2455488.123506
2455488.143939
2455488.164372
2455488.184805
2455488.205238
2455488.225672
2455488.246104
2455488.266538
2455488.286971
2455488.307404
2455488.327837
2455488.348270
2455488.368703
2455488.389136
2455488.409569
2455488.430002
2455488.450435
2455488.470868
2455488.491301
2455488.511734
2455488.532167
2455488.552600
2455488.573033
2455488.593466
2455488.613899
2455488.634332
2455488.654765
2455488.675198
2455488.695632
2455488.716065
2455488.736498
2455488.756931
2455488.777364
2455488.797797
2455488.818230
2455488.838663
2455488.859096
2455488.879529
2455488.899962
2455488.920395
2455488.940828
2455488.961261
2455488.981694
2455489.002127
2455489.022560
2455489.042993
2455489.063426
2455489.083859
2455489.104292
2455489.124725
2455489.145159
2455489.165592
2455489.186025
2455489.206458
2455489.226891
2455489.247324
2455489.267757
2455489.288190
2455489.308623
2455489.329056
2455489.349489
2455489.369922
2455489.390355
2455489.410788
2455489.431221
2455489.451654
2455489.472087
2455489.492520
2455489.512953
2455489.533386
2455489.553819
2455489.574252
2455489.594685
2455489.615118
2455489.635551
2455489.655985
2455489.676418
2455489.696851
2455489.717284
2455489.737717
2455489.758150
2455489.778583
2455489.799016
2455489.819449
2455489.839882
2455489.860315
2455489.880748
2455489.901181
2455489.921614
2455489.942047
2455489.962480
2455489.982913
2455490.003346
2455490.023779
2455490.044212
2455490.064645
2455490.085078
2455490.105511
2455490.125945
2455490.146377
2455490.166811
2455490.187244
2455490.207677
2455490.228110
2455490.248543
2455490.268976
2455490.289409
2455490.309842
2455490.330275
2455490.350708
2455490.371141
2455490.391574
2455490.412007
2455490.432440
2455490.452873
2455490.473306
2455490.493739
2455490.514172
2455490.534605
2455490.555038
2455490.575471
2455490.595904
2455490.616337
2455490.636770
2455490.657203
2455490.677636
2455490.698070
2455490.718502
2455490.738936
2455490.759369
2455490.779802
2455490.800235
2455490.820668
2455490.841101
2455490.861534
2455490.881967
2455490.902400
2455490.922833
2455490.943266
2455490.963699
2455490.984132
2455491.004565
2455491.024998
2455491.045431
2455491.065864
2455491.086297
2455491.106730
2455491.127163
2455491.147596
2455491.168029
2455491.188462
2455491.208895
2455491.229328
2455491.249761
2455491.270195
2455491.290628
2455491.311060
2455491.331494
2455491.351927
2455491.372360
2455491.392793
2455491.413226
2455491.433659
2455491.454092
2455491.474525
2455491.494958
2455491.515391
2455491.535824
2455491.556257
2455491.576690
2455491.597123
2455491.617556
2455491.637989
2455491.658422
2455491.678855
2455491.699288
2455491.719721
2455491.740154
2455491.760587
2455491.781020
2455491.801453
2455491.821886
2455491.842319
2455491.862752
2455491.883185
2455491.903618
2455491.924051
2455491.944485
2455491.964918
2455491.985351
2455492.005784
2455492.026217
2455492.046650
2455492.067083
2455492.087516
2455492.107949
2455492.128382
2455492.148815
2455492.169248
2455492.189681
2455492.210114
2455492.230547
2455492.250980
2455492.271413
2455492.291846
2455492.312279
2455492.332712
2455492.353145
2455492.373578
2455492.394011
2455492.414444
2455492.434877
2455492.455310
2455492.475743
2455492.496176
2455492.516609
2455492.537042
2455492.557475
2455492.577908
2455492.598341
2455492.618774
2455492.639208
2455492.659640
2455492.680073
2455492.700507
2455492.720940
2455492.741373
2455492.761806
2455492.782239
2455492.802672
2455492.823105
2455492.843538
2455492.863971
2455492.884404
2455492.904837
2455492.925270
2455492.945703
2455492.966136
2455492.986569
2455493.007002
2455493.027435
2455493.047868
2455493.068301
2455493.088734
2455493.109167
2455493.129600
2455493.150033
2455493.170466
2455493.190899
2455493.211332
2455493.231765
2455493.252198
2455493.272631
           NaN
           NaN
           NaN
           NaN
           NaN
           NaN
           NaN
           NaN
           NaN
           NaN
           NaN
           NaN
           NaN
           NaN
           NaN
           NaN
           NaN
           NaN
           NaN
           NaN
           NaN
           NaN
           NaN
           NaN
           NaN
           NaN
           NaN
           NaN
           NaN
           NaN
           NaN
           NaN
           NaN
           NaN
           NaN
           NaN
           NaN
2455494.049086
2455494.069519
2455494.089952
2455494.110385
2455494.130818
2455494.151251
2455494.171684
2455494.192117
2455494.212550
2455494.232983
2455494.253416
2455494.273849
2455494.294282
2455494.314715
2455494.335148
2455494.355581
2455494.376014
2455494.396447
2455494.416880
2455494.437314
2455494.457747
2455494.478180
2455494.498613
2455494.519046
2455494.539479
2455494.559912
2455494.580345
2455494.600778
2455494.621211
2455494.641644
2455494.662077
2455494.682510
2455494.702943
2455494.723376
2455494.743809
2455494.764242
2455494.784675
2455494.805108
2455494.825541
2455494.845974
2455494.866407
2455494.886840
2455494.907273
2455494.927706
2455494.948139
2455494.968572
2455494.989005
2455495.009438
2455495.029871
2455495.050304
2455495.070737
2455495.091170
2455495.111603
2455495.132036
2455495.152469
2455495.172902
2455495.193335
2455495.213768
2455495.234201
2455495.254634
2455495.275067
2455495.295500
2455495.315933
2455495.336366
2455495.356799
2455495.377232
2455495.397665
2455495.418098
2455495.438531
2455495.458964
2455495.479397
2455495.499830
2455495.520263
2455495.540696
2455495.561129
2455495.581562
2455495.601996
2455495.622428
2455495.642861
2455495.663295
2455495.683727
2455495.704161
2455495.724594
2455495.745027
2455495.765460
2455495.785893
2455495.806326
2455495.826759
2455495.847192
2455495.867625
2455495.888058
2455495.908491
2455495.928924
2455495.949357
2455495.969790
2455495.990223
2455496.010656
2455496.031089
2455496.051522
2455496.071955
2455496.092388
2455496.112821
2455496.133254
2455496.153687
2455496.174120
2455496.194553
2455496.214986
2455496.235419
2455496.255852
2455496.276285
2455496.296718
2455496.317151
2455496.337584
2455496.358017
2455496.378450
2455496.398883
2455496.419316
2455496.439749
2455496.460182
2455496.480615
2455496.501048
2455496.521481
2455496.541914
2455496.562347
2455496.582780
2455496.603213
2455496.623646
2455496.644079
2455496.664512
2455496.684945
2455496.705378
2455496.725811
2455496.746244
2455496.766677
2455496.787110
2455496.807543
2455496.827976
2455496.848409
2455496.868842
2455496.889275
2455496.909708
2455496.930141
2455496.950574
2455496.971007
2455496.991440
2455497.011873
2455497.032306
2455497.052739
2455497.073172
2455497.093605
2455497.114038
2455497.134471
2455497.154904
2455497.175337
2455497.195770
2455497.216203
2455497.236636
2455497.257069
2455497.277502
2455497.297935
2455497.318368
2455497.338801
2455497.359234
2455497.379667
2455497.400100
2455497.420533
2455497.440967
2455497.461400
2455497.481833
2455497.502266
2455497.522699
2455497.543132
2455497.563565
2455497.583998
2455497.604431
2455497.624864
2455497.645297
2455497.665730
2455497.686163
2455497.706596
2455497.727029
2455497.747462
2455497.767895
2455497.788328
2455497.808761
2455497.829194
2455497.849627
2455497.870060
2455497.890493
2455497.910926
2455497.931359
2455497.951792
2455497.972225
2455497.992658
2455498.013091
2455498.033524
2455498.053957
2455498.074390
2455498.094823
2455498.115256
2455498.135689
2455498.156122
2455498.176555
2455498.196988
2455498.217421
2455498.237854
2455498.258287
2455498.278720
2455498.299153
2455498.319586
2455498.340019
2455498.360452
2455498.380885
2455498.401318
2455498.421751
2455498.442184
2455498.462617
2455498.483050
2455498.503483
2455498.523916
2455498.544349
2455498.564782
2455498.585215
2455498.605648
2455498.626081
2455498.646514
2455498.666947
2455498.687380
2455498.707813
2455498.728246
2455498.748679
2455498.769112
2455498.789545
2455498.809978
2455498.830411
2455498.850844
2455498.871277
2455498.891710
2455498.912143
2455498.932576
2455498.953009
2455498.973442
2455498.993875
2455499.014308
2455499.034741
2455499.055174
2455499.075607
2455499.096040
2455499.116473
2455499.136906
2455499.157339
2455499.177772
2455499.198205
2455499.218638
2455499.239071
2455499.259504
2455499.279937
2455499.300370
2455499.320803
2455499.341236
2455499.361669
2455499.382102
2455499.402535
2455499.422968
2455499.443401
2455499.463834
2455499.484267
2455499.504700
2455499.525133
2455499.545566
2455499.565999
2455499.586432
2455499.606865
2455499.627298
2455499.647731
2455499.668164
2455499.688597
2455499.709030
2455499.729463
2455499.749896
2455499.770329
2455499.790762
2455499.811195
2455499.831628
2455499.852061
2455499.872494
2455499.892927
2455499.913360
2455499.933793
2455499.954226
2455499.974659
2455499.995092
2455500.015525
2455500.035958
2455500.056391
2455500.076824
2455500.097257
2455500.117690
2455500.138123
2455500.158556
2455500.178989
2455500.199422
2455500.219855
2455500.240288
2455500.260721
2455500.281154
2455500.301587
2455500.322020
2455500.342453
2455500.362886
2455500.383319
2455500.403752
2455500.424185
2455500.444618
2455500.465051
2455500.485484
2455500.505917
2455500.526350
2455500.546783
2455500.567216
2455500.587649
2455500.608082
2455500.628515
2455500.648948
2455500.669381
2455500.689814
2455500.710247
2455500.730680
2455500.751113
2455500.771546
2455500.791979
2455500.812412
2455500.832845
2455500.853278
2455500.873711
2455500.894144
2455500.914577
2455500.935010
2455500.955443
2455500.975876
2455500.996309
2455501.016742
2455501.037175
2455501.057608
2455501.078041
2455501.098474
2455501.118907
2455501.139340
2455501.159773
2455501.180206
2455501.200639
2455501.221072
2455501.241505
2455501.261938
2455501.282371
2455501.302804
2455501.323237
2455501.343670
2455501.364103
2455501.384536
2455501.404969
2455501.425402
2455501.445835
2455501.466268
2455501.486701
2455501.507134
2455501.527567
2455501.548000
2455501.568433
2455501.588866
2455501.609299
2455501.629732
2455501.650165
2455501.670598
2455501.691031
2455501.711464
2455501.731897
2455501.752330
2455501.772763
2455501.793196
2455501.813629
2455501.834062
2455501.854495
2455501.874928
2455501.895361
2455501.915794
2455501.936227
2455501.956660
2455501.977093
2455501.997526
2455502.017959
2455502.038392
2455502.058825
2455502.079258
2455502.099691
2455502.120124
2455502.140557
2455502.160990
2455502.181423
2455502.201856
2455502.222289
2455502.242722
2455502.263155
2455502.283588
2455502.304021
2455502.324454
2455502.344887
2455502.365320
2455502.385753
2455502.406185
2455502.426619
2455502.447052
2455502.467484
2455502.487918
2455502.508351
2455502.528783
2455502.549216
2455502.569649
2455502.590082
2455502.610515
2455502.630948
2455502.651381
2455502.671814
2455502.692247
2455502.712680
2455502.733113
2455502.753546
2455502.773979
2455502.794412
2455502.814845
2455502.835278
2455502.855711
2455502.876144
2455502.896577
2455502.917010
2455502.937443
2455502.957876
2455502.978309
2455502.998742
2455503.019175
2455503.039608
2455503.060041
2455503.080474
2455503.100907
2455503.121340
2455503.141773
2455503.162206
2455503.182639
2455503.203072
2455503.223505
2455503.243938
2455503.264371
2455503.284804
2455503.305237
2455503.325670
2455503.346103
2455503.366536
2455503.386969
2455503.407402
2455503.427835
2455503.448268
2455503.468701
2455503.489134
2455503.509567
2455503.530000
2455503.550433
2455503.570866
2455503.591299
2455503.611732
2455503.632165
2455503.652598
2455503.673031
2455503.693464
2455503.713897
2455503.734330
2455503.754763
2455503.775196
2455503.795629
2455503.816062
2455503.836495
2455503.856928
2455503.877361
2455503.897794
2455503.918227
2455503.938660
2455503.959093
2455503.979526
2455503.999959
2455504.020392
2455504.040825
2455504.061258
2455504.081691
2455504.102124
2455504.122557
2455504.142990
2455504.163423
2455504.183856
2455504.204289
2455504.224722
2455504.245155
2455504.265588
2455504.286021
2455504.306454
2455504.326887
2455504.347320
2455504.367753
2455504.388186
2455504.408619
2455504.429052
2455504.449485
2455504.469918
2455504.490351
2455504.510784
2455504.531216
2455504.551649
2455504.572082
2455504.592516
2455504.612948
2455504.633382
2455504.653814
2455504.674247
2455504.694680
2455504.715113
2455504.735546
2455504.755979
2455504.776412
2455504.796845
2455504.817278
2455504.837711
2455504.858144
2455504.878577
2455504.899010
2455504.919443
2455504.939876
2455504.960309
2455504.980742
2455505.001175
2455505.021608
2455505.042041
2455505.062474
2455505.082907
2455505.103340
2455505.123773
2455505.144206
2455505.164639
2455505.185072
2455505.205505
2455505.225938
2455505.246371
2455505.266804
2455505.287237
2455505.307670
2455505.328103
2455505.348536
2455505.368969
2455505.389402
2455505.409835
2455505.430268
2455505.450701
2455505.471134
2455505.491567
2455505.512000
2455505.532433
2455505.552866
2455505.573299
2455505.593732
2455505.614165
2455505.634598
2455505.655031
2455505.675464
2455505.695897
2455505.716330
2455505.736763
2455505.757196
2455505.777629
2455505.798062
2455505.818495
2455505.838928
2455505.859361
2455505.879794
2455505.900227
2455505.920660
2455505.941093
2455505.961526
2455505.981958
2455506.002391
2455506.022824
2455506.043257
2455506.063690
2455506.084123
2455506.104556
2455506.124989
2455506.145422
2455506.165855
2455506.186288
2455506.206721
2455506.227154
2455506.247587
2455506.268020
2455506.288453
2455506.308886
2455506.329319
2455506.349752
2455506.370185
2455506.390618
2455506.411051
2455506.431484
2455506.451917
2455506.472350
2455506.492783
2455506.513216
2455506.533649
2455506.554082
2455506.574515
2455506.594948
2455506.615381
2455506.635814
2455506.656247
2455506.676680
2455506.697113
2455506.717546
2455506.737979
2455506.758412
2455506.778845
2455506.799278
2455506.819711
2455506.840144
2455506.860577
2455506.881010
2455506.901443
2455506.921876
2455506.942309
2455506.962742
2455506.983175
2455507.003608
2455507.024041
2455507.044474
2455507.064907
2455507.085340
2455507.105773
2455507.126206
2455507.146639
2455507.167072
2455507.187505
2455507.207938
2455507.228371
2455507.248803
2455507.269236
2455507.289669
2455507.310102
2455507.330535
2455507.350968
2455507.371401
2455507.391834
2455507.412267
2455507.432700
2455507.453133
2455507.473566
2455507.493999
2455507.514432
2455507.534865
2455507.555298
2455507.575731
2455507.596164
2455507.616597
2455507.637030
2455507.657463
2455507.677896
2455507.698329
2455507.718762
2455507.739195
2455507.759628
2455507.780061
2455507.800494
2455507.820927
2455507.841360
2455507.861793
2455507.882226
2455507.902659
2455507.923092
2455507.943525
2455507.963958
2455507.984391
2455508.004824
2455508.025257
2455508.045690
2455508.066123
2455508.086556
2455508.106989
2455508.127422
2455508.147855
2455508.168288
2455508.188721
2455508.209154
2455508.229587
2455508.250020
2455508.270453
2455508.290885
2455508.311319
2455508.331752
2455508.352184
2455508.372617
2455508.393050
2455508.413483
2455508.433916
2455508.454349
2455508.474782
2455508.495215
2455508.515648
2455508.536081
2455508.556514
2455508.576947
2455508.597380
2455508.617813
2455508.638246
2455508.658679
2455508.679112
2455508.699545
2455508.719978
2455508.740411
2455508.760844
2455508.781277
2455508.801710
2455508.822143
2455508.842576
2455508.863009
2455508.883442
2455508.903875
2455508.924308
2455508.944741
2455508.965174
2455508.985607
2455509.006040
2455509.026473
2455509.046906
2455509.067339
2455509.087772
2455509.108205
2455509.128638
2455509.149071
2455509.169504
2455509.189937
2455509.210370
2455509.230803
2455509.251236
2455509.271669
2455509.292101
2455509.312534
2455509.332968
2455509.353401
2455509.373833
2455509.394266
2455509.414699
2455509.435132
2455509.455565
2455509.475998
2455509.496431
2455509.516864
2455509.537297
2455509.557730
2455509.578163
2455509.598596
2455509.619029
2455509.639462
2455509.659895
2455509.680328
2455509.700761
2455509.721194
2455509.741627
2455509.762060
2455509.782493
2455509.802926
2455509.823359
2455509.843792
2455509.864225
2455509.884658
2455509.905091
2455509.925524
2455509.945957
2455509.966390
2455509.986823
2455510.007256
2455510.027689
2455510.048122
2455510.068555
2455510.088988
2455510.109421
2455510.129854
2455510.150287
2455510.170720
2455510.191153
2455510.211586
2455510.232019
2455510.252452
2455510.272884
2455510.293317
2455510.313750
2455510.334183
2455510.354616
2455510.375049
2455510.395482
2455510.415915
2455510.436348
2455510.456781
2455510.477214
2455510.497647
2455510.518080
2455510.538513
2455510.558946
2455510.579379
2455510.599812
2455510.620245
2455510.640678
2455510.661111
2455510.681544
2455510.701977
2455510.722410
2455510.742843
2455510.763276
2455510.783709
2455510.804142
2455510.824575
2455510.845008
2455510.865441
2455510.885874
2455510.906307
2455510.926740
2455510.947173
2455510.967606
2455510.988039
2455511.008472
2455511.028905
2455511.049338
2455511.069771
2455511.090204
2455511.110637
2455511.131069
2455511.151503
2455511.171935
2455511.192368
2455511.212801
2455511.233234
2455511.253667
2455511.274100
2455511.294533
2455511.314966
2455511.335399
2455511.355832
2455511.376265
2455511.396698
2455511.417131
2455511.437564
2455511.457997
2455511.478430
2455511.498863
2455511.519296
2455511.539729
2455511.560162
2455511.580595
2455511.601028
2455511.621461
2455511.641894
2455511.662327
2455511.682760
2455511.703193
2455511.723626
2455511.744059
2455511.764492
2455511.784925
2455511.805358
2455511.825791
2455511.846224
2455511.866657
2455511.887090
2455511.907523
2455511.927956
2455511.948389
2455511.968822
2455511.989255
2455512.009687
2455512.030120
2455512.050554
2455512.070986
2455512.091419
2455512.111852
2455512.132285
2455512.152718
2455512.173151
2455512.193584
2455512.214017
2455512.234450
2455512.254883
2455512.275316
2455512.295749
2455512.316182
2455512.336615
2455512.357048
2455512.377481
2455512.397914
2455512.418347
2455512.438780
2455512.459213
2455512.479646
2455512.500079
2455512.520512
2455512.540945
2455512.561378
2455512.581811
2455512.602244
2455512.622677
2455512.643110
2455512.663543
2455512.683976
2455512.704409
2455512.724842
2455512.745275
2455512.765708
2455512.786141
2455512.806574
2455512.827007
2455512.847440
2455512.867872
2455512.888306
2455512.908738
2455512.929171
2455512.949604
2455512.970037
2455512.990470
2455513.010903
2455513.031336
2455513.051769
2455513.072202
2455513.092635
2455513.113068
2455513.133501
2455513.153934
2455513.174367
2455513.194800
2455513.215233
2455513.235666
2455513.256099
2455513.276532
2455513.296965
2455513.317398
2455513.337831
2455513.358264
2455513.378697
2455513.399130
2455513.419563
2455513.439996
2455513.460429
2455513.480862
2455513.501295
2455513.521728
2455513.542161
2455513.562594
2455513.583027
2455513.603460
2455513.623893
2455513.644326
2455513.664758
2455513.685192
2455513.705625
2455513.726057
2455513.746490
2455513.766923
2455513.787356
2455513.807789
2455513.828222
2455513.848655
2455513.869088
2455513.889521
2455513.909954
2455513.930387
2455513.950820
2455513.971253
2455513.991686
2455514.012119
2455514.032552
2455514.052985
2455514.073418
2455514.093851
2455514.114284
2455514.134717
2455514.155150
2455514.175583
2455514.196016
2455514.216449
2455514.236882
2455514.257315
2455514.277748
2455514.298181
2455514.318614
2455514.339047
2455514.359480
2455514.379913
2455514.400346
2455514.420779
2455514.441212
2455514.461645
2455514.482077
2455514.502510
2455514.522944
2455514.543376
2455514.563809
2455514.584242
2455514.604675
2455514.625108
2455514.645541
2455514.665974
2455514.686407
2455514.706840
2455514.727273
2455514.747706
2455514.768139
2455514.788572
2455514.809005
2455514.829438
2455514.849871
2455514.870304
2455514.890737
2455514.911170
2455514.931603
2455514.952036
2455514.972469
2455514.992902
2455515.013335
2455515.033768
2455515.054201
2455515.074634
2455515.095067
2455515.115500
2455515.135933
2455515.156366
2455515.176799
2455515.197232
2455515.217665
2455515.238097
2455515.258531
2455515.278963
2455515.299397
2455515.319829
2455515.340262
2455515.360695
2455515.381128
2455515.401561
2455515.421994
2455515.442427
2455515.462860
2455515.483293
2455515.503726
2455515.524159
2455515.544592
2455515.565025
2455515.585458
2455515.605891
2455515.626324
2455515.646757
2455515.667190
2455515.687623
2455515.708056
2455515.728489
2455515.748922
2455515.769355
2455515.789788
2455515.810221
2455515.830654
2455515.851087
2455515.871520
2455515.891953
2455515.912386
2455515.932819
2455515.953252
2455515.973685
2455515.994118
2455516.014551
2455516.034984
2455516.055417
2455516.075850
2455516.096283
2455516.116715
2455516.137149
2455516.157581
2455516.178014
2455516.198447
2455516.218880
2455516.239313
2455516.259746
2455516.280179
2455516.300612
2455516.321045
2455516.341478
2455516.361911
2455516.382344
2455516.402777
2455516.423210
2455516.443643
2455516.464076
2455516.484509
2455516.504942
2455516.525375
2455516.545808
2455516.566241
2455516.586674
2455516.607107
2455516.627540
2455516.647973
2455516.668406
2455516.688839
2455516.709272
2455516.729705
2455516.750138
2455516.770571
2455516.791004
2455516.811437
2455516.831870
2455516.852303
2455516.872736
2455516.893168
2455516.913601
2455516.934034
2455516.954467
2455516.974900
2455516.995333
2455517.015766
2455517.036199
2455517.056632
2455517.077065
2455517.097498
2455517.117931
2455517.138364
2455517.158797
2455517.179230
2455517.199663
2455517.220096
2455517.240529
2455517.260962
2455517.281395
2455517.301828
2455517.322261
2455517.342694
2455517.363127
2455517.383560
2455517.403993
2455517.424426
2455517.444859
2455517.465292
2455517.485725
2455517.506158
2455517.526591
2455517.547024
2455517.567457
2455517.587890
2455517.608323
2455517.628756
2455517.649189
2455517.669622
2455517.690054
2455517.710487
2455517.730920
2455517.751353
2455517.771786
2455517.792219
2455517.812652
2455517.833085
2455517.853518
2455517.873951
2455517.894384
2455517.914817
2455517.935250
2455517.955683
2455517.976116
2455517.996549
2455518.016982
2455518.037415
2455518.057848
2455518.078281
2455518.098714
2455518.119147
2455518.139580
2455518.160013
2455518.180446
2455518.200879
2455518.221312
2455518.241745
2455518.262178
2455518.282611
2455518.303044
2455518.323477
2455518.343910
2455518.364343
2455518.384776
2455518.405209
2455518.425641
2455518.446075
2455518.466508
2455518.486941
2455518.507373
2455518.527806
2455518.548240
2455518.568672
2455518.589105
2455518.609538
2455518.629971
2455518.650404
2455518.670837
2455518.691270
2455518.711703
2455518.732136
2455518.752569
2455518.773002
2455518.793435
2455518.813868
2455518.834301
2455518.854734
2455518.875167
2455518.895600
2455518.916033
2455518.936466
2455518.956899
2455518.977332
2455518.997765
2455519.018198
2455519.038631
2455519.059064
2455519.079497
2455519.099930
2455519.120363
2455519.140796
2455519.161229
2455519.181662
2455519.202095
2455519.222528
2455519.242961
2455519.263393
2455519.283827
2455519.304259
2455519.324693
2455519.345125
2455519.365558
2455519.385991
2455519.406424
2455519.426857
2455519.447290
2455519.467723
2455519.488156
2455519.508589
2455519.529022
2455519.549455
2455519.569888
2455519.590321
2455519.610754
2455519.631187
2455519.651620
2455519.672053
2455519.692486
2455519.712919
2455519.733352
2455519.753785
2455519.774218
2455519.794651
2455519.815084
2455519.835517
2455519.855950
2455519.876383
2455519.896816
2455519.917249
2455519.937682
2455519.958115
2455519.978548
2455519.998981
2455520.019414
2455520.039847
2455520.060280
2455520.080713
2455520.101146
2455520.121579
2455520.142011
2455520.162444
2455520.182877
2455520.203310
2455520.223743
2455520.244176
2455520.264609
2455520.285042
2455520.305475
2455520.325908
2455520.346341
2455520.366774
2455520.387207
2455520.407640
2455520.428073
2455520.448506
2455520.468939
2455520.489372
2455520.509805
2455520.530238
2455520.550671
2455520.571104
2455520.591537
2455520.611970
2455520.632403
2455520.652836
2455520.673269
2455520.693702
2455520.714135
2455520.734568
2455520.755001
2455520.775434
2455520.795867
2455520.816300
2455520.836733
2455520.857166
2455520.877599
2455520.898032
2455520.918465
2455520.938897
2455520.959331
2455520.979763
2455521.000196
2455521.020629
2455521.041062
2455521.061495
2455521.081928
2455521.102361
2455521.122794
2455521.143227
2455521.163660
2455521.184093
2455521.204526
2455521.224959
2455521.245392
2455521.265825
2455521.286258
2455521.306691
2455521.327124
2455521.347557
2455521.367990
2455521.388423
2455521.408856
2455521.429289
2455521.449722
2455521.470155
2455521.490588
2455521.511021
2455521.531454
2455521.551887
2455521.572320
2455521.592753
2455521.613186
2455521.633619
2455521.654052
2455521.674485
2455521.694918
2455521.715351
2455521.735784
2455521.756217
2455521.776650
2455521.797083
2455521.817516
2455521.837948
2455521.858382
2455521.878814
2455521.899248
2455521.919680
2455521.940113
2455521.960546
2455521.980979
2455522.001412
2455522.021845
2455522.042278
2455522.062711
2455522.083144
2455522.103577
2455522.124010
2455522.144443
2455522.164876
2455522.185309
2455522.205742
2455522.226175
2455522.246608
2455522.267041
2455522.287474
2455522.307907
2455522.328340
2455522.348773
2455522.369206
2455522.389639
2455522.410072
2455522.430505
2455522.450938
2455522.471371
2455522.491804
2455522.512237
2455522.532670
2455522.553103
2455522.573536
2455522.593969
2455522.614402
2455522.634835
2455522.655268
2455522.675701
2455522.696134
2455522.716567
2455522.737000
2455522.757432
2455522.777865
2455522.798299
2455522.818731
2455522.839164
2455522.859597
2455522.880030
2455522.900463
2455522.920896
2455522.941329
2455522.961762
2455522.982195
2455523.002628
2455523.023061
2455523.043494
2455523.063927
2455523.084360
2455523.104793
2455523.125226
2455523.145659
2455523.166092
2455523.186525
2455523.206958
2455523.227391
           NaN
           NaN
           NaN
           NaN
           NaN
           NaN
           NaN
           NaN
           NaN
           NaN
           NaN
           NaN
           NaN
           NaN
           NaN
           NaN
           NaN
           NaN
           NaN
           NaN
           NaN
           NaN
           NaN
           NaN
           NaN
           NaN
           NaN
           NaN
           NaN
           NaN
           NaN
           NaN
           NaN
           NaN
           NaN
           NaN
           NaN
           NaN
           NaN
           NaN
           NaN
           NaN
           NaN
2455524.126442
2455524.146875
2455524.167308
2455524.187741
2455524.208174
2455524.228607
2455524.249040
2455524.269473
2455524.289906
2455524.310339
2455524.330772
2455524.351205
2455524.371638
2455524.392071
2455524.412504
2455524.432937
2455524.453370
2455524.473803
2455524.494236
2455524.514669
2455524.535102
2455524.555535
2455524.575968
2455524.596401
2455524.616834
2455524.637267
2455524.657700
2455524.678133
2455524.698566
2455524.718999
2455524.739431
2455524.759864
2455524.780297
2455524.800730
2455524.821163
2455524.841596
2455524.862029
2455524.882462
2455524.902895
2455524.923328
2455524.943761
2455524.964194
2455524.984627
2455525.005060
2455525.025493
2455525.045926
2455525.066359
2455525.086792
2455525.107225
2455525.127658
2455525.148091
2455525.168524
2455525.188957
2455525.209390
2455525.229823
2455525.250256
2455525.270689
2455525.291122
2455525.311555
2455525.331988
2455525.352421
2455525.372854
2455525.393287
2455525.413720
2455525.434153
2455525.454586
2455525.475019
2455525.495452
2455525.515885
2455525.536318
2455525.556751
2455525.577184
2455525.597617
2455525.618050
2455525.638483
2455525.658916
2455525.679349
2455525.699782
2455525.720215
2455525.740648
2455525.761081
2455525.781514
2455525.801947
2455525.822380
2455525.842813
2455525.863246
2455525.883678
2455525.904111
2455525.924544
2455525.944977
2455525.965410
2455525.985843
2455526.006276
2455526.026709
2455526.047142
2455526.067575
2455526.088008
2455526.108441
2455526.128874
2455526.149307
2455526.169740
2455526.190173
2455526.210606
2455526.231039
2455526.251472
2455526.271905
2455526.292338
2455526.312771
2455526.333204
2455526.353637
2455526.374070
2455526.394503
2455526.414936
2455526.435369
2455526.455802
2455526.476235
2455526.496668
2455526.517101
2455526.537534
2455526.557967
2455526.578400
2455526.598833
2455526.619266
2455526.639699
2455526.660132
2455526.680565
2455526.700998
2455526.721431
2455526.741864
2455526.762297
2455526.782730
2455526.803163
2455526.823596
2455526.844029
2455526.864462
2455526.884895
2455526.905328
2455526.925761
2455526.946194
2455526.966627
2455526.987060
2455527.007493
2455527.027926
2455527.048359
2455527.068792
2455527.089225
2455527.109658
2455527.130091
2455527.150523
2455527.170956
2455527.191389
2455527.211822
2455527.232255
2455527.252688
2455527.273121
2455527.293554
2455527.313987
2455527.334420
2455527.354853
2455527.375286
2455527.395719
2455527.416152
2455527.436585
2455527.457018
2455527.477451
2455527.497884
2455527.518317
2455527.538750
2455527.559183
2455527.579616
2455527.600049
2455527.620482
2455527.640915
2455527.661348
2455527.681781
2455527.702214
2455527.722647
2455527.743080
2455527.763513
2455527.783946
2455527.804379
2455527.824812
2455527.845245
2455527.865678
2455527.886111
2455527.906544
2455527.926977
2455527.947410
2455527.967843
2455527.988276
2455528.008709
2455528.029142
2455528.049575
2455528.070008
2455528.090441
2455528.110874
2455528.131307
2455528.151740
2455528.172173
2455528.192606
2455528.213039
2455528.233472
2455528.253905
2455528.274338
2455528.294771
2455528.315204
2455528.335637
2455528.356070
2455528.376503
2455528.396936
2455528.417369
2455528.437802
2455528.458235
2455528.478668
2455528.499101
2455528.519534
2455528.539967
2455528.560400
2455528.580833
2455528.601266
2455528.621699
2455528.642131
2455528.662564
2455528.682998
2455528.703431
2455528.723864
2455528.744296
2455528.764729
2455528.785162
2455528.805595
2455528.826028
2455528.846462
2455528.866894
2455528.887327
2455528.907760
2455528.928193
2455528.948626
2455528.969059
2455528.989492
2455529.009925
2455529.030358
2455529.050791
2455529.071224
2455529.091657
2455529.112090
2455529.132523
2455529.152956
2455529.173389
2455529.193822
2455529.214255
2455529.234688
2455529.255121
2455529.275554
2455529.295987
2455529.316420
2455529.336853
2455529.357286
2455529.377719
2455529.398152
2455529.418585
2455529.439018
2455529.459451
2455529.479884
2455529.500317
2455529.520750
2455529.541183
2455529.561616
2455529.582049
2455529.602482
2455529.622915
2455529.643348
2455529.663781
2455529.684214
2455529.704647
2455529.725080
2455529.745513
2455529.765946
2455529.786379
2455529.806812
2455529.827245
2455529.847678
2455529.868111
2455529.888544
2455529.908977
2455529.929410
2455529.949843
2455529.970276
2455529.990709
2455530.011142
2455530.031575
2455530.052008
2455530.072441
2455530.092874
2455530.113307
2455530.133740
2455530.154173
2455530.174606
2455530.195039
2455530.215472
2455530.235905
2455530.256338
2455530.276771
2455530.297204
2455530.317637
2455530.338070
2455530.358503
2455530.378936
2455530.399369
2455530.419802
2455530.440235
2455530.460668
2455530.481101
2455530.501534
2455530.521967
2455530.542400
2455530.562833
2455530.583266
2455530.603699
2455530.624132
2455530.644565
2455530.664998
2455530.685431
2455530.705864
2455530.726297
2455530.746730
2455530.767163
2455530.787596
2455530.808029
2455530.828462
2455530.848895
2455530.869328
2455530.889761
2455530.910194
2455530.930627
2455530.951060
2455530.971493
2455530.991926
2455531.012359
2455531.032792
2455531.053225
2455531.073657
2455531.094091
2455531.114523
2455531.134957
2455531.155390
2455531.175822
2455531.196256
2455531.216689
2455531.237121
2455531.257555
2455531.277987
2455531.298420
2455531.318853
2455531.339286
2455531.359720
2455531.380152
2455531.400585
2455531.421019
2455531.441451
2455531.461884
2455531.482318
2455531.502750
2455531.523183
2455531.543616
2455531.564049
2455531.584482
2455531.604915
2455531.625348
2455531.645782
2455531.666214
2455531.686647
2455531.707080
2455531.727513
2455531.747946
2455531.768379
2455531.788812
2455531.809245
2455531.829678
2455531.850111
2455531.870544
2455531.890977
2455531.911410
2455531.931843
2455531.952276
2455531.972709
2455531.993142
2455532.013575
2455532.034008
2455532.054441
2455532.074874
2455532.095307
2455532.115740
2455532.136173
2455532.156606
2455532.177039
2455532.197472
2455532.217905
2455532.238338
2455532.258771
2455532.279204
2455532.299637
2455532.320070
2455532.340503
2455532.360936
2455532.381369
2455532.401802
2455532.422235
2455532.442668
2455532.463101
2455532.483534
2455532.503967
2455532.524400
2455532.544833
2455532.565266
2455532.585699
2455532.606132
2455532.626565
2455532.646998
2455532.667431
2455532.687864
2455532.708297
2455532.728730
2455532.749163
2455532.769596
2455532.790029
2455532.810462
2455532.830895
2455532.851328
2455532.871761
2455532.892194
2455532.912627
2455532.933060
2455532.953493
2455532.973926
2455532.994359
2455533.014792
2455533.035225
2455533.055658
2455533.076091
2455533.096524
2455533.116957
2455533.137390
2455533.157823
2455533.178256
2455533.198689
2455533.219122
2455533.239555
2455533.259988
2455533.280421
2455533.300854
2455533.321287
2455533.341720
2455533.362153
2455533.382586
2455533.403019
2455533.423452
2455533.443885
2455533.464318
2455533.484751
2455533.505184
2455533.525617
2455533.546050
2455533.566483
2455533.586916
2455533.607349
2455533.627782
2455533.648215
2455533.668648
2455533.689081
2455533.709514
2455533.729947
2455533.750380
2455533.770813
2455533.791246
2455533.811679
2455533.832112
2455533.852545
2455533.872978
2455533.893411
2455533.913844
2455533.934277
2455533.954710
2455533.975143
2455533.995576
2455534.016009
2455534.036442
2455534.056875
2455534.077308
2455534.097741
2455534.118174
2455534.138607
2455534.159040
2455534.179473
2455534.199906
2455534.220339
2455534.240772
2455534.261205
2455534.281638
2455534.302071
2455534.322504
2455534.342937
2455534.363370
2455534.383803
2455534.404237
2455534.424669
2455534.445103
2455534.465536
2455534.485968
2455534.506402
2455534.526835
2455534.547267
2455534.567701
2455534.588134
2455534.608567
2455534.629000
2455534.649433
2455534.669866
2455534.690299
2455534.710732
2455534.731165
2455534.751598
2455534.772031
2455534.792464
2455534.812897
2455534.833330
2455534.853763
2455534.874196
2455534.894629
2455534.915062
2455534.935495
2455534.955928
2455534.976361
2455534.996794
2455535.017227
2455535.037660
2455535.058093
2455535.078526
2455535.098959
2455535.119392
2455535.139825
2455535.160258
2455535.180691
2455535.201124
2455535.221557
2455535.241990
2455535.262423
2455535.282856
2455535.303289
2455535.323722
2455535.344155
2455535.364588
2455535.385021
2455535.405454
2455535.425887
2455535.446320
2455535.466753
2455535.487186
2455535.507619
2455535.528052
2455535.548485
2455535.568918
2455535.589351
2455535.609784
2455535.630217
2455535.650650
2455535.671083
2455535.691516
2455535.711949
2455535.732382
2455535.752815
2455535.773248
2455535.793681
2455535.814114
2455535.834547
2455535.854980
2455535.875413
2455535.895846
2455535.916279
2455535.936712
2455535.957145
2455535.977578
2455535.998011
2455536.018444
2455536.038877
2455536.059310
2455536.079743
2455536.100176
2455536.120609
2455536.141042
2455536.161475
2455536.181908
2455536.202341
2455536.222774
2455536.243207
2455536.263640
2455536.284073
2455536.304506
2455536.324939
2455536.345372
2455536.365805
2455536.386238
2455536.406671
2455536.427104
2455536.447537
2455536.467971
2455536.488403
2455536.508836
2455536.529270
2455536.549702
2455536.570135
2455536.590569
2455536.611002
2455536.631435
2455536.651868
2455536.672301
2455536.692734
2455536.713167
2455536.733600
2455536.754033
2455536.774466
2455536.794899
2455536.815332
2455536.835765
2455536.856198
2455536.876631
2455536.897064
2455536.917497
2455536.937930
2455536.958363
2455536.978796
2455536.999229
2455537.019662
2455537.040095
2455537.060528
2455537.080961
2455537.101394
2455537.121827
2455537.142260
2455537.162693
2455537.183126
2455537.203559
2455537.223992
2455537.244425
2455537.264858
2455537.285291
2455537.305724
2455537.326157
2455537.346590
2455537.367023
2455537.387456
2455537.407889
2455537.428322
2455537.448755
2455537.469188
2455537.489621
2455537.510054
2455537.530487
2455537.550920
2455537.571353
2455537.591786
2455537.612219
2455537.632652
2455537.653085
2455537.673518
2455537.693951
2455537.714384
2455537.734817
2455537.755250
2455537.775683
2455537.796116
2455537.816550
2455537.836983
2455537.857415
2455537.877849
2455537.898282
2455537.918714
2455537.939148
2455537.959581
2455537.980014
2455538.000447
2455538.020880
2455538.041313
2455538.061746
2455538.082179
2455538.102612
2455538.123045
2455538.143478
2455538.163911
2455538.184344
2455538.204777
2455538.225210
2455538.245643
2455538.266076
2455538.286509
2455538.306942
2455538.327375
2455538.347808
2455538.368241
2455538.388674
2455538.409107
2455538.429540
2455538.449973
2455538.470406
2455538.490839
2455538.511272
2455538.531705
2455538.552138
2455538.572571
2455538.593004
2455538.613437
2455538.633870
2455538.654303
2455538.674736
2455538.695169
2455538.715602
2455538.736035
2455538.756468
2455538.776901
2455538.797334
2455538.817767
2455538.838201
2455538.858634
2455538.879067
2455538.899500
2455538.919933
2455538.940366
2455538.960799
2455538.981232
2455539.001665
2455539.022098
2455539.042531
2455539.062964
2455539.083397
2455539.103830
2455539.124263
2455539.144696
2455539.165129
2455539.185562
2455539.205995
2455539.226428
2455539.246861
2455539.267294
2455539.287727
2455539.308160
2455539.328593
2455539.349026
2455539.369459
2455539.389892
2455539.410325
2455539.430758
2455539.451191
2455539.471624
2455539.492057
2455539.512490
2455539.532923
2455539.553356
2455539.573789
2455539.594222
2455539.614655
2455539.635088
2455539.655521
2455539.675955
2455539.696388
2455539.716820
2455539.737254
2455539.757687
2455539.778120
2455539.798553
2455539.818986
2455539.839419
2455539.859852
2455539.880285
2455539.900718
2455539.921151
2455539.941584
2455539.962017
2455539.982450
2455540.002883
2455540.023316
2455540.043749
2455540.064182
2455540.084615
2455540.105048
2455540.125481
2455540.145914
2455540.166347
2455540.186780
2455540.207213
2455540.227646
2455540.248079
2455540.268512
2455540.288945
2455540.309378
2455540.329811
2455540.350244
2455540.370677
2455540.391110
2455540.411544
2455540.431976
2455540.452410
2455540.472843
2455540.493276
2455540.513709
2455540.534142
2455540.554575
2455540.575008
2455540.595441
2455540.615874
2455540.636307
2455540.656740
2455540.677173
2455540.697606
2455540.718039
2455540.738472
2455540.758905
2455540.779338
2455540.799771
2455540.820204
2455540.840637
2455540.861070
2455540.881503
2455540.901936
2455540.922369
2455540.942802
2455540.963235
2455540.983668
2455541.004101
2455541.024534
2455541.044967
2455541.065400
2455541.085834
2455541.106267
2455541.126700
2455541.147133
2455541.167566
2455541.187999
2455541.208432
2455541.228865
2455541.249298
2455541.269731
2455541.290164
2455541.310597
2455541.331030
2455541.351463
2455541.371896
2455541.392329
2455541.412762
2455541.433195
2455541.453628
2455541.474061
2455541.494494
2455541.514927
2455541.535360
2455541.555793
2455541.576226
2455541.596659
2455541.617092
2455541.637526
2455541.657958
2455541.678391
2455541.698825
2455541.719258
2455541.739691
2455541.760124
2455541.780557
2455541.800990
2455541.821423
2455541.841856
2455541.862289
2455541.882722
2455541.903155
2455541.923588
2455541.944021
2455541.964454
2455541.984887
2455542.005320
2455542.025753
2455542.046186
2455542.066619
2455542.087052
2455542.107485
2455542.127918
2455542.148351
2455542.168784
2455542.189217
2455542.209651
2455542.230084
2455542.250517
2455542.270950
2455542.291383
2455542.311816
2455542.332249
2455542.352682
2455542.373115
2455542.393548
2455542.413981
2455542.434414
2455542.454847
2455542.475280
2455542.495713
2455542.516146
2455542.536579
2455542.557012
2455542.577445
2455542.597878
2455542.618311
2455542.638744
2455542.659177
2455542.679610
2455542.700043
2455542.720476
2455542.740909
2455542.761343
2455542.781776
2455542.802209
2455542.822642
2455542.843075
2455542.863508
2455542.883941
2455542.904374
2455542.924807
2455542.945240
2455542.965673
2455542.986106
2455543.006539
2455543.026972
2455543.047405
2455543.067838
2455543.088271
2455543.108704
2455543.129137
2455543.149570
2455543.170003
2455543.190436
2455543.210869
2455543.231303
2455543.251736
2455543.272169
2455543.292602
2455543.313035
2455543.333468
2455543.353901
2455543.374334
2455543.394767
2455543.415200
2455543.435633
2455543.456066
2455543.476499
2455543.496932
2455543.517365
2455543.537798
2455543.558231
2455543.578664
2455543.599097
2455543.619530
2455543.639963
2455543.660397
2455543.680829
2455543.701263
2455543.721696
2455543.742129
2455543.762562
2455543.782995
2455543.803428
2455543.823861
2455543.844294
2455543.864727
2455543.885160
2455543.905593
2455543.926026
2455543.946459
2455543.966892
2455543.987325
2455544.007758
2455544.028191
2455544.048624
2455544.069057
2455544.089490
2455544.109924
2455544.130357
2455544.150790
2455544.171223
2455544.191656
2455544.212089
2455544.232522
2455544.252955
2455544.273388
2455544.293821
2455544.314254
2455544.334687
2455544.355120
2455544.375553
2455544.395986
2455544.416419
2455544.436852
2455544.457285
2455544.477718
2455544.498151
2455544.518584
2455544.539018
2455544.559451
2455544.579884
2455544.600317
2455544.620750
2455544.641183
2455544.661616
2455544.682049
2455544.702482
2455544.722915
2455544.743348
2455544.763781
2455544.784214
2455544.804647
2455544.825080
2455544.845513
2455544.865946
2455544.886379
2455544.906812
2455544.927245
2455544.947679
2455544.968112
2455544.988545
2455545.008978
2455545.029411
2455545.049844
2455545.070277
2455545.090710
2455545.111143
2455545.131576
2455545.152009
2455545.172442
2455545.192875
2455545.213308
2455545.233741
2455545.254174
2455545.274608
2455545.295040
2455545.315474
2455545.335907
2455545.356340
2455545.376773
2455545.397206
2455545.417639
2455545.438072
2455545.458505
2455545.478938
2455545.499371
2455545.519804
2455545.540237
2455545.560670
2455545.581103
2455545.601536
2455545.621969
2455545.642402
2455545.662835
2455545.683269
2455545.703702
2455545.724135
2455545.744568
2455545.765001
2455545.785434
2455545.805867
2455545.826300
2455545.846733
2455545.867166
2455545.887599
2455545.908032
2455545.928465
2455545.948898
2455545.969331
2455545.989764
2455546.010197
2455546.030631
2455546.051063
2455546.071497
2455546.091930
2455546.112363
2455546.132796
2455546.153229
2455546.173662
2455546.194095
2455546.214528
2455546.234961
2455546.255394
2455546.275827
2455546.296260
2455546.316693
2455546.337126
2455546.357559
2455546.377993
2455546.398426
2455546.418859
2455546.439292
2455546.459725
2455546.480158
2455546.500591
2455546.521024
2455546.541457
2455546.561890
2455546.582323
2455546.602756
2455546.623189
2455546.643622
2455546.664055
2455546.684488
2455546.704921
2455546.725355
2455546.745788
2455546.766221
2455546.786654
2455546.807087
2455546.827520
2455546.847953
2455546.868386
2455546.888819
2455546.909252
2455546.929685
2455546.950118
2455546.970551
2455546.990984
2455547.011418
2455547.031851
2455547.052284
2455547.072717
2455547.093150
2455547.113583
2455547.134016
2455547.154449
2455547.174882
2455547.195315
2455547.215748
2455547.236181
2455547.256614
2455547.277047
2455547.297480
2455547.317913
2455547.338346
2455547.358780
2455547.379213
2455547.399646
2455547.420079
2455547.440512
2455547.460945
2455547.481378
2455547.501811
2455547.522244
2455547.542677
2455547.563110
2455547.583543
2455547.603976
2455547.624410
2455547.644843
2455547.665276
2455547.685709
2455547.706142
2455547.726575
2455547.747008
2455547.767441
2455547.787874
2455547.808307
2455547.828740
2455547.849173
2455547.869606
2455547.890039
2455547.910472
2455547.930905
2455547.951338
2455547.971772
2455547.992205
2455548.012638
2455548.033071
2455548.053504
2455548.073937
2455548.094370
2455548.114803
2455548.135236
2455548.155669
2455548.176102
2455548.196535
2455548.216968
2455548.237402
2455548.257835
2455548.278268
2455548.298701
2455548.319134
2455548.339567
2455548.360000
2455548.380433
2455548.400866
2455548.421299
2455548.441732
2455548.462165
2455548.482598
2455548.503031
2455548.523465
2455548.543898
2455548.564331
2455548.584764
2455548.605197
2455548.625630
2455548.646063
2455548.666496
2455548.686929
2455548.707362
2455548.727795
2455548.748228
2455548.768661
2455548.789094
2455548.809528
2455548.829961
2455548.850394
2455548.870827
2455548.891260
2455548.911693
2455548.932126
2455548.952559
2455548.972992
2455548.993425
2455549.013858
2455549.034291
2455549.054724
2455549.075158
2455549.095591
2455549.116024
2455549.136457
2455549.156890
2455549.177323
2455549.197756
2455549.218189
2455549.238622
2455549.259055
2455549.279488
2455549.299921
2455549.320355
2455549.340788
2455549.361221
2455549.381654
2455549.402087
2455549.422520
2455549.442953
2455549.463386
2455549.483819
2455549.504252
2455549.524685
2455549.545118
2455549.565551
2455549.585985
2455549.606418
2455549.626851
2455549.647284
2455549.667717
2455549.688150
2455549.708583
2455549.729016
2455549.749449
2455549.769882
2455549.790315
2455549.810748
2455549.831181
2455549.851615
2455549.872048
2455549.892481
2455549.912914
2455549.933347
2455549.953780
2455549.974213
2455549.994646
2455550.015079
2455550.035512
2455550.055945
2455550.076378
2455550.096812
2455550.117245
2455550.137678
2455550.158111
2455550.178544
2455550.198977
2455550.219410
2455550.239843
2455550.260276
2455550.280709
2455550.301142
2455550.321576
2455550.342009
2455550.362442
2455550.382875
2455550.403308
2455550.423741
2455550.444174
2455550.464607
2455550.485040
2455550.505473
2455550.525906
2455550.546339
2455550.566773
2455550.587205
2455550.607639
2455550.628072
2455550.648505
2455550.668938
2455550.689371
2455550.709804
2455550.730237
2455550.750670
2455550.771103
2455550.791536
2455550.811969
2455550.832403
2455550.852836
2455550.873269
2455550.893702
2455550.914135
2455550.934568
2455550.955001
2455550.975434
2455550.995867
2455551.016300
2455551.036734
2455551.057167
2455551.077600
2455551.098033
2455551.118466
2455551.138899
2455551.159332
2455551.179765
2455551.200198
2455551.220631
2455551.241064
2455551.261498
2455551.281931
2455551.302364
2455551.322797
2455551.343230
2455551.363663
2455551.384096
2455551.404529
2455551.424962
2455551.445395
2455551.465828
2455551.486262
2455551.506695
2455551.527128
2455551.547561
2455551.567994
2455551.588427
2455551.608860
2455551.629293
2455551.649726
2455551.670159
2455551.690592
2455551.711026
2455551.731459
2455551.751892
2455551.772325
2455551.792758
2455551.813191
2455551.833624
2455551.854057
2455551.874490
2455551.894923
2455551.915356
2455551.935790
2455551.956223
2455551.976656
2455551.997089
2455552.017522
2455552.037955
2455552.058388
2455552.078821
2455552.099254
2455552.119687
2455552.140121
2455552.160554
2455552.180987
2455552.201420
2455552.221853
2455552.242286
2455552.262719
2455552.283152
2455552.303585
2455552.324018
2455552.344451
2455552.364885
2455552.385318
2455552.405751
2455552.426184
2455552.446617
2455552.467050
2455552.487483
2455552.507916
2455552.528349
2455552.548782
