2455568.364050
2455568.384483
2455568.404916
2455568.425349
2455568.445783
2455568.466216
2455568.486649
2455568.507082
2455568.527515
2455568.547949
2455568.568382
2455568.588815
2455568.609248
2455568.629682
2455568.650115
2455568.670548
2455568.690981
2455568.711414
2455568.731848
2455568.752281
2455568.772714
2455568.793147
2455568.813581
2455568.834014
2455568.854447
2455568.874880
2455568.895314
2455568.915747
2455568.936180
2455568.956613
2455568.977046
2455568.997480
2455569.017913
2455569.038346
2455569.058779
2455569.079213
2455569.099646
2455569.120079
2455569.140512
2455569.160945
2455569.181379
2455569.201812
2455569.222245
2455569.242678
2455569.263112
2455569.283545
2455569.303978
2455569.324411
2455569.344845
2455569.365278
2455569.385711
2455569.406144
2455569.426578
2455569.447011
2455569.467444
2455569.487877
2455569.508311
2455569.528744
2455569.549177
2455569.569610
2455569.590043
2455569.610477
2455569.630910
2455569.651343
2455569.671776
2455569.692210
2455569.712643
2455569.733076
2455569.753509
2455569.773943
2455569.794376
2455569.814809
2455569.835242
2455569.855676
2455569.876109
2455569.896542
2455569.916975
2455569.937408
2455569.957842
2455569.978275
2455569.998708
2455570.019141
2455570.039575
2455570.060008
2455570.080441
2455570.100874
2455570.121308
2455570.141741
2455570.162174
2455570.182607
2455570.203041
2455570.223474
2455570.243907
2455570.264340
2455570.284774
2455570.305207
2455570.325640
2455570.346073
2455570.366507
2455570.386940
2455570.407373
2455570.427806
2455570.448239
2455570.468673
2455570.489106
2455570.509539
2455570.529972
2455570.550406
2455570.570839
2455570.591272
2455570.611705
2455570.632139
2455570.652572
2455570.673005
2455570.693438
2455570.713872
2455570.734305
2455570.754738
2455570.775171
2455570.795605
2455570.816038
2455570.836471
2455570.856904
2455570.877338
2455570.897771
2455570.918204
2455570.938637
2455570.959071
2455570.979504
2455570.999937
2455571.020370
2455571.040804
2455571.061237
2455571.081670
2455571.102103
2455571.122537
2455571.142970
2455571.163403
2455571.183836
2455571.204270
2455571.224703
2455571.245136
2455571.265569
2455571.286003
2455571.306436
2455571.326869
2455571.347302
2455571.367736
2455571.388169
2455571.408602
2455571.429035
2455571.449469
2455571.469902
2455571.490335
2455571.510768
2455571.531202
2455571.551635
2455571.572068
2455571.592501
2455571.612935
2455571.633368
2455571.653801
2455571.674234
2455571.694668
2455571.715101
2455571.735534
2455571.755967
2455571.776401
2455571.796834
2455571.817267
2455571.837700
2455571.858134
2455571.878567
2455571.899000
2455571.919434
2455571.939867
2455571.960300
2455571.980733
2455572.001167
2455572.021600
2455572.042033
2455572.062466
2455572.082900
2455572.103333
2455572.123766
2455572.144199
2455572.164633
2455572.185066
2455572.205499
2455572.225932
2455572.246366
2455572.266799
2455572.287232
2455572.307666
2455572.328099
2455572.348532
2455572.368965
2455572.389398
2455572.409832
2455572.430265
2455572.450698
2455572.471132
2455572.491565
2455572.511998
2455572.532431
2455572.552865
2455572.573298
2455572.593731
2455572.614164
2455572.634598
2455572.655031
2455572.675464
2455572.695898
2455572.716331
2455572.736764
2455572.757197
2455572.777630
2455572.798064
2455572.818497
2455572.838930
2455572.859364
2455572.879797
2455572.900230
2455572.920663
2455572.941097
2455572.961530
2455572.981963
2455573.002396
2455573.022830
2455573.043263
2455573.063696
2455573.084130
2455573.104563
2455573.124996
2455573.145429
2455573.165863
2455573.186296
2455573.206729
2455573.227162
2455573.247596
2455573.268029
2455573.288462
2455573.308895
2455573.329329
2455573.349762
2455573.370195
2455573.390629
2455573.411062
2455573.431495
2455573.451928
2455573.472362
2455573.492795
2455573.513228
2455573.533662
2455573.554095
2455573.574528
2455573.594961
2455573.615395
2455573.635828
2455573.656261
2455573.676694
2455573.697128
2455573.717561
2455573.737994
2455573.758428
2455573.778861
2455573.799294
2455573.819727
2455573.840161
2455573.860594
2455573.881027
2455573.901460
2455573.921894
2455573.942327
2455573.962760
2455573.983194
2455574.003627
2455574.024060
2455574.044493
2455574.064927
2455574.085360
2455574.105793
2455574.126226
2455574.146660
2455574.167093
2455574.187526
2455574.207960
2455574.228393
2455574.248826
2455574.269259
2455574.289693
2455574.310126
2455574.330559
2455574.350992
2455574.371426
2455574.391859
2455574.412292
2455574.432726
2455574.453159
2455574.473592
2455574.494025
2455574.514459
2455574.534892
2455574.555325
2455574.575759
2455574.596192
2455574.616625
2455574.637058
2455574.657492
2455574.677925
2455574.698358
2455574.718792
2455574.739225
2455574.759658
2455574.780091
2455574.800525
2455574.820958
2455574.841391
2455574.861825
2455574.882258
2455574.902691
2455574.923125
2455574.943558
2455574.963991
2455574.984424
2455575.004858
2455575.025291
2455575.045724
2455575.066157
2455575.086591
2455575.107024
2455575.127457
2455575.147891
2455575.168324
2455575.188757
2455575.209191
2455575.229624
2455575.250057
2455575.270490
2455575.290924
2455575.311357
2455575.331790
2455575.352223
2455575.372657
2455575.393090
2455575.413523
2455575.433957
2455575.454390
2455575.474823
2455575.495257
2455575.515690
2455575.536123
2455575.556556
2455575.576990
2455575.597423
2455575.617856
2455575.638290
2455575.658723
2455575.679156
2455575.699590
2455575.720023
2455575.740456
2455575.760889
2455575.781323
2455575.801756
2455575.822189
2455575.842622
2455575.863056
2455575.883489
2455575.903922
2455575.924356
2455575.944789
2455575.965222
2455575.985656
2455576.006089
2455576.026522
2455576.046956
2455576.067389
2455576.087822
2455576.108255
2455576.128689
2455576.149122
2455576.169555
2455576.189989
2455576.210422
2455576.230855
2455576.251288
2455576.271722
2455576.292155
2455576.312588
2455576.333022
2455576.353455
2455576.373888
2455576.394322
2455576.414755
2455576.435188
2455576.455621
2455576.476055
2455576.496488
2455576.516921
2455576.537355
2455576.557788
2455576.578221
2455576.598655
2455576.619088
2455576.639521
2455576.659954
2455576.680388
2455576.700821
2455576.721254
2455576.741688
2455576.762121
2455576.782554
2455576.802988
2455576.823421
2455576.843854
2455576.864287
2455576.884721
2455576.905154
2455576.925588
2455576.946021
2455576.966454
2455576.986887
2455577.007321
2455577.027754
2455577.048187
2455577.068621
2455577.089054
2455577.109487
2455577.129920
2455577.150354
2455577.170787
2455577.191220
2455577.211654
2455577.232087
2455577.252520
2455577.272954
2455577.293387
2455577.313820
2455577.334254
2455577.354687
2455577.375120
2455577.395554
2455577.415987
2455577.436420
2455577.456853
2455577.477287
2455577.497720
2455577.518153
2455577.538587
2455577.559020
2455577.579453
2455577.599887
2455577.620320
2455577.640753
2455577.661187
2455577.681620
2455577.702053
2455577.722487
2455577.742920
2455577.763353
2455577.783786
2455577.804220
2455577.824653
2455577.845086
2455577.865520
2455577.885953
2455577.906386
2455577.926820
2455577.947253
2455577.967686
2455577.988120
2455578.008553
2455578.028986
2455578.049420
2455578.069853
2455578.090286
2455578.110720
2455578.131153
2455578.151586
2455578.172019
2455578.192453
2455578.212886
2455578.233319
2455578.253753
2455578.274186
2455578.294619
2455578.315053
2455578.335486
2455578.355919
2455578.376353
2455578.396786
2455578.417219
2455578.437653
2455578.458086
2455578.478519
2455578.498953
2455578.519386
2455578.539819
2455578.560253
2455578.580686
2455578.601119
2455578.621552
2455578.641986
2455578.662419
2455578.682852
2455578.703286
2455578.723719
2455578.744152
2455578.764586
2455578.785019
2455578.805452
2455578.825886
2455578.846319
2455578.866752
2455578.887186
2455578.907619
2455578.928052
2455578.948486
2455578.968919
2455578.989352
2455579.009786
2455579.030219
2455579.050652
2455579.071086
2455579.091519
2455579.111952
2455579.132386
2455579.152819
2455579.173252
2455579.193686
2455579.214119
2455579.234552
2455579.254986
2455579.275419
2455579.295852
2455579.316286
2455579.336719
2455579.357152
2455579.377586
2455579.398019
2455579.418452
2455579.438886
2455579.459319
2455579.479752
2455579.500186
2455579.520619
2455579.541052
2455579.561486
2455579.581919
2455579.602352
2455579.622786
2455579.643219
2455579.663652
2455579.684086
2455579.704519
2455579.724952
2455579.745386
2455579.765819
2455579.786252
2455579.806686
2455579.827119
2455579.847552
2455579.867986
2455579.888419
2455579.908852
2455579.929286
2455579.949719
2455579.970152
2455579.990586
2455580.011019
2455580.031452
2455580.051886
2455580.072319
2455580.092752
2455580.113186
2455580.133619
2455580.154052
2455580.174486
2455580.194919
2455580.215352
2455580.235786
2455580.256219
2455580.276652
2455580.297086
2455580.317519
2455580.337952
2455580.358386
2455580.378819
2455580.399252
2455580.419686
2455580.440119
2455580.460552
2455580.480986
2455580.501419
2455580.521852
2455580.542286
2455580.562719
2455580.583152
2455580.603586
2455580.624019
2455580.644452
2455580.664886
2455580.685319
2455580.705752
2455580.726186
2455580.746619
2455580.767053
2455580.787486
2455580.807919
2455580.828353
2455580.848786
2455580.869219
2455580.889653
2455580.910086
2455580.930519
2455580.950953
2455580.971386
2455580.991819
2455581.012253
2455581.032686
2455581.053119
2455581.073553
2455581.093986
2455581.114419
2455581.134853
2455581.155286
2455581.175719
2455581.196153
2455581.216586
2455581.237020
2455581.257453
2455581.277886
2455581.298320
2455581.318753
2455581.339186
2455581.359620
2455581.380053
2455581.400486
2455581.420920
2455581.441353
2455581.461786
2455581.482220
2455581.502653
2455581.523086
2455581.543520
2455581.563953
2455581.584386
2455581.604820
2455581.625253
2455581.645686
2455581.666120
2455581.686553
2455581.706986
2455581.727420
2455581.747853
2455581.768287
2455581.788720
2455581.809153
2455581.829587
2455581.850020
2455581.870453
2455581.890887
2455581.911320
2455581.931754
2455581.952187
2455581.972620
2455581.993054
2455582.013487
2455582.033920
2455582.054354
2455582.074787
2455582.095220
2455582.115654
2455582.136087
2455582.156521
2455582.176954
2455582.197387
2455582.217821
2455582.238254
2455582.258687
2455582.279121
2455582.299554
2455582.319987
2455582.340421
2455582.360854
2455582.381287
2455582.401721
2455582.422154
2455582.442587
2455582.463021
2455582.483454
2455582.503888
2455582.524321
2455582.544754
2455582.565188
2455582.585621
2455582.606054
2455582.626488
2455582.646921
2455582.667355
2455582.687788
2455582.708221
2455582.728655
2455582.749088
2455582.769521
2455582.789955
2455582.810388
2455582.830821
2455582.851255
2455582.871688
2455582.892121
2455582.912555
2455582.932988
2455582.953422
2455582.973855
2455582.994288
2455583.014722
2455583.035155
2455583.055588
2455583.076022
2455583.096455
2455583.116889
2455583.137322
2455583.157755
2455583.178189
2455583.198622
2455583.219055
2455583.239489
2455583.259922
2455583.280356
2455583.300789
2455583.321222
2455583.341656
2455583.362089
2455583.382522
2455583.402956
2455583.423389
2455583.443822
2455583.464256
2455583.484689
2455583.505123
2455583.525556
2455583.545989
2455583.566423
2455583.586856
2455583.607289
2455583.627723
2455583.648156
2455583.668590
2455583.689023
2455583.709456
2455583.729890
2455583.750323
2455583.770756
2455583.791190
2455583.811623
2455583.832057
2455583.852490
2455583.872923
2455583.893357
2455583.913790
2455583.934224
2455583.954657
2455583.975090
2455583.995524
2455584.015957
2455584.036390
2455584.056824
2455584.077257
2455584.097690
2455584.118124
2455584.138557
2455584.158991
2455584.179424
2455584.199857
2455584.220291
2455584.240724
2455584.261157
2455584.281591
2455584.302024
2455584.322458
2455584.342891
2455584.363324
2455584.383758
2455584.404191
2455584.424625
2455584.445058
2455584.465491
2455584.485925
2455584.506358
2455584.526791
2455584.547225
2455584.567658
2455584.588092
2455584.608525
2455584.628958
2455584.649392
2455584.669825
2455584.690259
2455584.710692
2455584.731125
2455584.751559
2455584.771992
2455584.792425
2455584.812859
2455584.833292
2455584.853726
2455584.874159
2455584.894592
2455584.915026
2455584.935459
2455584.955893
2455584.976326
2455584.996759
2455585.017193
2455585.037626
2455585.058060
2455585.078493
2455585.098926
2455585.119360
2455585.139793
2455585.160227
2455585.180660
2455585.201093
2455585.221527
2455585.241960
2455585.262393
2455585.282827
2455585.303260
2455585.323694
2455585.344127
2455585.364560
2455585.384994
2455585.405427
2455585.425860
2455585.446294
2455585.466727
2455585.487161
2455585.507594
2455585.528028
2455585.548461
2455585.568894
2455585.589328
2455585.609761
2455585.630194
2455585.650628
2455585.671061
2455585.691495
2455585.711928
2455585.732362
2455585.752795
2455585.773228
2455585.793662
2455585.814095
2455585.834528
2455585.854962
2455585.875395
2455585.895829
2455585.916262
2455585.936695
2455585.957129
2455585.977562
2455585.997996
2455586.018429
2455586.038862
           NaN
           NaN
           NaN
2455586.120596
2455586.141029
2455586.161463
2455586.181896
2455586.202330
2455586.222763
2455586.243196
2455586.263630
2455586.284063
2455586.304497
2455586.324930
2455586.345363
2455586.365797
2455586.386230
2455586.406664
2455586.427097
2455586.447531
2455586.467964
2455586.488397
2455586.508831
2455586.529264
2455586.549698
2455586.570131
2455586.590564
2455586.610998
2455586.631431
2455586.651864
2455586.672298
2455586.692731
2455586.713165
2455586.733598
2455586.754032
2455586.774465
2455586.794898
2455586.815332
2455586.835765
2455586.856199
2455586.876632
2455586.897065
2455586.917499
2455586.937932
2455586.958366
2455586.978799
2455586.999232
2455587.019666
2455587.040099
2455587.060533
2455587.080966
2455587.101400
2455587.121833
2455587.142266
2455587.162700
2455587.183133
2455587.203567
2455587.224000
2455587.244433
2455587.264867
2455587.285300
2455587.305734
2455587.326167
2455587.346600
2455587.367034
2455587.387467
2455587.407901
2455587.428334
2455587.448767
2455587.469201
2455587.489634
2455587.510068
2455587.530501
2455587.550935
2455587.571368
2455587.591801
2455587.612235
2455587.632668
2455587.653102
2455587.673535
2455587.693968
2455587.714402
2455587.734835
2455587.755269
2455587.775702
2455587.796136
2455587.816569
2455587.837002
2455587.857436
2455587.877869
2455587.898303
2455587.918736
2455587.939169
2455587.959603
2455587.980036
2455588.000470
2455588.020903
2455588.041337
2455588.061770
2455588.082203
2455588.102637
2455588.123070
2455588.143504
2455588.163937
2455588.184371
2455588.204804
2455588.225237
2455588.245671
2455588.266104
2455588.286538
2455588.306971
2455588.327405
2455588.347838
2455588.368271
2455588.388705
2455588.409138
2455588.429572
2455588.450005
2455588.470438
2455588.490872
2455588.511305
2455588.531739
2455588.552172
2455588.572606
2455588.593039
2455588.613472
2455588.633906
2455588.654339
2455588.674773
2455588.695206
2455588.715640
2455588.736073
2455588.756506
2455588.776940
2455588.797373
2455588.817807
2455588.838240
2455588.858674
2455588.879107
2455588.899540
2455588.919974
2455588.940407
2455588.960841
2455588.981274
2455589.001708
2455589.022141
2455589.042574
2455589.063008
2455589.083441
2455589.103875
2455589.124308
2455589.144742
2455589.165175
2455589.185608
2455589.206042
2455589.226475
2455589.246909
2455589.267342
2455589.287776
2455589.308209
2455589.328643
2455589.349076
2455589.369509
2455589.389943
2455589.410376
2455589.430810
2455589.451243
2455589.471677
2455589.492110
2455589.512543
2455589.532977
2455589.553410
2455589.573844
2455589.594277
2455589.614711
2455589.635144
2455589.655577
2455589.676011
2455589.696444
2455589.716878
2455589.737311
2455589.757745
2455589.778178
2455589.798612
2455589.819045
2455589.839478
2455589.859912
2455589.880345
2455589.900779
2455589.921212
2455589.941646
2455589.962079
2455589.982512
2455590.002946
2455590.023379
2455590.043813
2455590.064246
2455590.084680
2455590.105113
2455590.125547
2455590.145980
2455590.166414
2455590.186847
2455590.207280
2455590.227714
2455590.248147
2455590.268581
2455590.289014
2455590.309448
2455590.329881
2455590.350315
2455590.370748
2455590.391181
2455590.411615
2455590.432048
2455590.452482
2455590.472915
2455590.493349
2455590.513782
2455590.534215
2455590.554649
2455590.575082
2455590.595516
2455590.615949
2455590.636383
2455590.656816
2455590.677250
2455590.697683
2455590.718117
2455590.738550
2455590.758983
2455590.779417
2455590.799850
2455590.820284
2455590.840717
2455590.861151
2455590.881584
2455590.902018
2455590.922451
2455590.942885
2455590.963318
2455590.983751
2455591.004185
2455591.024618
2455591.045052
2455591.065485
2455591.085919
2455591.106352
2455591.126786
2455591.147219
2455591.167653
2455591.188086
2455591.208519
2455591.228953
2455591.249386
2455591.269820
2455591.290253
2455591.310687
2455591.331120
2455591.351554
2455591.371987
2455591.392420
2455591.412854
2455591.433287
2455591.453721
2455591.474154
2455591.494588
2455591.515021
2455591.535455
2455591.555888
2455591.576322
2455591.596755
2455591.617189
2455591.637622
2455591.658055
2455591.678489
2455591.698922
2455591.719356
2455591.739789
2455591.760223
2455591.780656
2455591.801090
2455591.821523
2455591.841957
2455591.862390
2455591.882824
2455591.903257
2455591.923690
2455591.944124
2455591.964557
2455591.984991
2455592.005424
2455592.025858
2455592.046291
2455592.066725
2455592.087158
2455592.107592
2455592.128025
2455592.148459
2455592.168892
2455592.189325
2455592.209759
2455592.230192
2455592.250626
2455592.271059
2455592.291493
2455592.311926
2455592.332360
2455592.352793
2455592.373227
2455592.393660
2455592.414094
2455592.434527
2455592.454961
2455592.475394
2455592.495827
2455592.516261
2455592.536694
2455592.557128
2455592.577561
2455592.597995
2455592.618428
2455592.638862
2455592.659295
2455592.679729
2455592.700162
2455592.720596
2455592.741029
2455592.761463
2455592.781896
2455592.802330
2455592.822763
2455592.843196
2455592.863630
2455592.884064
2455592.904497
2455592.924930
2455592.945364
2455592.965797
2455592.986231
2455593.006664
2455593.027098
2455593.047531
2455593.067965
2455593.088398
2455593.108832
2455593.129265
2455593.149699
2455593.170132
2455593.190565
2455593.210999
2455593.231433
2455593.251866
2455593.272299
2455593.292733
2455593.313166
2455593.333600
2455593.354033
2455593.374467
2455593.394900
2455593.415334
2455593.435767
2455593.456201
2455593.476634
2455593.497068
2455593.517501
2455593.537935
2455593.558368
2455593.578802
2455593.599235
2455593.619669
2455593.640102
2455593.660536
2455593.680969
2455593.701402
2455593.721836
2455593.742269
2455593.762703
2455593.783136
2455593.803570
2455593.824003
2455593.844437
2455593.864870
2455593.885304
2455593.905737
2455593.926171
2455593.946604
2455593.967038
2455593.987471
2455594.007905
2455594.028338
2455594.048772
2455594.069205
           NaN
           NaN
           NaN
           NaN
           NaN
           NaN
           NaN
           NaN
           NaN
           NaN
           NaN
           NaN
           NaN
           NaN
           NaN
           NaN
           NaN
           NaN
           NaN
           NaN
           NaN
           NaN
           NaN
           NaN
           NaN
           NaN
           NaN
           NaN
           NaN
           NaN
           NaN
           NaN
           NaN
           NaN
           NaN
           NaN
           NaN
           NaN
           NaN
           NaN
           NaN
           NaN
           NaN
           NaN
           NaN
           NaN
           NaN
           NaN
           NaN
           NaN
           NaN
           NaN
           NaN
           NaN
           NaN
           NaN
           NaN
           NaN
           NaN
           NaN
           NaN
           NaN
           NaN
           NaN
           NaN
           NaN
           NaN
           NaN
           NaN
           NaN
           NaN
           NaN
           NaN
           NaN
           NaN
           NaN
           NaN
           NaN
           NaN
           NaN
           NaN
           NaN
           NaN
           NaN
           NaN
           NaN
           NaN
           NaN
           NaN
           NaN
           NaN
           NaN
           NaN
           NaN
           NaN
           NaN
           NaN
           NaN
           NaN
           NaN
           NaN
           NaN
           NaN
           NaN
           NaN
           NaN
           NaN
           NaN
           NaN
           NaN
           NaN
           NaN
           NaN
           NaN
           NaN
           NaN
           NaN
           NaN
           NaN
           NaN
           NaN
           NaN
           NaN
           NaN
           NaN
           NaN
           NaN
           NaN
           NaN
           NaN
2455596.745977
2455596.766411
2455596.786844
2455596.807278
2455596.827711
2455596.848145
2455596.868579
2455596.889012
2455596.909446
2455596.929879
2455596.950312
2455596.970746
2455596.991180
2455597.011613
2455597.032047
2455597.052480
2455597.072914
2455597.093347
2455597.113781
2455597.134214
2455597.154648
2455597.175081
2455597.195515
2455597.215948
2455597.236382
2455597.256815
2455597.277249
2455597.297682
2455597.318116
2455597.338549
2455597.358983
2455597.379416
2455597.399850
2455597.420283
2455597.440717
2455597.461150
2455597.481584
2455597.502018
2455597.522451
2455597.542885
2455597.563318
2455597.583752
2455597.604185
2455597.624619
2455597.645052
2455597.665486
2455597.685919
2455597.706353
2455597.726786
2455597.747220
2455597.767653
2455597.788087
2455597.808520
2455597.828954
2455597.849387
2455597.869821
2455597.890254
2455597.910688
2455597.931122
2455597.951555
2455597.971989
2455597.992422
2455598.012856
2455598.033289
2455598.053723
2455598.074156
2455598.094590
2455598.115023
2455598.135457
2455598.155890
2455598.176324
2455598.196757
2455598.217191
2455598.237624
2455598.258058
2455598.278492
2455598.298925
2455598.319359
2455598.339792
2455598.360226
2455598.380659
2455598.401093
2455598.421526
2455598.441960
2455598.462393
2455598.482827
2455598.503260
2455598.523694
2455598.544127
2455598.564561
2455598.584995
2455598.605428
2455598.625862
2455598.646295
2455598.666729
2455598.687162
2455598.707596
2455598.728029
2455598.748463
2455598.768896
2455598.789330
2455598.809764
2455598.830197
2455598.850631
2455598.871064
2455598.891498
2455598.911931
2455598.932365
2455598.952798
2455598.973232
2455598.993665
2455599.014099
2455599.034532
2455599.054966
2455599.075400
2455599.095833
2455599.116267
2455599.136700
2455599.157134
2455599.177567
2455599.198001
2455599.218434
2455599.238868
2455599.259301
2455599.279735
2455599.300169
2455599.320602
2455599.341035
2455599.361469
2455599.381903
2455599.402336
2455599.422770
2455599.443203
2455599.463637
2455599.484070
2455599.504504
2455599.524938
2455599.545371
2455599.565805
2455599.586238
2455599.606672
2455599.627105
2455599.647539
2455599.667972
2455599.688406
2455599.708839
2455599.729273
2455599.749706
2455599.770140
2455599.790574
2455599.811007
2455599.831441
2455599.851874
2455599.872308
2455599.892741
2455599.913175
2455599.933608
2455599.954042
2455599.974476
2455599.994909
2455600.015343
2455600.035776
2455600.056210
2455600.076643
2455600.097077
2455600.117510
2455600.137944
2455600.158377
2455600.178811
2455600.199245
2455600.219678
2455600.240112
2455600.260545
2455600.280979
2455600.301412
2455600.321846
2455600.342279
2455600.362713
2455600.383147
2455600.403580
2455600.424014
2455600.444447
2455600.464881
2455600.485314
2455600.505748
2455600.526181
2455600.546615
2455600.567049
2455600.587482
2455600.607916
2455600.628349
2455600.648783
2455600.669216
2455600.689650
2455600.710083
2455600.730517
2455600.750951
2455600.771384
2455600.791818
2455600.812251
2455600.832685
2455600.853118
2455600.873552
2455600.893986
2455600.914419
2455600.934853
2455600.955286
2455600.975720
2455600.996153
2455601.016587
2455601.037020
2455601.057454
2455601.077888
2455601.098321
2455601.118755
2455601.139188
2455601.159622
2455601.180055
2455601.200489
2455601.220922
2455601.241356
2455601.261790
2455601.282223
2455601.302657
2455601.323090
2455601.343524
2455601.363957
2455601.384391
2455601.404825
2455601.425258
2455601.445692
2455601.466125
2455601.486559
2455601.506992
2455601.527426
2455601.547859
2455601.568293
2455601.588727
2455601.609160
2455601.629594
2455601.650027
2455601.670461
2455601.690895
2455601.711328
2455601.731762
2455601.752195
2455601.772629
2455601.793062
2455601.813496
2455601.833929
2455601.854363
2455601.874797
2455601.895230
2455601.915664
2455601.936097
2455601.956531
2455601.976965
2455601.997398
2455602.017832
2455602.038265
2455602.058699
2455602.079132
2455602.099566
2455602.120000
2455602.140433
2455602.160867
2455602.181300
2455602.201734
2455602.222167
2455602.242601
2455602.263035
2455602.283468
2455602.303902
2455602.324335
2455602.344769
2455602.365202
2455602.385636
2455602.406070
2455602.426503
2455602.446937
2455602.467370
2455602.487804
2455602.508238
2455602.528671
2455602.549105
2455602.569538
2455602.589972
2455602.610405
2455602.630839
2455602.651272
2455602.671706
2455602.692140
2455602.712573
2455602.733007
2455602.753440
2455602.773874
2455602.794308
2455602.814741
2455602.835175
2455602.855608
2455602.876042
2455602.896476
2455602.916909
2455602.937343
2455602.957776
2455602.978210
2455602.998643
2455603.019077
2455603.039511
2455603.059944
2455603.080378
2455603.100811
2455603.121245
2455603.141679
2455603.162112
2455603.182546
2455603.202979
2455603.223413
2455603.243846
2455603.264280
2455603.284714
2455603.305147
2455603.325581
2455603.346014
2455603.366448
2455603.386882
2455603.407315
2455603.427749
2455603.448182
2455603.468616
2455603.489050
2455603.509483
2455603.529917
2455603.550350
2455603.570784
2455603.591217
2455603.611651
2455603.632085
2455603.652518
2455603.672952
2455603.693385
2455603.713819
2455603.734253
2455603.754686
2455603.775120
2455603.795553
2455603.815987
2455603.836421
2455603.856854
2455603.877288
2455603.897721
2455603.918155
2455603.938589
2455603.959022
2455603.979456
2455603.999889
2455604.020323
2455604.040756
2455604.061190
2455604.081624
2455604.102057
2455604.122491
2455604.142925
2455604.163358
2455604.183792
2455604.204225
2455604.224659
2455604.245092
2455604.265526
2455604.285960
2455604.306393
2455604.326827
2455604.347260
2455604.367694
2455604.388128
2455604.408561
2455604.428995
2455604.449429
2455604.469862
2455604.490296
2455604.510729
2455604.531163
2455604.551596
2455604.572030
2455604.592464
2455604.612897
2455604.633331
2455604.653764
2455604.674198
2455604.694632
2455604.715065
2455604.735499
2455604.755932
2455604.776366
2455604.796800
2455604.817233
2455604.837667
2455604.858100
2455604.878534
2455604.898968
2455604.919401
2455604.939835
2455604.960269
2455604.980702
2455605.001136
2455605.021569
2455605.042003
2455605.062437
2455605.082870
2455605.103304
2455605.123737
2455605.144171
2455605.164605
2455605.185038
2455605.205472
2455605.225905
2455605.246339
2455605.266773
2455605.287206
2455605.307640
2455605.328073
2455605.348507
2455605.368941
2455605.389374
2455605.409808
2455605.430241
2455605.450675
2455605.471109
2455605.491542
2455605.511976
2455605.532410
2455605.552843
2455605.573277
2455605.593710
2455605.614144
2455605.634578
2455605.655011
2455605.675445
2455605.695878
2455605.716312
2455605.736746
2455605.757179
2455605.777613
2455605.798047
2455605.818480
2455605.838914
2455605.859347
2455605.879781
2455605.900215
2455605.920648
2455605.941082
2455605.961515
2455605.981949
2455606.002383
2455606.022816
2455606.043250
2455606.063684
2455606.084117
2455606.104551
2455606.124984
2455606.145418
2455606.165852
2455606.186285
2455606.206719
2455606.227152
2455606.247586
2455606.268020
2455606.288453
2455606.308887
2455606.329321
2455606.349754
2455606.370188
2455606.390621
2455606.411055
2455606.431489
2455606.451922
2455606.472356
2455606.492790
2455606.513223
2455606.533657
2455606.554090
2455606.574524
2455606.594958
2455606.615391
2455606.635825
2455606.656259
2455606.676692
2455606.697126
2455606.717559
2455606.737993
2455606.758427
2455606.778860
2455606.799294
2455606.819727
2455606.840161
2455606.860595
2455606.881028
2455606.901462
2455606.921896
2455606.942329
2455606.962763
2455606.983196
2455607.003630
2455607.024064
2455607.044497
2455607.064931
2455607.085365
2455607.105798
2455607.126232
2455607.146665
2455607.167099
2455607.187533
2455607.207966
2455607.228400
2455607.248834
2455607.269267
2455607.289701
2455607.310135
2455607.330568
2455607.351002
2455607.371435
2455607.391869
2455607.412303
2455607.432736
2455607.453170
2455607.473604
2455607.494037
2455607.514471
2455607.534904
2455607.555338
2455607.575772
2455607.596205
2455607.616639
2455607.637073
2455607.657506
2455607.677940
2455607.698374
2455607.718807
2455607.739241
2455607.759675
2455607.780108
2455607.800542
2455607.820976
2455607.841409
2455607.861843
2455607.882276
2455607.902710
2455607.923144
2455607.943577
2455607.964011
2455607.984445
2455608.004878
2455608.025312
2455608.045745
2455608.066179
2455608.086613
2455608.107046
2455608.127480
2455608.147914
2455608.168347
2455608.188781
2455608.209215
2455608.229648
2455608.250082
2455608.270516
2455608.290949
2455608.311383
2455608.331816
2455608.352250
2455608.372684
2455608.393117
2455608.413551
2455608.433985
2455608.454418
2455608.474852
2455608.495286
2455608.515719
2455608.536153
2455608.556586
2455608.577020
2455608.597454
2455608.617887
2455608.638321
2455608.658755
2455608.679188
2455608.699622
2455608.720056
2455608.740489
2455608.760923
2455608.781357
2455608.801790
2455608.822224
2455608.842658
2455608.863091
2455608.883525
2455608.903958
2455608.924392
2455608.944826
2455608.965259
2455608.985693
2455609.006127
2455609.026560
2455609.046994
2455609.067428
2455609.087861
2455609.108295
2455609.128729
2455609.149162
2455609.169596
2455609.190029
2455609.210463
2455609.230897
2455609.251331
2455609.271764
2455609.292198
2455609.312631
2455609.333065
2455609.353499
2455609.373933
2455609.394366
2455609.414800
2455609.435233
2455609.455667
2455609.476101
2455609.496534
2455609.516968
2455609.537402
2455609.557835
2455609.578269
2455609.598703
2455609.619136
2455609.639570
2455609.660004
2455609.680437
2455609.700871
2455609.721305
2455609.741738
2455609.762172
2455609.782606
2455609.803039
2455609.823473
2455609.843906
2455609.864340
2455609.884774
2455609.905207
2455609.925641
2455609.946075
2455609.966508
2455609.986942
2455610.007376
2455610.027809
2455610.048243
2455610.068677
2455610.089110
2455610.109544
2455610.129978
2455610.150411
2455610.170845
2455610.191279
2455610.211712
2455610.232146
2455610.252580
2455610.273013
2455610.293447
2455610.313881
2455610.334314
2455610.354748
2455610.375182
2455610.395615
2455610.416049
2455610.436483
2455610.456916
2455610.477350
2455610.497784
2455610.518217
2455610.538651
2455610.559085
2455610.579518
2455610.599952
2455610.620386
2455610.640819
2455610.661253
2455610.681687
2455610.702120
2455610.722554
2455610.742988
2455610.763421
2455610.783855
2455610.804289
2455610.824722
2455610.845156
2455610.865590
2455610.886023
2455610.906457
2455610.926891
2455610.947324
2455610.967758
2455610.988192
2455611.008625
2455611.029059
2455611.049493
2455611.069926
2455611.090360
2455611.110794
2455611.131227
2455611.151661
2455611.172095
2455611.192528
2455611.212962
2455611.233396
2455611.253830
2455611.274263
2455611.294697
2455611.315131
2455611.335564
2455611.355998
2455611.376432
2455611.396865
2455611.417299
2455611.437733
2455611.458166
2455611.478600
2455611.499034
2455611.519467
2455611.539901
2455611.560335
2455611.580768
2455611.601202
2455611.621636
2455611.642069
2455611.662503
2455611.682937
2455611.703370
2455611.723804
2455611.744238
2455611.764671
2455611.785105
2455611.805539
2455611.825972
2455611.846406
2455611.866840
2455611.887273
2455611.907707
2455611.928141
2455611.948575
2455611.969008
2455611.989442
2455612.009876
2455612.030309
2455612.050743
2455612.071177
2455612.091610
2455612.112044
2455612.132478
2455612.152911
2455612.173345
2455612.193779
2455612.214212
2455612.234646
2455612.255080
2455612.275513
2455612.295947
2455612.316381
2455612.336814
2455612.357248
2455612.377682
2455612.398116
2455612.418549
2455612.438983
2455612.459417
2455612.479850
2455612.500284
2455612.520718
2455612.541151
2455612.561585
2455612.582019
2455612.602452
2455612.622886
2455612.643320
2455612.663754
2455612.684187
2455612.704621
2455612.725055
2455612.745488
2455612.765922
2455612.786356
2455612.806789
2455612.827223
2455612.847657
2455612.868090
2455612.888524
2455612.908958
2455612.929392
2455612.949825
2455612.970259
2455612.990693
2455613.011126
2455613.031560
2455613.051994
2455613.072427
2455613.092861
2455613.113295
2455613.133728
2455613.154162
2455613.174596
2455613.195030
2455613.215463
2455613.235897
2455613.256331
2455613.276764
2455613.297198
2455613.317632
2455613.338065
2455613.358499
2455613.378933
2455613.399366
2455613.419800
2455613.440234
2455613.460668
2455613.481101
2455613.501535
2455613.521969
2455613.542402
2455613.562836
2455613.583270
2455613.603703
2455613.624137
2455613.644571
2455613.665004
2455613.685438
2455613.705872
2455613.726306
2455613.746739
2455613.767173
2455613.787607
2455613.808040
2455613.828474
2455613.848908
2455613.869342
2455613.889775
2455613.910209
2455613.930643
2455613.951076
2455613.971510
2455613.991944
2455614.012377
2455614.032811
2455614.053245
2455614.073678
2455614.094112
2455614.114546
2455614.134980
2455614.155413
2455614.175847
2455614.196281
2455614.216714
2455614.237148
2455614.257582
2455614.278016
2455614.298449
2455614.318883
2455614.339317
2455614.359750
2455614.380184
2455614.400618
2455614.421052
2455614.441485
2455614.461919
2455614.482353
2455614.502786
2455614.523220
2455614.543654
2455614.564088
2455614.584521
2455614.604955
2455614.625389
2455614.645822
2455614.666256
2455614.686690
2455614.707124
2455614.727557
2455614.747991
2455614.768425
2455614.788858
2455614.809292
2455614.829726
2455614.850159
2455614.870593
2455614.891027
2455614.911461
2455614.931894
2455614.952328
2455614.972762
2455614.993195
2455615.013629
2455615.034063
2455615.054497
2455615.074930
2455615.095364
2455615.115798
2455615.136232
2455615.156665
2455615.177099
2455615.197533
           NaN
           NaN
           NaN
2455615.279267
2455615.299701
2455615.320135
2455615.340569
2455615.361002
2455615.381436
2455615.401870
2455615.422304
2455615.442737
2455615.463171
2455615.483605
2455615.504038
2455615.524472
2455615.544906
2455615.565339
2455615.585773
2455615.606207
2455615.626641
2455615.647074
2455615.667508
2455615.687942
2455615.708376
2455615.728809
2455615.749243
2455615.769677
2455615.790110
2455615.810544
2455615.830978
2455615.851412
2455615.871845
2455615.892279
2455615.912713
2455615.933147
2455615.953580
2455615.974014
2455615.994448
2455616.014881
2455616.035315
2455616.055749
2455616.076183
2455616.096616
2455616.117050
2455616.137484
2455616.157917
2455616.178351
2455616.198785
2455616.219219
2455616.239652
2455616.260086
2455616.280520
2455616.300954
2455616.321387
2455616.341821
2455616.362255
2455616.382689
2455616.403122
2455616.423556
2455616.443990
2455616.464424
2455616.484857
2455616.505291
2455616.525725
2455616.546158
2455616.566592
2455616.587026
2455616.607460
2455616.627893
2455616.648327
2455616.668761
2455616.689195
2455616.709628
2455616.730062
2455616.750496
2455616.770929
2455616.791363
2455616.811797
2455616.832231
2455616.852664
2455616.873098
2455616.893532
2455616.913966
2455616.934399
2455616.954833
2455616.975267
2455616.995700
2455617.016134
2455617.036568
2455617.057002
2455617.077435
2455617.097869
2455617.118303
2455617.138737
2455617.159170
2455617.179604
2455617.200038
2455617.220472
2455617.240905
2455617.261339
2455617.281773
2455617.302207
2455617.322640
2455617.343074
2455617.363508
2455617.383941
2455617.404375
2455617.424809
2455617.445243
2455617.465676
2455617.486110
2455617.506544
2455617.526978
2455617.547411
2455617.567845
2455617.588279
2455617.608713
2455617.629146
2455617.649580
2455617.670014
2455617.690448
2455617.710881
2455617.731315
2455617.751749
2455617.772183
2455617.792616
2455617.813050
2455617.833484
2455617.853918
2455617.874351
2455617.894785
2455617.915219
2455617.935653
2455617.956086
2455617.976520
2455617.996954
2455618.017388
2455618.037821
2455618.058255
2455618.078689
2455618.099122
2455618.119556
2455618.139990
2455618.160424
2455618.180857
2455618.201291
2455618.221725
2455618.242159
2455618.262592
2455618.283026
2455618.303460
2455618.323894
2455618.344327
2455618.364761
2455618.385195
2455618.405629
2455618.426062
2455618.446496
2455618.466930
2455618.487364
2455618.507797
2455618.528231
2455618.548665
2455618.569099
2455618.589532
2455618.609966
2455618.630400
2455618.650834
2455618.671267
2455618.691701
2455618.712135
2455618.732569
2455618.753002
2455618.773436
2455618.793870
2455618.814304
2455618.834737
2455618.855171
2455618.875605
2455618.896039
2455618.916473
2455618.936906
2455618.957340
2455618.977774
2455618.998207
2455619.018641
2455619.039075
2455619.059509
2455619.079943
2455619.100376
2455619.120810
2455619.141244
2455619.161678
2455619.182111
2455619.202545
2455619.222979
2455619.243413
2455619.263846
2455619.284280
2455619.304714
2455619.325148
2455619.345581
2455619.366015
2455619.386449
2455619.406883
2455619.427316
2455619.447750
2455619.468184
2455619.488618
2455619.509051
2455619.529485
2455619.549919
2455619.570353
2455619.590787
2455619.611220
2455619.631654
2455619.652088
2455619.672522
2455619.692955
2455619.713389
2455619.733823
2455619.754257
2455619.774690
2455619.795124
2455619.815558
2455619.835992
2455619.856425
2455619.876859
2455619.897293
2455619.917727
2455619.938161
2455619.958594
2455619.979028
2455619.999462
2455620.019896
2455620.040329
2455620.060763
2455620.081197
2455620.101631
2455620.122064
2455620.142498
2455620.162932
2455620.183366
2455620.203800
2455620.224233
2455620.244667
2455620.265101
2455620.285534
2455620.305968
2455620.326402
2455620.346836
2455620.367270
2455620.387703
2455620.408137
2455620.428571
2455620.449005
2455620.469439
2455620.489872
2455620.510306
2455620.530740
2455620.551174
2455620.571607
2455620.592041
2455620.612475
2455620.632909
2455620.653342
2455620.673776
2455620.694210
2455620.714644
2455620.735077
2455620.755511
2455620.775945
2455620.796379
2455620.816813
2455620.837246
2455620.857680
2455620.878114
2455620.898548
2455620.918982
2455620.939415
2455620.959849
2455620.980283
2455621.000717
2455621.021150
2455621.041584
2455621.062018
2455621.082452
2455621.102886
2455621.123319
2455621.143753
2455621.164187
2455621.184621
2455621.205054
2455621.225488
2455621.245922
2455621.266356
2455621.286789
2455621.307223
2455621.327657
2455621.348091
2455621.368525
2455621.388958
2455621.409392
2455621.429826
2455621.450260
2455621.470694
2455621.491127
2455621.511561
2455621.531995
2455621.552429
2455621.572863
2455621.593296
2455621.613730
2455621.634164
2455621.654598
2455621.675031
2455621.695465
2455621.715899
2455621.736333
2455621.756767
2455621.777200
2455621.797634
2455621.818068
2455621.838502
2455621.858935
2455621.879369
2455621.899803
2455621.920237
2455621.940671
2455621.961104
2455621.981538
2455622.001972
2455622.022406
2455622.042839
2455622.063273
2455622.083707
2455622.104141
2455622.124575
2455622.145008
2455622.165442
2455622.185876
2455622.206310
2455622.226744
2455622.247177
2455622.267611
2455622.288045
2455622.308479
2455622.328913
2455622.349346
2455622.369780
2455622.390214
2455622.410648
2455622.431082
2455622.451515
2455622.471949
2455622.492383
2455622.512817
2455622.533250
2455622.553684
2455622.574118
2455622.594552
2455622.614986
2455622.635419
2455622.655853
2455622.676287
2455622.696721
2455622.717155
2455622.737588
2455622.758022
2455622.778456
2455622.798890
2455622.819324
2455622.839757
2455622.860191
2455622.880625
2455622.901059
2455622.921493
2455622.941926
2455622.962360
2455622.982794
2455623.003228
2455623.023662
2455623.044095
2455623.064529
2455623.084963
2455623.105397
2455623.125831
2455623.146264
2455623.166698
2455623.187132
2455623.207566
2455623.227999
2455623.248433
2455623.268867
2455623.289301
2455623.309735
2455623.330168
2455623.350602
2455623.371036
2455623.391470
2455623.411904
2455623.432338
2455623.452771
2455623.473205
2455623.493639
2455623.514073
2455623.534507
2455623.554940
2455623.575374
2455623.595808
2455623.616242
2455623.636676
2455623.657109
2455623.677543
2455623.697977
2455623.718411
2455623.738845
2455623.759278
2455623.779712
2455623.800146
2455623.820580
2455623.841013
2455623.861447
2455623.881881
2455623.902315
2455623.922749
2455623.943183
2455623.963616
2455623.984050
2455624.004484
2455624.024918
2455624.045352
2455624.065785
2455624.086219
2455624.106653
2455624.127087
2455624.147521
2455624.167955
2455624.188388
2455624.208822
2455624.229256
2455624.249690
2455624.270124
2455624.290557
2455624.310991
2455624.331425
2455624.351859
2455624.372293
2455624.392726
2455624.413160
2455624.433594
2455624.454028
2455624.474462
2455624.494895
2455624.515329
2455624.535763
2455624.556197
2455624.576631
2455624.597065
2455624.617498
2455624.637932
2455624.658366
2455624.678800
2455624.699234
2455624.719667
2455624.740101
2455624.760535
2455624.780969
2455624.801403
2455624.821837
2455624.842270
2455624.862704
2455624.883138
2455624.903572
2455624.924006
2455624.944439
2455624.964873
2455624.985307
2455625.005741
2455625.026175
2455625.046608
2455625.067042
2455625.087476
2455625.107910
2455625.128344
2455625.148778
2455625.169211
2455625.189645
2455625.210079
2455625.230513
2455625.250947
2455625.271380
2455625.291814
2455625.312248
2455625.332682
2455625.353116
2455625.373550
2455625.393983
2455625.414417
2455625.434851
2455625.455285
2455625.475719
2455625.496152
2455625.516586
2455625.537020
2455625.557454
2455625.577888
2455625.598322
2455625.618755
2455625.639189
2455625.659623
2455625.680057
2455625.700491
2455625.720924
2455625.741358
2455625.761792
2455625.782226
2455625.802660
2455625.823094
2455625.843528
2455625.863961
2455625.884395
2455625.904829
2455625.925263
2455625.945697
2455625.966131
2455625.986564
2455626.006998
2455626.027432
2455626.047866
2455626.068300
2455626.088733
2455626.109167
2455626.129601
2455626.150035
2455626.170469
2455626.190903
2455626.211336
2455626.231770
2455626.252204
2455626.272638
2455626.293072
2455626.313506
2455626.333939
2455626.354373
2455626.374807
2455626.395241
2455626.415675
2455626.436108
2455626.456542
2455626.476976
2455626.497410
2455626.517844
2455626.538278
2455626.558712
2455626.579145
2455626.599579
2455626.620013
2455626.640447
2455626.660881
2455626.681315
2455626.701748
2455626.722182
2455626.742616
2455626.763050
2455626.783484
2455626.803918
2455626.824351
2455626.844785
2455626.865219
2455626.885653
2455626.906087
2455626.926521
2455626.946954
2455626.967388
2455626.987822
2455627.008256
2455627.028690
2455627.049124
2455627.069557
2455627.089991
2455627.110425
2455627.130859
2455627.151293
2455627.171727
2455627.192160
2455627.212594
2455627.233028
2455627.253462
2455627.273896
2455627.294330
2455627.314763
2455627.335197
2455627.355631
2455627.376065
2455627.396499
2455627.416933
2455627.437367
2455627.457800
2455627.478234
2455627.498668
2455627.519102
2455627.539536
2455627.559970
2455627.580403
2455627.600837
2455627.621271
2455627.641705
2455627.662139
2455627.682573
2455627.703006
2455627.723440
2455627.743874
2455627.764308
2455627.784742
2455627.805176
2455627.825610
2455627.846043
2455627.866477
2455627.886911
2455627.907345
2455627.927779
2455627.948213
2455627.968647
2455627.989080
2455628.009514
2455628.029948
2455628.050382
2455628.070816
2455628.091250
2455628.111683
2455628.132117
2455628.152551
2455628.172985
2455628.193419
2455628.213853
2455628.234287
2455628.254720
2455628.275154
2455628.295588
2455628.316022
2455628.336456
2455628.356890
2455628.377323
2455628.397757
2455628.418191
2455628.438625
2455628.459059
2455628.479493
2455628.499927
2455628.520361
2455628.540794
2455628.561228
2455628.581662
2455628.602096
2455628.622530
2455628.642964
2455628.663397
2455628.683831
2455628.704265
2455628.724699
2455628.745133
2455628.765567
2455628.786001
2455628.806434
2455628.826868
2455628.847302
2455628.867736
2455628.888170
2455628.908604
2455628.929037
2455628.949471
2455628.969905
2455628.990339
2455629.010773
2455629.031207
2455629.051641
2455629.072075
2455629.092508
2455629.112942
2455629.133376
2455629.153810
2455629.174244
2455629.194678
2455629.215112
2455629.235545
2455629.255979
2455629.276413
2455629.296847
2455629.317281
2455629.337715
2455629.358149
2455629.378582
2455629.399016
2455629.419450
2455629.439884
2455629.460318
2455629.480752
2455629.501185
2455629.521619
2455629.542053
2455629.562487
2455629.582921
2455629.603355
2455629.623789
2455629.644223
2455629.664656
2455629.685090
2455629.705524
2455629.725958
2455629.746392
2455629.766826
2455629.787260
2455629.807694
2455629.828127
2455629.848561
2455629.868995
2455629.889429
2455629.909863
2455629.930297
2455629.950731
2455629.971164
2455629.991598
2455630.012032
2455630.032466
2455630.052900
2455630.073334
2455630.093768
2455630.114201
2455630.134635
2455630.155069
2455630.175503
2455630.195937
2455630.216371
2455630.236805
2455630.257239
2455630.277672
2455630.298106
2455630.318540
2455630.338974
2455630.359408
2455630.379842
2455630.400276
2455630.420709
2455630.441143
2455630.461577
2455630.482011
2455630.502445
2455630.522879
2455630.543313
2455630.563747
2455630.584181
2455630.604614
2455630.625048
2455630.645482
2455630.665916
2455630.686350
2455630.706784
2455630.727218
2455630.747651
2455630.768085
2455630.788519
2455630.808953
2455630.829387
2455630.849821
2455630.870255
2455630.890689
2455630.911123
2455630.931556
2455630.951990
2455630.972424
2455630.992858
2455631.013292
2455631.033726
2455631.054159
2455631.074593
2455631.095027
2455631.115461
2455631.135895
2455631.156329
2455631.176763
2455631.197197
2455631.217631
2455631.238065
2455631.258498
2455631.278932
2455631.299366
2455631.319800
2455631.340234
2455631.360668
2455631.381102
2455631.401536
2455631.421969
2455631.442403
2455631.462837
2455631.483271
2455631.503705
2455631.524139
2455631.544573
2455631.565007
2455631.585440
2455631.605874
2455631.626308
2455631.646742
2455631.667176
2455631.687610
2455631.708044
2455631.728478
2455631.748912
2455631.769345
2455631.789779
2455631.810213
2455631.830647
2455631.851081
2455631.871515
2455631.891949
2455631.912383
2455631.932816
2455631.953250
2455631.973684
2455631.994118
2455632.014552
2455632.034986
2455632.055420
2455632.075854
2455632.096287
2455632.116721
2455632.137155
2455632.157589
2455632.178023
2455632.198457
2455632.218891
2455632.239325
2455632.259759
2455632.280193
2455632.300626
2455632.321060
2455632.341494
2455632.361928
2455632.382362
2455632.402796
2455632.423230
2455632.443664
2455632.464098
2455632.484531
2455632.504965
2455632.525399
2455632.545833
2455632.566267
2455632.586701
2455632.607135
2455632.627569
2455632.648003
2455632.668436
2455632.688870
2455632.709304
2455632.729738
2455632.750172
2455632.770606
2455632.791040
2455632.811474
2455632.831907
2455632.852341
2455632.872775
2455632.893209
2455632.913643
2455632.934077
2455632.954511
2455632.974945
2455632.995379
2455633.015813
2455633.036246
2455633.056680
2455633.077114
2455633.097548
2455633.117982
2455633.138416
2455633.158850
2455633.179284
2455633.199718
2455633.220151
2455633.240585
2455633.261019
2455633.281453
2455633.301887
2455633.322321
2455633.342755
2455633.363189
2455633.383623
2455633.404057
2455633.424491
2455633.444924
2455633.465358
2455633.485792
2455633.506226
2455633.526660
2455633.547094
2455633.567528
2455633.587962
2455633.608396
2455633.628830
2455633.649263
2455633.669697
2455633.690131
2455633.710565
2455633.730999
2455633.751433
2455633.771867
2455633.792301
2455633.812735
2455633.833169
2455633.853602
2455633.874036
2455633.894470
2455633.914904
2455633.935338
2455633.955772
2455633.976206
2455633.996640
2455634.017074
2455634.037507
2455634.057941
2455634.078375
2455634.098809
2455634.119243
2455634.139677
2455634.160111
2455634.180545
2455634.200979
2455634.221413
2455634.241847
2455634.262280
2455634.282714
2455634.303148
2455634.323582
2455634.344016
2455634.364450
2455634.384884
2455634.405318
2455634.425752
2455634.446186
2455634.466620
2455634.487053
2455634.507487
2455634.527921
2455634.548355
2455634.568789
2455634.589223
2455634.609657
2455634.630091
2455634.650525
2455634.670959
2455634.691393
2455634.711826
2455634.732260
2455634.752694
2455634.773128
2455634.793562
2455634.813996
2455634.834430
2455634.854864
2455634.875298
2455634.895732
2455634.916166
2455634.936599
2455634.957033
2455634.977467
2455634.997901
2455635.018335
2455635.038769
2455635.059203
2455635.079637
2455635.100071
2455635.120505
2455635.140939
2455635.161372
2455635.181806
2455635.202240
2455635.222674
2455635.243108
2455635.263542
2455635.283976
2455635.304410
2455635.324844
2455635.345278
