2455002.519490
2455002.539924
2455002.560358
2455002.580792
2455002.601226
2455002.621660
2455002.642094
2455002.662528
2455002.682962
2455002.703396
2455002.723830
           NaN
2455002.764698
2455002.785132
2455002.805566
2455002.826000
2455002.846434
2455002.866868
2455002.887302
2455002.907736
2455002.928170
2455002.948604
2455002.969038
2455002.989472
2455003.009906
2455003.030340
2455003.050774
2455003.071208
2455003.091642
2455003.112076
2455003.132511
2455003.152945
2455003.173379
2455003.193813
2455003.214247
2455003.234681
2455003.255115
2455003.275549
2455003.295983
2455003.316417
2455003.336851
2455003.357285
2455003.377719
2455003.398153
2455003.418587
2455003.439021
2455003.459455
2455003.479889
2455003.500323
2455003.520757
2455003.541191
2455003.561625
2455003.582059
2455003.602493
2455003.622927
2455003.643361
2455003.663795
2455003.684229
2455003.704663
2455003.725097
2455003.745531
2455003.765965
2455003.786399
2455003.806833
2455003.827267
2455003.847701
2455003.868135
2455003.888569
2455003.909003
2455003.929437
2455003.949871
2455003.970305
2455003.990739
2455004.011173
2455004.031607
2455004.052041
2455004.072475
2455004.092909
2455004.113343
2455004.133777
2455004.154211
2455004.174645
2455004.195079
2455004.215513
2455004.235947
2455004.256381
2455004.276815
2455004.297249
2455004.317683
2455004.338118
2455004.358552
2455004.378986
2455004.399419
2455004.419854
2455004.440288
2455004.460721
2455004.481156
2455004.501590
2455004.522024
2455004.542458
2455004.562892
2455004.583326
2455004.603760
2455004.624194
2455004.644628
2455004.665062
2455004.685496
2455004.705930
2455004.726364
2455004.746798
2455004.767232
2455004.787666
2455004.808100
2455004.828534
2455004.848968
2455004.869402
2455004.889836
2455004.910270
2455004.930704
2455004.951138
2455004.971572
2455004.992006
2455005.012440
2455005.032874
2455005.053308
2455005.073742
2455005.094176
2455005.114610
2455005.135044
2455005.155478
2455005.175912
2455005.196346
2455005.216780
2455005.237214
2455005.257648
2455005.278082
2455005.298516
2455005.318950
2455005.339384
2455005.359818
2455005.380252
2455005.400686
2455005.421120
2455005.441554
2455005.461988
2455005.482422
2455005.502856
2455005.523290
2455005.543724
2455005.564158
2455005.584592
2455005.605026
2455005.625460
2455005.645894
2455005.666328
2455005.686762
2455005.707196
2455005.727630
2455005.748064
2455005.768498
2455005.788932
2455005.809366
2455005.829800
2455005.850234
2455005.870668
2455005.891102
2455005.911536
2455005.931970
2455005.952404
2455005.972838
2455005.993272
2455006.013706
2455006.034140
2455006.054574
2455006.075008
2455006.095442
2455006.115876
2455006.136310
2455006.156744
2455006.177178
2455006.197612
2455006.218046
2455006.238480
2455006.258914
2455006.279348
2455006.299782
2455006.320216
2455006.340650
2455006.361084
2455006.381518
2455006.401952
2455006.422386
2455006.442820
2455006.463254
2455006.483688
2455006.504122
2455006.524556
2455006.544990
2455006.565424
2455006.585858
2455006.606292
2455006.626726
2455006.647160
2455006.667594
2455006.688028
2455006.708462
2455006.728896
2455006.749330
2455006.769764
2455006.790198
2455006.810632
2455006.831066
2455006.851500
2455006.871934
2455006.892368
2455006.912802
2455006.933236
2455006.953670
2455006.974104
2455006.994538
2455007.014972
2455007.035406
2455007.055840
2455007.076274
2455007.096708
2455007.117142
2455007.137576
2455007.158010
2455007.178444
2455007.198878
2455007.219312
2455007.239746
2455007.260180
2455007.280614
2455007.301048
2455007.321482
2455007.341916
2455007.362350
2455007.382784
2455007.403218
2455007.423652
2455007.444086
2455007.464520
2455007.484954
2455007.505388
2455007.525822
2455007.546256
2455007.566690
2455007.587124
2455007.607558
2455007.627992
2455007.648425
2455007.668859
2455007.689293
2455007.709727
2455007.730161
2455007.750595
2455007.771029
2455007.791463
2455007.811897
2455007.832331
2455007.852765
2455007.873199
2455007.893633
2455007.914067
2455007.934501
2455007.954935
2455007.975369
2455007.995803
2455008.016237
2455008.036671
2455008.057105
2455008.077539
2455008.097973
2455008.118407
2455008.138841
2455008.159275
2455008.179709
2455008.200143
2455008.220577
2455008.241011
2455008.261445
2455008.281879
2455008.302313
2455008.322747
2455008.343181
2455008.363615
2455008.384049
2455008.404483
2455008.424917
2455008.445351
2455008.465785
2455008.486219
2455008.506653
2455008.527087
2455008.547521
2455008.567955
2455008.588389
2455008.608823
2455008.629257
2455008.649691
2455008.670125
2455008.690559
2455008.710993
2455008.731427
2455008.751861
2455008.772295
2455008.792729
2455008.813163
2455008.833597
2455008.854031
2455008.874464
2455008.894898
2455008.915333
2455008.935766
2455008.956200
2455008.976634
2455008.997068
2455009.017502
2455009.037936
2455009.058370
2455009.078804
2455009.099238
2455009.119672
2455009.140106
2455009.160540
2455009.180974
2455009.201408
2455009.221842
2455009.242276
2455009.262710
2455009.283144
2455009.303578
2455009.324012
2455009.344446
2455009.364880
2455009.385314
2455009.405748
2455009.426182
2455009.446616
2455009.467050
2455009.487484
2455009.507918
2455009.528352
2455009.548786
2455009.569220
2455009.589654
2455009.610088
2455009.630522
2455009.650956
2455009.671390
2455009.691824
2455009.712258
2455009.732691
2455009.753125
2455009.773559
2455009.793993
2455009.814427
2455009.834861
2455009.855295
2455009.875729
2455009.896163
2455009.916597
2455009.937031
2455009.957465
2455009.977899
2455009.998333
2455010.018767
2455010.039201
2455010.059635
2455010.080069
2455010.100503
2455010.120937
2455010.141371
2455010.161805
2455010.182239
2455010.202673
2455010.223107
2455010.243541
2455010.263975
2455010.284409
2455010.304843
2455010.325277
2455010.345711
2455010.366145
2455010.386579
2455010.407012
2455010.427446
2455010.447880
2455010.468314
2455010.488748
2455010.509182
2455010.529616
2455010.550050
2455010.570484
2455010.590918
2455010.611352
2455010.631786
2455010.652220
2455010.672654
2455010.693088
2455010.713522
2455010.733956
2455010.754390
2455010.774824
2455010.795258
2455010.815692
2455010.836126
2455010.856560
2455010.876994
2455010.897428
2455010.917862
2455010.938296
2455010.958730
2455010.979164
2455010.999597
2455011.020031
2455011.040465
2455011.060899
2455011.081333
2455011.101767
2455011.122201
2455011.142635
2455011.163069
2455011.183503
2455011.203937
2455011.224371
2455011.244805
2455011.265239
2455011.285673
2455011.306107
2455011.326541
2455011.346975
2455011.367409
2455011.387843
2455011.408277
2455011.428711
2455011.449145
2455011.469579
2455011.490013
2455011.510446
2455011.530880
2455011.551314
2455011.571748
2455011.592182
2455011.612616
2455011.633050
2455011.653484
2455011.673918
2455011.694352
2455011.714786
2455011.735220
2455011.755654
2455011.776088
2455011.796522
2455011.816956
2455011.837390
2455011.857824
2455011.878258
2455011.898692
2455011.919126
2455011.939560
2455011.959994
2455011.980427
2455012.000862
2455012.021295
2455012.041729
2455012.062163
2455012.082597
2455012.103031
2455012.123465
2455012.143899
2455012.164333
2455012.184767
2455012.205201
2455012.225635
2455012.246069
2455012.266503
2455012.286937
2455012.307371
2455012.327805
2455012.348239
2455012.368673
2455012.389107
2455012.409541
2455012.429975
2455012.450408
2455012.470842
2455012.491276
2455012.511710
2455012.532144
2455012.552578
2455012.573012
2455012.593446
2455012.613880
2455012.634314
2455012.654748
2455012.675182
2455012.695616
2455012.716050
2455012.736484
2455012.756918
2455012.777352
2455012.797786
2455012.818220
2455012.838653
2455012.859088
2455012.879521
2455012.899955
2455012.920389
2455012.940823
2455012.961257
2455012.981691
2455013.002125
2455013.022559
2455013.042993
2455013.063427
2455013.083861
2455013.104295
2455013.124729
2455013.145163
2455013.165597
2455013.186031
2455013.206465
2455013.226899
2455013.247332
2455013.267766
2455013.288200
2455013.308634
2455013.329068
2455013.349502
2455013.369936
2455013.390370
2455013.410804
2455013.431238
2455013.451672
2455013.472106
2455013.492540
2455013.512974
2455013.533408
2455013.553842
2455013.574276
2455013.594709
2455013.615143
2455013.635577
2455013.656011
2455013.676445
2455013.696879
2455013.717313
2455013.737747
2455013.758181
2455013.778615
2455013.799049
2455013.819483
2455013.839917
2455013.860351
2455013.880785
2455013.901219
2455013.921653
2455013.942087
2455013.962520
2455013.982954
2455014.003388
2455014.023822
2455014.044256
2455014.064690
2455014.085124
2455014.105558
2455014.125992
2455014.146426
2455014.166860
2455014.187294
2455014.207728
2455014.228162
2455014.248596
2455014.269029
2455014.289464
2455014.309897
2455014.330331
2455014.350765
2455014.371199
2455014.391633
2455014.412067
2455014.432501
2455014.452935
2455014.473369
2455014.493803
2455014.514237
           NaN
           NaN
           NaN
           NaN
           NaN
           NaN
           NaN
           NaN
           NaN
           NaN
           NaN
           NaN
           NaN
           NaN
           NaN
           NaN
           NaN
           NaN
           NaN
           NaN
           NaN
           NaN
           NaN
           NaN
           NaN
           NaN
           NaN
           NaN
           NaN
           NaN
           NaN
           NaN
           NaN
           NaN
           NaN
           NaN
           NaN
           NaN
           NaN
           NaN
           NaN
           NaN
           NaN
           NaN
           NaN
           NaN
           NaN
           NaN
           NaN
           NaN
           NaN
           NaN
           NaN
           NaN
           NaN
           NaN
           NaN
           NaN
           NaN
           NaN
           NaN
           NaN
           NaN
           NaN
           NaN
           NaN
           NaN
           NaN
           NaN
           NaN
           NaN
           NaN
           NaN
           NaN
           NaN
           NaN
           NaN
           NaN
           NaN
           NaN
           NaN
           NaN
           NaN
           NaN
           NaN
           NaN
           NaN
           NaN
           NaN
           NaN
           NaN
           NaN
           NaN
           NaN
           NaN
           NaN
           NaN
           NaN
           NaN
           NaN
2455016.578063
           NaN
           NaN
           NaN
           NaN
           NaN
           NaN
2455016.721100
2455016.741534
2455016.761968
2455016.782402
2455016.802836
2455016.823270
2455016.843704
2455016.864138
2455016.884572
2455016.905006
2455016.925440
2455016.945874
2455016.966307
2455016.986741
2455017.007175
2455017.027609
2455017.048043
2455017.068477
2455017.088911
2455017.109345
2455017.129779
2455017.150213
2455017.170647
2455017.191081
2455017.211514
2455017.231948
2455017.252382
2455017.272816
2455017.293250
2455017.313684
2455017.334118
2455017.354552
2455017.374986
2455017.395420
2455017.415854
2455017.436287
2455017.456721
2455017.477155
2455017.497589
2455017.518023
2455017.538457
2455017.558891
2455017.579325
2455017.599759
2455017.620193
2455017.640627
2455017.661060
2455017.681494
2455017.701928
2455017.722362
2455017.742796
2455017.763230
2455017.783664
2455017.804098
2455017.824532
2455017.844966
2455017.865400
2455017.885833
2455017.906267
2455017.926701
2455017.947135
2455017.967569
2455017.988003
2455018.008437
2455018.028871
2455018.049305
2455018.069739
2455018.090172
2455018.110606
2455018.131040
2455018.151474
2455018.171908
2455018.192342
2455018.212776
2455018.233210
2455018.253644
2455018.274078
2455018.294511
2455018.314945
2455018.335379
2455018.355813
2455018.376247
2455018.396681
2455018.417115
2455018.437549
2455018.457983
2455018.478417
2455018.498851
2455018.519285
2455018.539718
2455018.560152
2455018.580586
2455018.601020
2455018.621454
2455018.641888
2455018.662322
2455018.682756
2455018.703190
2455018.723623
2455018.744057
2455018.764491
2455018.784925
2455018.805359
2455018.825793
2455018.846227
2455018.866661
2455018.887095
2455018.907529
2455018.927963
2455018.948396
2455018.968830
2455018.989264
2455019.009698
2455019.030132
2455019.050566
2455019.071000
2455019.091434
2455019.111868
2455019.132301
2455019.152735
2455019.173169
2455019.193603
2455019.214037
2455019.234471
2455019.254905
2455019.275339
2455019.295773
2455019.316207
2455019.336640
2455019.357074
2455019.377508
2455019.397942
2455019.418376
2455019.438810
2455019.459244
2455019.479678
2455019.500112
2455019.520546
2455019.540979
2455019.561413
2455019.581847
2455019.602281
2455019.622715
2455019.643149
2455019.663583
2455019.684017
2455019.704451
2455019.724884
2455019.745318
2455019.765752
2455019.786186
2455019.806620
2455019.827054
2455019.847488
2455019.867922
2455019.888356
2455019.908789
2455019.929223
2455019.949657
2455019.970091
2455019.990525
2455020.010959
2455020.031393
2455020.051827
2455020.072261
2455020.092695
2455020.113128
2455020.133562
2455020.153996
2455020.174430
2455020.194864
2455020.215298
2455020.235732
2455020.256166
2455020.276599
2455020.297033
2455020.317467
2455020.337901
2455020.358335
2455020.378769
2455020.399203
2455020.419637
2455020.440070
2455020.460504
2455020.480938
2455020.501372
2455020.521806
2455020.542240
2455020.562674
2455020.583108
2455020.603542
2455020.623975
2455020.644409
2455020.664843
2455020.685277
2455020.705711
2455020.726145
2455020.746579
2455020.767013
2455020.787447
2455020.807881
2455020.828314
2455020.848748
2455020.869182
2455020.889616
2455020.910050
2455020.930484
2455020.950918
2455020.971352
2455020.991785
2455021.012219
2455021.032653
2455021.053087
2455021.073521
2455021.093955
2455021.114389
2455021.134823
2455021.155256
2455021.175690
2455021.196124
2455021.216558
2455021.236992
2455021.257426
2455021.277860
2455021.298294
2455021.318728
2455021.339161
2455021.359595
2455021.380029
2455021.400463
2455021.420897
2455021.441331
2455021.461765
2455021.482198
2455021.502632
2455021.523066
2455021.543500
2455021.563934
2455021.584368
2455021.604802
2455021.625236
2455021.645669
2455021.666103
2455021.686537
2455021.706971
2455021.727405
2455021.747839
2455021.768273
2455021.788707
2455021.809140
2455021.829574
2455021.850008
2455021.870442
2455021.890876
2455021.911310
2455021.931744
2455021.952178
2455021.972611
2455021.993045
2455022.013479
2455022.033913
2455022.054347
2455022.074781
2455022.095215
2455022.115649
2455022.136082
2455022.156516
2455022.176950
2455022.197384
2455022.217818
2455022.238252
2455022.258686
2455022.279119
2455022.299553
2455022.319987
2455022.340421
2455022.360855
2455022.381289
2455022.401723
2455022.422157
2455022.442590
2455022.463024
2455022.483458
2455022.503892
2455022.524326
2455022.544760
2455022.565194
2455022.585627
2455022.606061
2455022.626495
2455022.646929
2455022.667363
2455022.687797
2455022.708231
2455022.728665
2455022.749099
2455022.769532
2455022.789966
2455022.810400
2455022.830834
2455022.851268
2455022.871702
2455022.892136
2455022.912569
2455022.933003
2455022.953437
2455022.973871
2455022.994305
2455023.014739
2455023.035173
2455023.055606
2455023.076040
2455023.096474
2455023.116908
2455023.137342
2455023.157776
2455023.178210
2455023.198644
2455023.219077
2455023.239511
2455023.259945
2455023.280379
2455023.300813
2455023.321247
2455023.341681
2455023.362114
2455023.382548
2455023.402982
2455023.423416
2455023.443850
2455023.464284
2455023.484718
2455023.505151
2455023.525585
2455023.546019
2455023.566453
2455023.586887
2455023.607321
2455023.627755
2455023.648188
2455023.668622
2455023.689056
2455023.709490
2455023.729924
2455023.750358
2455023.770792
2455023.791225
2455023.811659
2455023.832093
2455023.852527
2455023.872961
2455023.893395
2455023.913829
2455023.934262
2455023.954696
2455023.975130
2455023.995564
2455024.015998
2455024.036432
2455024.056865
2455024.077299
2455024.097733
2455024.118167
2455024.138601
2455024.159035
2455024.179469
2455024.199902
2455024.220336
2455024.240770
2455024.261204
2455024.281638
2455024.302072
2455024.322506
2455024.342939
2455024.363373
2455024.383807
2455024.404241
2455024.424675
2455024.445109
2455024.465543
2455024.485976
2455024.506410
2455024.526844
2455024.547278
2455024.567712
2455024.588146
2455024.608580
2455024.629013
2455024.649447
2455024.669881
2455024.690315
2455024.710749
2455024.731183
2455024.751617
2455024.772050
2455024.792484
2455024.812918
2455024.833352
2455024.853786
2455024.874220
2455024.894654
2455024.915087
2455024.935521
2455024.955955
2455024.976389
2455024.996823
2455025.017257
2455025.037690
2455025.058124
2455025.078558
2455025.098992
2455025.119426
2455025.139860
2455025.160293
2455025.180727
2455025.201161
2455025.221595
2455025.242029
2455025.262463
2455025.282896
2455025.303330
2455025.323764
2455025.344198
2455025.364632
2455025.385066
2455025.405500
2455025.425933
2455025.446367
2455025.466801
2455025.487235
2455025.507669
2455025.528103
2455025.548536
2455025.568970
2455025.589404
2455025.609838
2455025.630272
2455025.650706
2455025.671139
2455025.691573
2455025.712007
2455025.732441
2455025.752875
2455025.773309
2455025.793742
2455025.814176
2455025.834610
2455025.855044
2455025.875478
2455025.895912
2455025.916346
2455025.936779
2455025.957213
2455025.977647
2455025.998081
2455026.018515
2455026.038949
2455026.059382
2455026.079816
2455026.100250
2455026.120684
2455026.141118
2455026.161551
2455026.181985
2455026.202419
2455026.222853
2455026.243287
2455026.263721
2455026.284155
2455026.304588
2455026.325022
2455026.345456
2455026.365890
2455026.386324
2455026.406758
2455026.427191
2455026.447625
2455026.468059
2455026.488493
2455026.508927
2455026.529360
2455026.549794
2455026.570228
2455026.590662
2455026.611096
2455026.631530
2455026.651964
2455026.672397
2455026.692831
2455026.713265
2455026.733699
2455026.754133
2455026.774567
2455026.795000
2455026.815434
2455026.835868
2455026.856302
2455026.876736
2455026.897169
2455026.917603
2455026.938037
2455026.958471
2455026.978905
2455026.999339
2455027.019772
2455027.040206
2455027.060640
2455027.081074
2455027.101508
2455027.121942
2455027.142375
2455027.162809
2455027.183243
2455027.203677
2455027.224111
2455027.244545
2455027.264978
2455027.285412
2455027.305846
2455027.326280
2455027.346714
2455027.367148
2455027.387581
2455027.408015
2455027.428449
2455027.448883
2455027.469317
2455027.489751
2455027.510184
2455027.530618
2455027.551052
2455027.571486
2455027.591920
2455027.612353
2455027.632787
2455027.653221
2455027.673655
2455027.694089
2455027.714523
2455027.734956
2455027.755390
2455027.775824
2455027.796258
2455027.816692
2455027.837125
2455027.857559
2455027.877993
2455027.898427
2455027.918861
2455027.939295
2455027.959728
2455027.980162
2455028.000596
2455028.021030
2455028.041464
2455028.061898
2455028.082331
2455028.102765
2455028.123199
2455028.143633
2455028.164067
2455028.184500
2455028.204934
2455028.225368
2455028.245802
2455028.266236
2455028.286669
2455028.307103
2455028.327537
2455028.347971
2455028.368405
2455028.388839
2455028.409272
2455028.429706
2455028.450140
2455028.470574
2455028.491008
2455028.511441
2455028.531875
2455028.552309
2455028.572743
2455028.593177
2455028.613610
2455028.634044
2455028.654478
2455028.674912
2455028.695346
2455028.715780
2455028.736213
2455028.756647
2455028.777081
2455028.797515
2455028.817949
2455028.838383
2455028.858816
2455028.879250
2455028.899684
2455028.920118
2455028.940552
2455028.960985
2455028.981419
2455029.001853
2455029.022287
2455029.042720
2455029.063154
2455029.083588
2455029.104022
2455029.124456
2455029.144890
2455029.165323
2455029.185757
2455029.206191
2455029.226625
2455029.247059
2455029.267493
2455029.287926
2455029.308360
2455029.328794
2455029.349228
2455029.369661
2455029.390095
2455029.410529
2455029.430963
2455029.451397
2455029.471830
2455029.492264
2455029.512698
2455029.533132
2455029.553566
2455029.574000
2455029.594433
2455029.614867
2455029.635301
2455029.655735
2455029.676168
2455029.696602
2455029.717036
2455029.737470
2455029.757904
2455029.778338
2455029.798771
2455029.819205
2455029.839639
2455029.860073
2455029.880507
2455029.900940
2455029.921374
2455029.941808
2455029.962242
2455029.982676
2455030.003109
2455030.023543
2455030.043977
2455030.064411
2455030.084845
2455030.105278
2455030.125712
2455030.146146
2455030.166580
2455030.187014
2455030.207447
2455030.227881
2455030.248315
2455030.268749
2455030.289183
2455030.309616
2455030.330050
2455030.350484
2455030.370918
2455030.391352
2455030.411785
2455030.432219
2455030.452653
2455030.473087
2455030.493521
2455030.513954
2455030.534388
2455030.554822
2455030.575256
2455030.595690
2455030.616123
2455030.636557
2455030.656991
2455030.677425
2455030.697859
2455030.718292
2455030.738726
2455030.759160
2455030.779594
2455030.800028
2455030.820461
2455030.840895
2455030.861329
2455030.881763
2455030.902196
2455030.922630
2455030.943064
2455030.963498
2455030.983932
2455031.004365
2455031.024799
2455031.045233
2455031.065667
2455031.086101
2455031.106534
2455031.126968
2455031.147402
2455031.167836
2455031.188270
2455031.208703
2455031.229137
2455031.249571
2455031.270005
2455031.290438
2455031.310872
2455031.331306
2455031.351740
2455031.372174
2455031.392607
2455031.413041
2455031.433475
2455031.453909
2455031.474343
2455031.494776
2455031.515210
2455031.535644
2455031.556078
2455031.576512
2455031.596945
2455031.617379
2455031.637813
2455031.658247
2455031.678680
2455031.699114
2455031.719548
2455031.739982
2455031.760416
2455031.780849
2455031.801283
2455031.821717
2455031.842151
2455031.862584
2455031.883018
2455031.903452
2455031.923886
2455031.944320
2455031.964753
2455031.985187
2455032.005621
2455032.026055
2455032.046488
2455032.066922
2455032.087356
2455032.107790
2455032.128224
2455032.148657
2455032.169091
2455032.189525
2455032.209959
2455032.230393
2455032.250826
2455032.271260
2455032.291694
2455032.312128
2455032.332561
2455032.352995
2455032.373429
2455032.393863
2455032.414297
2455032.434730
2455032.455164
2455032.475598
2455032.496032
2455032.516465
2455032.536899
2455032.557333
2455032.577767
2455032.598201
2455032.618634
2455032.639068
2455032.659502
2455032.679936
2455032.700369
2455032.720803
2455032.741237
2455032.761671
2455032.782105
2455032.802538
2455032.822972
2455032.843406
2455032.863840
2455032.884273
2455032.904707
2455032.925141
2455032.945575
2455032.966009
2455032.986442
2455033.006876
2455033.027310
2455033.047744
2455033.068177
2455033.088611
2455033.109045
2455033.129479
2455033.149913
2455033.170346
2455033.190780
2455033.211214
2455033.231648
2455033.252081
2455033.272515
2455033.292949
           NaN
2455033.333816
2455033.354250
2455033.374684
2455033.395118
2455033.415551
2455033.435985
2455033.456419
2455033.476853
2455033.497287
2455033.517720
2455033.538154
2455033.558588
2455033.579022
2455033.599455
2455033.619889
2455033.640323
2455033.660757
2455033.681190
2455033.701624
2455033.722058
2455033.742492
2455033.762925
2455033.783359
2455033.803793
2455033.824227
2455033.844661
2455033.865094
2455033.885528
2455033.905962
2455033.926396
2455033.946829
2455033.967263
2455033.987697
2455034.008131
2455034.028564
2455034.048998
2455034.069432
2455034.089866
2455034.110300
2455034.130733
2455034.151167
2455034.171601
2455034.192035
2455034.212468
2455034.232902
2455034.253336
2455034.273770
2455034.294203
2455034.314637
2455034.335071
2455034.355505
2455034.375938
2455034.396372
2455034.416806
2455034.437240
2455034.457674
2455034.478107
2455034.498541
2455034.518975
2455034.539408
2455034.559842
2455034.580276
2455034.600710
2455034.621144
2455034.641577
2455034.662011
2455034.682445
2455034.702879
2455034.723312
2455034.743746
2455034.764180
2455034.784613
2455034.805047
2455034.825481
2455034.845915
2455034.866349
2455034.886782
2455034.907216
2455034.927650
2455034.948084
2455034.968517
2455034.988951
2455035.009385
2455035.029819
2455035.050252
2455035.070686
2455035.091120
2455035.111554
2455035.131987
2455035.152421
2455035.172855
2455035.193289
2455035.213723
2455035.234156
2455035.254590
2455035.275024
2455035.295458
2455035.315891
2455035.336325
2455035.356759
2455035.377192
2455035.397626
2455035.418060
2455035.438494
2455035.458927
2455035.479361
2455035.499795
2455035.520229
2455035.540662
2455035.561096
2455035.581530
2455035.601964
2455035.622397
2455035.642831
2455035.663265
2455035.683699
2455035.704132
2455035.724566
2455035.745000
2455035.765434
2455035.785867
2455035.806301
2455035.826735
2455035.847169
2455035.867602
2455035.888036
2455035.908470
2455035.928904
2455035.949337
2455035.969771
2455035.990205
2455036.010639
2455036.031072
2455036.051506
2455036.071940
2455036.092374
2455036.112807
2455036.133241
2455036.153675
2455036.174109
2455036.194542
2455036.214976
2455036.235410
2455036.255844
2455036.276277
2455036.296711
2455036.317145
2455036.337578
2455036.358012
2455036.378446
2455036.398880
2455036.419313
2455036.439747
2455036.460181
2455036.480615
2455036.501048
2455036.521482
2455036.541916
2455036.562350
2455036.582783
2455036.603217
2455036.623651
2455036.644085
2455036.664518
2455036.684952
2455036.705386
2455036.725820
2455036.746253
2455036.766687
2455036.787121
2455036.807555
2455036.827988
2455036.848422
2455036.868856
2455036.889289
2455036.909723
2455036.930157
2455036.950591
2455036.971024
2455036.991458
2455037.011892
2455037.032326
2455037.052759
2455037.073193
2455037.093627
2455037.114061
2455037.134494
2455037.154928
2455037.175362
2455037.195795
2455037.216229
2455037.236663
2455037.257097
2455037.277530
2455037.297964
2455037.318398
2455037.338832
2455037.359265
2455037.379699
2455037.400133
2455037.420566
2455037.441000
2455037.461434
2455037.481868
2455037.502302
2455037.522735
2455037.543169
2455037.563603
2455037.584036
2455037.604470
2455037.624904
2455037.645338
2455037.665771
2455037.686205
2455037.706639
2455037.727072
2455037.747506
2455037.767940
2455037.788374
2455037.808807
2455037.829241
2455037.849675
2455037.870109
2455037.890542
2455037.910976
2455037.931410
2455037.951844
2455037.972277
2455037.992711
2455038.013145
2455038.033578
2455038.054012
2455038.074446
2455038.094880
2455038.115313
2455038.135747
2455038.156181
2455038.176614
2455038.197048
2455038.217482
2455038.237916
2455038.258349
2455038.278783
2455038.299217
2455038.319651
2455038.340084
2455038.360518
2455038.380952
2455038.401385
2455038.421819
2455038.442253
2455038.462687
2455038.483120
2455038.503554
2455038.523988
2455038.544421
2455038.564855
2455038.585289
2455038.605723
2455038.626156
2455038.646590
2455038.667024
2455038.687457
2455038.707891
2455038.728325
2455038.748759
2455038.769192
2455038.789626
2455038.810060
2455038.830494
2455038.850927
2455038.871361
2455038.891795
2455038.912228
2455038.932662
2455038.953096
2455038.973530
2455038.993963
2455039.014397
2455039.034831
2455039.055264
2455039.075698
2455039.096132
2455039.116566
2455039.136999
2455039.157433
2455039.177867
2455039.198300
2455039.218734
2455039.239168
2455039.259602
2455039.280035
2455039.300469
2455039.320903
2455039.341336
2455039.361770
2455039.382204
2455039.402638
2455039.423071
2455039.443505
2455039.463939
2455039.484372
2455039.504806
2455039.525240
2455039.545674
2455039.566107
2455039.586541
2455039.606975
2455039.627408
2455039.647842
2455039.668276
2455039.688710
2455039.709143
2455039.729577
2455039.750011
2455039.770444
2455039.790878
2455039.811312
2455039.831746
2455039.852179
2455039.872613
2455039.893047
2455039.913480
2455039.933914
2455039.954348
2455039.974781
2455039.995215
2455040.015649
2455040.036083
2455040.056516
2455040.076950
2455040.097384
2455040.117817
2455040.138251
2455040.158685
2455040.179118
2455040.199552
2455040.219986
2455040.240420
2455040.260853
2455040.281287
2455040.301721
2455040.322154
2455040.342588
2455040.363022
2455040.383456
2455040.403889
2455040.424323
2455040.444757
2455040.465190
2455040.485624
2455040.506058
2455040.526491
2455040.546925
2455040.567359
2455040.587792
2455040.608226
2455040.628660
2455040.649094
2455040.669527
2455040.689961
2455040.710395
2455040.730828
2455040.751262
2455040.771696
2455040.792130
2455040.812563
2455040.832997
2455040.853431
2455040.873864
2455040.894298
2455040.914732
2455040.935165
2455040.955599
2455040.976033
2455040.996467
2455041.016900
2455041.037334
2455041.057768
2455041.078201
2455041.098635
2455041.119069
2455041.139502
2455041.159936
2455041.180370
2455041.200803
2455041.221237
2455041.241671
2455041.262105
2455041.282538
2455041.302972
2455041.323406
2455041.343839
2455041.364273
2455041.384707
2455041.405140
2455041.425574
2455041.446008
2455041.466441
2455041.486875
2455041.507309
2455041.527743
2455041.548176
2455041.568610
2455041.589044
2455041.609477
2455041.629911
2455041.650345
2455041.670778
2455041.691212
2455041.711646
2455041.732080
2455041.752513
2455041.772947
2455041.793381
2455041.813814
2455041.834248
2455041.854682
2455041.875115
2455041.895549
2455041.915983
2455041.936416
2455041.956850
2455041.977284
2455041.997718
2455042.018151
2455042.038585
2455042.059018
2455042.079452
2455042.099886
2455042.120320
2455042.140753
2455042.161187
2455042.181621
2455042.202054
2455042.222488
2455042.242922
2455042.263355
2455042.283789
2455042.304223
2455042.324656
2455042.345090
2455042.365524
2455042.385957
2455042.406391
2455042.426825
2455042.447259
2455042.467692
2455042.488126
2455042.508560
2455042.528993
2455042.549427
2455042.569861
2455042.590294
2455042.610728
2455042.631162
2455042.651595
2455042.672029
2455042.692463
2455042.712896
2455042.733330
2455042.753764
2455042.774197
2455042.794631
2455042.815065
2455042.835498
2455042.855932
2455042.876366
2455042.896799
2455042.917233
2455042.937667
2455042.958101
2455042.978534
2455042.998968
2455043.019402
2455043.039835
2455043.060269
2455043.080703
2455043.101136
2455043.121570
2455043.142004
2455043.162437
2455043.182871
2455043.203305
2455043.223738
2455043.244172
2455043.264606
2455043.285039
2455043.305473
2455043.325907
2455043.346340
2455043.366774
2455043.387208
2455043.407641
2455043.428075
2455043.448509
2455043.468942
2455043.489376
2455043.509810
2455043.530243
2455043.550677
2455043.571111
2455043.591544
2455043.611978
2455043.632412
2455043.652845
2455043.673279
2455043.693713
2455043.714146
2455043.734580
2455043.755014
2455043.775448
2455043.795881
2455043.816315
2455043.836748
2455043.857182
2455043.877616
2455043.898049
2455043.918483
2455043.938917
2455043.959350
2455043.979784
2455044.000218
2455044.020651
2455044.041085
2455044.061519
2455044.081952
2455044.102386
2455044.122820
2455044.143253
2455044.163687
2455044.184121
2455044.204555
2455044.224988
2455044.245422
2455044.265856
2455044.286289
2455044.306723
2455044.327156
2455044.347590
2455044.368024
2455044.388457
2455044.408891
2455044.429325
2455044.449758
2455044.470192
2455044.490626
2455044.511059
2455044.531493
2455044.551927
2455044.572360
2455044.592794
2455044.613228
2455044.633661
2455044.654095
2455044.674529
2455044.694962
2455044.715396
2455044.735830
2455044.756263
2455044.776697
2455044.797131
2455044.817564
2455044.837998
2455044.858432
2455044.878865
2455044.899299
2455044.919733
2455044.940166
2455044.960600
2455044.981034
2455045.001467
2455045.021900
2455045.042334
2455045.062768
2455045.083201
2455045.103635
2455045.124069
2455045.144502
2455045.164936
2455045.185370
2455045.205803
2455045.226237
2455045.246671
2455045.267104
2455045.287538
2455045.307972
2455045.328405
2455045.348839
2455045.369272
2455045.389706
2455045.410140
2455045.430573
2455045.451007
2455045.471441
2455045.491874
2455045.512308
2455045.532742
2455045.553175
2455045.573609
2455045.594043
2455045.614476
2455045.634910
2455045.655344
2455045.675777
2455045.696211
2455045.716645
2455045.737078
2455045.757512
2455045.777946
2455045.798379
2455045.818813
2455045.839247
2455045.859680
2455045.880114
2455045.900548
2455045.920981
2455045.941415
2455045.961848
2455045.982282
2455046.002716
2455046.023149
2455046.043583
2455046.064017
2455046.084450
2455046.104884
2455046.125318
2455046.145751
2455046.166185
2455046.186619
2455046.207052
2455046.227486
2455046.247919
2455046.268353
2455046.288787
2455046.309220
2455046.329654
2455046.350088
2455046.370521
2455046.390955
2455046.411389
2455046.431822
2455046.452256
2455046.472690
2455046.493123
2455046.513557
2455046.533991
2455046.554424
2455046.574858
2455046.595291
2455046.615725
2455046.636159
2455046.656592
2455046.677026
2455046.697460
2455046.717893
2455046.738327
2455046.758761
2455046.779194
2455046.799628
2455046.820061
2455046.840495
2455046.860929
2455046.881362
2455046.901796
2455046.922230
2455046.942663
2455046.963097
2455046.983531
2455047.003964
2455047.024398
2455047.044831
2455047.065265
2455047.085699
2455047.106132
2455047.126566
2455047.147000
2455047.167433
2455047.187867
2455047.208301
2455047.228734
2455047.249168
2455047.269601
2455047.290035
2455047.310469
2455047.330902
2455047.351336
2455047.371770
2455047.392203
2455047.412637
2455047.433070
2455047.453504
2455047.473938
2455047.494371
2455047.514805
2455047.535239
2455047.555672
2455047.576106
2455047.596540
2455047.616973
2455047.637407
2455047.657840
2455047.678274
2455047.698708
2455047.719141
2455047.739575
2455047.760009
2455047.780442
2455047.800876
2455047.821310
2455047.841743
2455047.862177
2455047.882610
2455047.903044
2455047.923478
2455047.943911
2455047.964345
2455047.984779
2455048.005212
2455048.025646
2455048.046079
2455048.066513
2455048.086947
2455048.107380
2455048.127814
2455048.148248
2455048.168681
2455048.189115
2455048.209548
2455048.229982
2455048.250416
2455048.270849
2455048.291283
2455048.311717
2455048.332150
2455048.352584
2455048.373017
2455048.393451
2455048.413885
2455048.434318
2455048.454752
2455048.475186
2455048.495619
2455048.516053
2455048.536486
2455048.556920
2455048.577354
2455048.597787
2455048.618221
2455048.638654
2455048.659088
2455048.679522
2455048.699955
2455048.720389
2455048.740823
2455048.761256
2455048.781690
2455048.802124
2455048.822557
2455048.842991
2455048.863424
2455048.883858
2455048.904292
2455048.924725
2455048.945159
2455048.965592
2455048.986026
2455049.006460
2455049.026893
2455049.047327
2455049.067760
2455049.088194
2455049.108628
2455049.129061
2455049.149495
2455049.169929
2455049.190362
2455049.210796
2455049.231230
2455049.251663
2455049.272097
2455049.292530
2455049.312964
2455049.333398
2455049.353831
2455049.374265
2455049.394698
2455049.415132
2455049.435566
2455049.455999
2455049.476433
2455049.496866
2455049.517300
2455049.537734
2455049.558167
2455049.578601
2455049.599035
2455049.619468
2455049.639902
2455049.660335
2455049.680769
2455049.701203
2455049.721636
2455049.742070
2455049.762503
2455049.782937
2455049.803371
2455049.823804
2455049.844238
2455049.864672
2455049.885105
2455049.905539
2455049.925972
2455049.946406
2455049.966840
2455049.987273
2455050.007707
2455050.028140
2455050.048574
2455050.069008
2455050.089441
2455050.109875
2455050.130308
2455050.150742
2455050.171176
2455050.191609
2455050.212043
2455050.232476
2455050.252910
2455050.273344
2455050.293777
2455050.314211
2455050.334644
2455050.355078
2455050.375512
2455050.395945
2455050.416379
2455050.436813
2455050.457246
2455050.477680
2455050.498113
2455050.518547
2455050.538980
2455050.559414
2455050.579848
2455050.600281
2455050.620715
2455050.641149
2455050.661582
2455050.682016
2455050.702449
2455050.722883
2455050.743316
2455050.763750
2455050.784184
2455050.804617
2455050.825051
2455050.845484
2455050.865918
2455050.886352
2455050.906785
2455050.927219
2455050.947653
2455050.968086
2455050.988520
2455051.008953
2455051.029387
2455051.049820
2455051.070254
2455051.090688
2455051.111121
2455051.131555
2455051.151989
2455051.172422
2455051.192856
2455051.213289
2455051.233723
2455051.254156
2455051.274590
2455051.295024
2455051.315457
2455051.335891
2455051.356324
2455051.376758
2455051.397192
2455051.417625
2455051.438059
2455051.458492
2455051.478926
2455051.499360
2455051.519793
2455051.540227
2455051.560660
2455051.581094
2455051.601527
2455051.621961
2455051.642395
2455051.662828
2455051.683262
2455051.703696
2455051.724129
2455051.744563
2455051.764996
2455051.785430
2455051.805863
2455051.826297
2455051.846731
2455051.867164
2455051.887598
2455051.908031
2455051.928465
2455051.948899
2455051.969332
2455051.989766
2455052.010199
2455052.030633
2455052.051067
2455052.071500
2455052.091934
2455052.112367
2455052.132801
2455052.153234
2455052.173668
2455052.194102
2455052.214535
2455052.234969
2455052.255402
2455052.275836
2455052.296270
2455052.316703
2455052.337137
2455052.357570
2455052.378004
2455052.398437
2455052.418871
2455052.439305
2455052.459738
2455052.480172
2455052.500605
2455052.521039
2455052.541473
2455052.561906
2455052.582340
2455052.602773
2455052.623207
2455052.643640
2455052.664074
2455052.684508
2455052.704941
2455052.725375
2455052.745808
2455052.766242
2455052.786675
2455052.807109
2455052.827543
2455052.847976
2455052.868410
2455052.888843
2455052.909277
2455052.929711
2455052.950144
2455052.970578
2455052.991011
2455053.011445
2455053.031878
2455053.052312
2455053.072746
2455053.093179
2455053.113613
2455053.134046
2455053.154480
2455053.174913
2455053.195347
2455053.215781
2455053.236214
2455053.256648
2455053.277081
2455053.297515
2455053.317948
2455053.338382
2455053.358816
2455053.379249
2455053.399683
2455053.420116
2455053.440550
2455053.460984
2455053.481417
2455053.501851
2455053.522284
2455053.542718
2455053.563151
2455053.583585
2455053.604019
2455053.624452
2455053.644886
2455053.665319
2455053.685753
2455053.706186
2455053.726620
2455053.747054
2455053.767487
2455053.787921
2455053.808354
2455053.828788
2455053.849221
2455053.869655
2455053.890089
2455053.910522
2455053.930956
2455053.951389
2455053.971823
2455053.992256
2455054.012690
2455054.033124
2455054.053557
2455054.073991
2455054.094424
2455054.114858
2455054.135291
2455054.155725
2455054.176159
2455054.196592
2455054.217026
2455054.237459
2455054.257893
2455054.278326
2455054.298760
2455054.319193
2455054.339627
2455054.360061
2455054.380494
2455054.400928
2455054.421361
2455054.441795
2455054.462228
2455054.482662
2455054.503095
2455054.523529
2455054.543963
2455054.564396
2455054.584830
2455054.605263
2455054.625697
2455054.646130
2455054.666564
2455054.686998
2455054.707431
2455054.727865
2455054.748298
2455054.768732
2455054.789165
2455054.809599
2455054.830033
2455054.850466
2455054.870900
2455054.891333
2455054.911767
2455054.932200
2455054.952634
2455054.973067
2455054.993501
2455055.013934
2455055.034368
2455055.054802
2455055.075235
2455055.095669
2455055.116102
2455055.136536
2455055.156970
2455055.177403
2455055.197837
2455055.218270
2455055.238704
2455055.259137
2455055.279571
2455055.300004
2455055.320438
2455055.340871
2455055.361305
2455055.381739
2455055.402172
2455055.422606
2455055.443039
2455055.463473
2455055.483906
2455055.504340
2455055.524774
2455055.545207
2455055.565641
2455055.586074
2455055.606508
2455055.626941
2455055.647375
2455055.667808
2455055.688242
2455055.708675
2455055.729109
2455055.749543
2455055.769976
2455055.790410
2455055.810843
2455055.831277
2455055.851710
2455055.872144
2455055.892577
2455055.913011
2455055.933445
2455055.953878
2455055.974312
2455055.994745
2455056.015179
2455056.035612
2455056.056046
2455056.076479
2455056.096913
2455056.117346
2455056.137780
2455056.158214
2455056.178647
2455056.199081
2455056.219514
2455056.239948
2455056.260381
2455056.280815
2455056.301248
2455056.321682
2455056.342115
2455056.362549
2455056.382983
2455056.403416
2455056.423850
2455056.444283
2455056.464717
2455056.485150
2455056.505584
2455056.526017
2455056.546451
2455056.566884
2455056.587318
2455056.607751
2455056.628185
2455056.648619
2455056.669052
2455056.689486
2455056.709919
2455056.730353
2455056.750786
2455056.771220
2455056.791653
2455056.812087
2455056.832520
2455056.852954
2455056.873388
2455056.893821
2455056.914255
2455056.934688
2455056.955122
2455056.975555
2455056.995989
2455057.016422
2455057.036856
2455057.057289
2455057.077723
2455057.098157
2455057.118590
2455057.139024
2455057.159457
2455057.179891
2455057.200324
2455057.220758
2455057.241191
2455057.261625
2455057.282058
2455057.302492
2455057.322925
2455057.343359
2455057.363792
2455057.384226
2455057.404659
2455057.425093
2455057.445527
2455057.465960
2455057.486394
2455057.506827
2455057.527261
2455057.547694
2455057.568128
2455057.588561
2455057.608995
2455057.629428
2455057.649862
2455057.670295
2455057.690729
2455057.711163
2455057.731596
2455057.752030
2455057.772463
2455057.792897
2455057.813330
2455057.833764
2455057.854197
2455057.874631
2455057.895064
2455057.915498
2455057.935931
2455057.956365
2455057.976798
2455057.997232
2455058.017665
2455058.038099
2455058.058532
2455058.078966
2455058.099400
2455058.119833
2455058.140267
2455058.160700
2455058.181134
2455058.201567
2455058.222001
2455058.242434
2455058.262868
2455058.283301
2455058.303735
2455058.324168
2455058.344602
2455058.365035
2455058.385469
2455058.405902
2455058.426336
2455058.446769
2455058.467203
2455058.487637
2455058.508070
2455058.528504
2455058.548937
2455058.569371
2455058.589804
2455058.610238
2455058.630671
2455058.651105
2455058.671538
2455058.691972
2455058.712405
2455058.732839
2455058.753272
2455058.773706
2455058.794139
2455058.814573
2455058.835006
2455058.855440
2455058.875873
2455058.896307
2455058.916741
2455058.937174
2455058.957607
2455058.978041
2455058.998475
2455059.018908
2455059.039341
2455059.059775
2455059.080209
2455059.100642
2455059.121076
2455059.141509
2455059.161943
2455059.182376
2455059.202810
2455059.223243
2455059.243677
2455059.264110
2455059.284544
2455059.304977
2455059.325411
2455059.345844
2455059.366278
2455059.386711
2455059.407145
2455059.427578
2455059.448012
2455059.468445
2455059.488879
2455059.509312
2455059.529746
2455059.550180
2455059.570613
2455059.591046
2455059.611480
2455059.631913
2455059.652347
2455059.672781
2455059.693214
2455059.713648
2455059.734081
2455059.754515
2455059.774948
2455059.795382
2455059.815815
2455059.836249
2455059.856682
2455059.877116
2455059.897549
2455059.917983
2455059.938416
2455059.958850
2455059.979283
2455059.999717
2455060.020150
2455060.040584
2455060.061017
2455060.081451
2455060.101884
2455060.122318
2455060.142751
2455060.163185
2455060.183618
2455060.204052
2455060.224485
2455060.244919
2455060.265352
2455060.285786
2455060.306219
2455060.326653
2455060.347086
2455060.367520
2455060.387953
2455060.408387
2455060.428820
2455060.449254
2455060.469687
2455060.490121
2455060.510554
2455060.530988
2455060.551421
2455060.571855
2455060.592288
2455060.612722
2455060.633155
2455060.653589
2455060.674022
2455060.694456
2455060.714889
2455060.735323
2455060.755756
2455060.776190
2455060.796623
2455060.817057
2455060.837490
2455060.857924
2455060.878357
2455060.898791
2455060.919224
2455060.939658
2455060.960091
2455060.980525
2455061.000958
2455061.021392
2455061.041825
2455061.062259
2455061.082692
2455061.103126
2455061.123559
2455061.143993
2455061.164426
2455061.184860
2455061.205293
2455061.225727
2455061.246160
2455061.266594
2455061.287027
2455061.307461
2455061.327894
2455061.348328
2455061.368761
2455061.389195
2455061.409628
2455061.430062
2455061.450495
2455061.470929
2455061.491362
2455061.511796
2455061.532229
2455061.552663
2455061.573096
2455061.593530
2455061.613963
2455061.634397
2455061.654830
2455061.675264
2455061.695697
2455061.716131
2455061.736564
2455061.756998
2455061.777431
2455061.797865
2455061.818298
2455061.838732
2455061.859165
2455061.879599
2455061.900032
2455061.920466
2455061.940899
2455061.961333
2455061.981766
2455062.002200
2455062.022633
2455062.043066
2455062.063500
2455062.083933
2455062.104367
2455062.124800
2455062.145234
2455062.165667
2455062.186101
2455062.206534
2455062.226968
2455062.247401
2455062.267835
2455062.288268
2455062.308702
2455062.329135
2455062.349569
2455062.370002
2455062.390436
2455062.410869
2455062.431303
2455062.451736
2455062.472170
2455062.492603
2455062.513037
2455062.533470
2455062.553904
2455062.574337
2455062.594771
2455062.615204
2455062.635638
2455062.656071
2455062.676505
2455062.696938
2455062.717372
2455062.737805
2455062.758238
2455062.778672
2455062.799105
2455062.819539
2455062.839972
2455062.860406
2455062.880839
2455062.901273
2455062.921706
2455062.942140
2455062.962573
2455062.983007
2455063.003440
2455063.023874
2455063.044307
2455063.064741
2455063.085174
2455063.105608
2455063.126041
2455063.146474
2455063.166908
2455063.187341
2455063.207775
2455063.228208
2455063.248642
2455063.269075
2455063.289509
           NaN
           NaN
           NaN
           NaN
           NaN
           NaN
           NaN
           NaN
           NaN
           NaN
           NaN
           NaN
           NaN
           NaN
           NaN
           NaN
           NaN
           NaN
           NaN
           NaN
           NaN
           NaN
           NaN
           NaN
           NaN
           NaN
           NaN
           NaN
           NaN
           NaN
           NaN
           NaN
           NaN
           NaN
           NaN
           NaN
           NaN
           NaN
           NaN
           NaN
           NaN
           NaN
           NaN
           NaN
           NaN
           NaN
           NaN
           NaN
           NaN
           NaN
           NaN
           NaN
2455064.372483
2455064.392916
2455064.413350
2455064.433783
2455064.454217
2455064.474650
2455064.495084
2455064.515517
2455064.535951
2455064.556384
2455064.576817
2455064.597251
2455064.617684
2455064.638118
2455064.658551
2455064.678985
2455064.699418
2455064.719852
2455064.740285
2455064.760719
2455064.781152
2455064.801585
2455064.822019
2455064.842452
2455064.862886
2455064.883319
2455064.903753
2455064.924186
2455064.944620
2455064.965053
2455064.985487
2455065.005920
2455065.026354
2455065.046787
2455065.067221
2455065.087654
2455065.108087
2455065.128521
2455065.148954
2455065.169388
2455065.189821
2455065.210255
2455065.230688
2455065.251122
2455065.271555
2455065.291989
2455065.312422
2455065.332855
2455065.353289
2455065.373722
2455065.394156
2455065.414589
2455065.435023
2455065.455456
2455065.475890
2455065.496323
2455065.516757
2455065.537190
2455065.557624
2455065.578057
2455065.598490
2455065.618924
2455065.639357
2455065.659791
2455065.680224
2455065.700658
2455065.721091
2455065.741525
2455065.761958
2455065.782391
2455065.802825
2455065.823258
2455065.843692
2455065.864125
2455065.884559
2455065.904992
2455065.925426
2455065.945859
2455065.966292
2455065.986726
2455066.007159
2455066.027593
2455066.048026
2455066.068460
2455066.088893
2455066.109327
2455066.129760
2455066.150193
2455066.170627
2455066.191060
2455066.211494
2455066.231927
2455066.252361
2455066.272794
2455066.293228
2455066.313661
2455066.334095
2455066.354528
2455066.374961
2455066.395395
2455066.415828
2455066.436262
2455066.456695
2455066.477129
2455066.497562
2455066.517995
2455066.538429
2455066.558862
2455066.579296
2455066.599729
2455066.620163
2455066.640596
2455066.661030
2455066.681463
2455066.701896
2455066.722330
2455066.742763
2455066.763197
2455066.783630
2455066.804064
2455066.824497
2455066.844931
2455066.865364
2455066.885797
2455066.906231
2455066.926664
2455066.947098
2455066.967531
2455066.987965
2455067.008398
2455067.028831
2455067.049265
2455067.069698
2455067.090132
2455067.110565
2455067.130999
2455067.151432
2455067.171866
2455067.192299
2455067.212733
2455067.233166
2455067.253599
2455067.274033
2455067.294466
2455067.314900
2455067.335333
2455067.355767
2455067.376200
2455067.396633
2455067.417067
2455067.437500
2455067.457934
2455067.478367
2455067.498801
2455067.519234
2455067.539667
2455067.560101
2455067.580534
2455067.600968
2455067.621401
2455067.641835
2455067.662268
2455067.682702
2455067.703135
2455067.723568
2455067.744002
2455067.764435
2455067.784869
2455067.805302
2455067.825736
2455067.846169
2455067.866602
2455067.887036
2455067.907469
2455067.927903
2455067.948336
2455067.968770
2455067.989203
2455068.009636
2455068.030070
2455068.050503
2455068.070937
2455068.091370
2455068.111804
2455068.132237
2455068.152670
2455068.173104
2455068.193537
2455068.213971
2455068.234404
2455068.254838
2455068.275271
2455068.295704
2455068.316138
2455068.336571
2455068.357005
2455068.377438
2455068.397872
2455068.418305
2455068.438738
2455068.459172
2455068.479605
2455068.500039
2455068.520472
2455068.540905
2455068.561339
2455068.581772
2455068.602206
2455068.622639
2455068.643073
2455068.663506
2455068.683939
2455068.704373
2455068.724806
2455068.745240
2455068.765673
2455068.786107
2455068.806540
2455068.826973
2455068.847407
2455068.867840
2455068.888274
2455068.908707
2455068.929140
2455068.949574
2455068.970007
2455068.990441
2455069.010874
2455069.031308
2455069.051741
2455069.072174
2455069.092608
2455069.113041
2455069.133475
2455069.153908
2455069.174341
2455069.194775
2455069.215208
2455069.235642
2455069.256075
2455069.276508
2455069.296942
2455069.317375
2455069.337809
2455069.358242
2455069.378676
2455069.399109
2455069.419542
2455069.439976
2455069.460409
2455069.480843
2455069.501276
2455069.521710
2455069.542143
2455069.562576
2455069.583010
2455069.603443
2455069.623877
2455069.644310
2455069.664744
2455069.685177
2455069.705610
2455069.726044
2455069.746477
2455069.766911
2455069.787344
2455069.807777
2455069.828211
2455069.848644
2455069.869077
2455069.889511
2455069.909944
2455069.930378
2455069.950811
2455069.971245
2455069.991678
2455070.012111
2455070.032545
2455070.052978
2455070.073412
2455070.093845
2455070.114279
2455070.134712
2455070.155145
2455070.175579
2455070.196012
2455070.216446
2455070.236879
2455070.257312
2455070.277746
2455070.298179
2455070.318613
2455070.339046
2455070.359479
2455070.379913
2455070.400346
2455070.420780
2455070.441213
2455070.461646
2455070.482080
2455070.502513
2455070.522947
2455070.543380
2455070.563813
2455070.584247
2455070.604680
2455070.625114
2455070.645547
2455070.665981
2455070.686414
2455070.706847
2455070.727281
2455070.747714
2455070.768147
2455070.788581
2455070.809014
2455070.829448
2455070.849881
2455070.870314
2455070.890748
2455070.911181
2455070.931615
2455070.952048
2455070.972481
2455070.992915
2455071.013348
2455071.033782
2455071.054215
2455071.074648
2455071.095082
2455071.115515
2455071.135949
2455071.156382
2455071.176816
2455071.197249
2455071.217682
2455071.238116
2455071.258549
2455071.278982
2455071.299416
2455071.319849
2455071.340283
2455071.360716
2455071.381149
2455071.401583
2455071.422016
2455071.442450
2455071.462883
2455071.483316
2455071.503750
2455071.524183
2455071.544617
2455071.565050
2455071.585483
2455071.605917
2455071.626350
2455071.646784
2455071.667217
2455071.687650
2455071.708084
2455071.728517
2455071.748951
2455071.769384
2455071.789817
2455071.810251
2455071.830684
2455071.851117
2455071.871551
2455071.891984
2455071.912418
2455071.932851
2455071.953284
2455071.973718
2455071.994151
2455072.014585
2455072.035018
2455072.055451
2455072.075885
2455072.096318
2455072.116751
2455072.137185
2455072.157618
2455072.178052
2455072.198485
2455072.218919
2455072.239352
2455072.259785
2455072.280219
2455072.300652
2455072.321085
2455072.341519
2455072.361952
2455072.382386
2455072.402819
2455072.423252
2455072.443686
2455072.464119
2455072.484553
2455072.504986
2455072.525419
2455072.545853
2455072.566286
2455072.586719
2455072.607153
2455072.627586
2455072.648020
2455072.668453
2455072.688886
2455072.709320
2455072.729753
2455072.750187
2455072.770620
2455072.791053
2455072.811487
2455072.831920
2455072.852353
2455072.872787
2455072.893220
2455072.913654
2455072.934087
2455072.954520
2455072.974954
2455072.995387
2455073.015821
2455073.036254
2455073.056687
2455073.077121
2455073.097554
2455073.117987
2455073.138421
2455073.158854
2455073.179288
2455073.199721
2455073.220154
2455073.240588
2455073.261021
2455073.281454
2455073.301888
2455073.322321
2455073.342754
2455073.363188
2455073.383621
2455073.404055
2455073.424488
2455073.444921
2455073.465355
2455073.485788
2455073.506222
2455073.526655
2455073.547088
2455073.567522
2455073.587955
2455073.608388
2455073.628822
2455073.649255
2455073.669689
2455073.690122
2455073.710555
2455073.730989
2455073.751422
2455073.771855
2455073.792289
2455073.812722
2455073.833155
2455073.853589
2455073.874022
2455073.894456
2455073.914889
2455073.935322
2455073.955756
2455073.976189
2455073.996623
2455074.017056
2455074.037489
2455074.057923
2455074.078356
2455074.098789
2455074.119223
2455074.139656
2455074.160089
2455074.180523
2455074.200956
2455074.221390
2455074.241823
2455074.262256
2455074.282690
2455074.303123
2455074.323556
2455074.343990
2455074.364423
2455074.384857
2455074.405290
2455074.425723
2455074.446157
2455074.466590
2455074.487023
2455074.507457
2455074.527890
2455074.548323
2455074.568757
2455074.589190
2455074.609624
2455074.630057
2455074.650490
2455074.670924
2455074.691357
2455074.711790
2455074.732224
2455074.752657
2455074.773090
2455074.793524
2455074.813957
2455074.834390
2455074.854824
2455074.875257
2455074.895691
2455074.916124
2455074.936557
2455074.956991
2455074.977424
2455074.997857
2455075.018291
2455075.038724
2455075.059157
2455075.079591
2455075.100024
2455075.120458
2455075.140891
2455075.161324
2455075.181758
2455075.202191
2455075.222624
2455075.243058
2455075.263491
2455075.283924
2455075.304358
2455075.324791
2455075.345224
2455075.365658
2455075.386091
2455075.406525
2455075.426958
2455075.447391
2455075.467825
2455075.488258
2455075.508691
2455075.529125
2455075.549558
2455075.569992
2455075.590425
2455075.610858
2455075.631291
2455075.651725
2455075.672158
2455075.692592
2455075.713025
2455075.733458
2455075.753892
2455075.774325
2455075.794758
2455075.815192
2455075.835625
2455075.856059
2455075.876492
2455075.896925
2455075.917359
2455075.937792
2455075.958225
2455075.978659
2455075.999092
2455076.019525
2455076.039959
2455076.060392
2455076.080825
2455076.101259
2455076.121692
2455076.142125
2455076.162559
2455076.182992
2455076.203425
2455076.223859
2455076.244292
2455076.264725
2455076.285159
2455076.305592
2455076.326025
2455076.346459
2455076.366892
2455076.387326
2455076.407759
2455076.428192
2455076.448626
2455076.469059
2455076.489492
2455076.509926
2455076.530359
2455076.550792
2455076.571226
2455076.591659
2455076.612092
2455076.632526
2455076.652959
2455076.673392
2455076.693826
2455076.714259
2455076.734692
2455076.755126
2455076.775559
2455076.795992
2455076.816426
2455076.836859
2455076.857293
2455076.877726
2455076.898159
2455076.918593
2455076.939026
2455076.959459
2455076.979893
2455077.000326
2455077.020759
2455077.041193
2455077.061626
2455077.082059
2455077.102493
2455077.122926
2455077.143359
2455077.163793
2455077.184226
2455077.204659
2455077.225093
2455077.245526
2455077.265959
2455077.286393
2455077.306826
2455077.327259
2455077.347693
2455077.368126
2455077.388559
2455077.408993
2455077.429426
2455077.449859
2455077.470293
2455077.490726
2455077.511159
2455077.531593
2455077.552026
2455077.572459
2455077.592893
2455077.613326
2455077.633759
2455077.654193
2455077.674626
2455077.695059
2455077.715493
2455077.735926
2455077.756359
2455077.776793
2455077.797226
2455077.817659
2455077.838093
2455077.858526
2455077.878959
2455077.899393
2455077.919826
2455077.940259
2455077.960693
2455077.981126
2455078.001559
2455078.021993
2455078.042426
2455078.062859
2455078.083293
2455078.103726
2455078.124159
2455078.144593
2455078.165026
2455078.185459
2455078.205893
2455078.226326
2455078.246759
2455078.267193
2455078.287626
2455078.308059
2455078.328493
2455078.348926
2455078.369359
2455078.389793
2455078.410226
2455078.430659
2455078.451093
2455078.471526
2455078.491959
2455078.512393
2455078.532826
2455078.553259
2455078.573693
2455078.594126
2455078.614559
2455078.634993
2455078.655426
2455078.675859
2455078.696293
2455078.716726
2455078.737159
2455078.757593
2455078.778026
2455078.798459
2455078.818893
2455078.839326
2455078.859759
2455078.880193
2455078.900626
2455078.921059
2455078.941493
2455078.961926
2455078.982359
2455079.002793
2455079.023226
2455079.043659
2455079.064093
2455079.084526
2455079.104959
2455079.125392
2455079.145826
2455079.166259
2455079.186692
2455079.207126
2455079.227559
2455079.247992
2455079.268426
2455079.288859
2455079.309292
2455079.329726
2455079.350159
2455079.370592
2455079.391026
2455079.411459
2455079.431892
2455079.452326
2455079.472759
2455079.493192
2455079.513626
2455079.534059
2455079.554492
2455079.574925
2455079.595359
2455079.615792
2455079.636225
2455079.656659
2455079.677092
2455079.697526
2455079.717959
2455079.738392
2455079.758825
2455079.779259
2455079.799692
2455079.820125
2455079.840559
2455079.860992
2455079.881425
2455079.901859
2455079.922292
2455079.942725
2455079.963158
2455079.983592
2455080.004025
2455080.024458
2455080.044892
2455080.065325
2455080.085758
2455080.106192
2455080.126625
2455080.147058
2455080.167492
2455080.187925
2455080.208358
2455080.228792
2455080.249225
2455080.269658
2455080.290092
2455080.310525
2455080.330958
2455080.351391
2455080.371825
2455080.392258
2455080.412691
2455080.433125
2455080.453558
2455080.473991
2455080.494425
2455080.514858
2455080.535291
2455080.555725
2455080.576158
2455080.596591
2455080.617024
2455080.637458
2455080.657891
2455080.678324
2455080.698758
2455080.719191
2455080.739624
2455080.760058
2455080.780491
2455080.800924
2455080.821357
2455080.841791
2455080.862224
2455080.882658
2455080.903091
2455080.923524
2455080.943957
2455080.964391
2455080.984824
2455081.005257
2455081.025691
2455081.046124
2455081.066557
2455081.086990
2455081.107424
2455081.127857
2455081.148290
2455081.168724
2455081.189157
2455081.209590
2455081.230024
2455081.250457
2455081.270890
2455081.291324
2455081.311757
2455081.332190
2455081.352623
2455081.373057
2455081.393490
2455081.413923
2455081.434357
2455081.454790
2455081.475223
2455081.495657
2455081.516090
2455081.536523
2455081.556957
2455081.577390
2455081.597823
2455081.618256
2455081.638690
2455081.659123
2455081.679556
2455081.699990
2455081.720423
2455081.740856
2455081.761290
2455081.781723
2455081.802156
2455081.822589
2455081.843023
2455081.863456
2455081.883889
2455081.904323
2455081.924756
2455081.945189
2455081.965622
2455081.986056
2455082.006489
2455082.026922
2455082.047356
2455082.067789
2455082.088222
2455082.108655
2455082.129089
2455082.149522
2455082.169955
2455082.190389
2455082.210822
2455082.231255
2455082.251689
2455082.272122
2455082.292555
2455082.312988
2455082.333422
2455082.353855
2455082.374288
2455082.394722
2455082.415155
2455082.435588
2455082.456022
2455082.476455
2455082.496888
2455082.517321
2455082.537755
2455082.558188
2455082.578621
2455082.599054
2455082.619488
2455082.639921
2455082.660354
2455082.680788
2455082.701221
2455082.721654
2455082.742088
2455082.762521
2455082.782954
2455082.803387
2455082.823821
2455082.844254
2455082.864687
2455082.885121
2455082.905554
2455082.925987
2455082.946420
2455082.966854
2455082.987287
2455083.007720
2455083.028154
2455083.048587
2455083.069020
2455083.089453
2455083.109887
2455083.130320
2455083.150753
2455083.171187
2455083.191620
2455083.212053
2455083.232487
2455083.252920
2455083.273353
2455083.293786
2455083.314220
2455083.334653
2455083.355086
2455083.375519
2455083.395953
2455083.416386
2455083.436819
2455083.457253
2455083.477686
2455083.498119
2455083.518552
2455083.538986
2455083.559419
2455083.579852
2455083.600285
2455083.620719
2455083.641152
2455083.661585
2455083.682019
2455083.702452
2455083.722885
2455083.743318
2455083.763752
2455083.784185
2455083.804618
2455083.825052
2455083.845485
2455083.865918
2455083.886351
2455083.906785
2455083.927218
2455083.947651
2455083.968085
2455083.988518
2455084.008951
2455084.029384
2455084.049818
2455084.070251
2455084.090684
2455084.111118
2455084.131551
2455084.151984
2455084.172417
2455084.192851
2455084.213284
2455084.233717
2455084.254151
2455084.274584
2455084.295017
2455084.315450
2455084.335884
2455084.356317
2455084.376750
2455084.397183
2455084.417617
2455084.438050
2455084.458483
2455084.478917
2455084.499350
2455084.519783
2455084.540216
2455084.560650
2455084.581083
2455084.601516
2455084.621950
2455084.642383
2455084.662816
2455084.683249
2455084.703683
2455084.724116
2455084.744549
2455084.764982
2455084.785416
2455084.805849
2455084.826282
2455084.846715
2455084.867149
2455084.887582
2455084.908015
2455084.928449
2455084.948882
2455084.969315
2455084.989748
2455085.010182
2455085.030615
2455085.051048
2455085.071481
2455085.091915
2455085.112348
2455085.132781
2455085.153214
2455085.173648
2455085.194081
2455085.214514
2455085.234948
2455085.255381
2455085.275814
2455085.296247
2455085.316680
2455085.337114
2455085.357547
2455085.377980
2455085.398414
2455085.418847
2455085.439280
2455085.459713
2455085.480147
2455085.500580
2455085.521013
2455085.541447
2455085.561880
2455085.582313
2455085.602746
2455085.623180
2455085.643613
2455085.664046
2455085.684479
2455085.704913
2455085.725346
2455085.745779
2455085.766212
2455085.786646
2455085.807079
2455085.827512
2455085.847945
2455085.868379
2455085.888812
2455085.909245
2455085.929679
2455085.950112
2455085.970545
2455085.990978
2455086.011411
2455086.031845
2455086.052278
2455086.072711
2455086.093145
2455086.113578
2455086.134011
2455086.154444
2455086.174878
2455086.195311
2455086.215744
2455086.236177
2455086.256611
2455086.277044
2455086.297477
2455086.317910
2455086.338344
2455086.358777
2455086.379210
2455086.399644
2455086.420077
2455086.440510
2455086.460943
2455086.481376
2455086.501810
2455086.522243
2455086.542676
2455086.563110
2455086.583543
2455086.603976
2455086.624409
2455086.644842
2455086.665276
2455086.685709
2455086.706142
2455086.726575
2455086.747009
2455086.767442
2455086.787875
2455086.808309
2455086.828742
2455086.849175
2455086.869608
2455086.890041
2455086.910475
2455086.930908
2455086.951341
2455086.971775
2455086.992208
2455087.012641
2455087.033074
2455087.053508
2455087.073941
2455087.094374
2455087.114807
2455087.135241
2455087.155674
2455087.176107
2455087.196540
2455087.216974
2455087.237407
2455087.257840
2455087.278273
2455087.298707
2455087.319140
2455087.339573
2455087.360006
2455087.380440
2455087.400873
2455087.421306
2455087.441739
2455087.462172
2455087.482606
2455087.503039
2455087.523472
2455087.543906
2455087.564339
2455087.584772
2455087.605205
2455087.625639
2455087.646072
2455087.666505
2455087.686938
2455087.707372
2455087.727805
2455087.748238
2455087.768671
2455087.789104
2455087.809538
2455087.829971
2455087.850404
2455087.870837
2455087.891271
2455087.911704
2455087.932137
2455087.952570
2455087.973004
2455087.993437
2455088.013870
2455088.034303
2455088.054737
2455088.075170
2455088.095603
2455088.116036
2455088.136470
2455088.156903
2455088.177336
2455088.197769
2455088.218203
2455088.238636
2455088.259069
2455088.279502
2455088.299935
2455088.320369
2455088.340802
2455088.361235
2455088.381668
2455088.402102
2455088.422535
2455088.442968
2455088.463402
2455088.483835
2455088.504268
2455088.524701
2455088.545134
2455088.565568
2455088.586001
2455088.606434
2455088.626867
2455088.647301
2455088.667734
2455088.688167
2455088.708600
2455088.729033
2455088.749467
2455088.769900
2455088.790333
2455088.810766
2455088.831200
2455088.851633
2455088.872066
2455088.892499
2455088.912933
2455088.933366
2455088.953799
2455088.974232
2455088.994666
2455089.015099
2455089.035532
2455089.055965
2455089.076399
2455089.096832
2455089.117265
2455089.137698
2455089.158131
2455089.178565
2455089.198998
2455089.219431
2455089.239864
2455089.260298
2455089.280731
2455089.301164
2455089.321597
2455089.342031
2455089.362464
2455089.382897
2455089.403330
2455089.423763
2455089.444197
2455089.464630
2455089.485063
2455089.505496
2455089.525930
2455089.546363
2455089.566796
2455089.587229
2455089.607663
2455089.628096
2455089.648529
2455089.668962
2455089.689395
2455089.709829
2455089.730262
2455089.750695
2455089.771128
2455089.791562
2455089.811995
2455089.832428
2455089.852861
2455089.873294
2455089.893728
2455089.914161
2455089.934594
2455089.955027
2455089.975461
2455089.995894
2455090.016327
2455090.036760
2455090.057194
2455090.077627
2455090.098060
2455090.118493
2455090.138926
2455090.159360
2455090.179793
2455090.200226
2455090.220659
2455090.241092
2455090.261526
2455090.281959
2455090.302392
2455090.322825
2455090.343259
2455090.363692
2455090.384125
2455090.404558
2455090.424992
2455090.445425
2455090.465858
2455090.486291
2455090.506724
2455090.527158
2455090.547591
2455090.568024
2455090.588457
2455090.608891
2455090.629324
2455090.649757
2455090.670190
2455090.690623
2455090.711057
2455090.731490
2455090.751923
2455090.772356
2455090.792790
2455090.813223
2455090.833656
2455090.854089
2455090.874522
2455090.894956
2455090.915389
2455090.935822
2455090.956255
2455090.976689
2455090.997122
2455091.017555
2455091.037988
2455091.058421
2455091.078855
2455091.099288
2455091.119721
2455091.140154
2455091.160587
2455091.181021
2455091.201454
2455091.221887
2455091.242320
2455091.262754
2455091.283187
2455091.303620
2455091.324053
2455091.344486
2455091.364919
2455091.385353
2455091.405786
2455091.426219
2455091.446652
2455091.467086
