2455932.409194
2455932.429628
2455932.450061
2455932.470494
2455932.490927
2455932.511360
2455932.531793
2455932.552227
2455932.572660
2455932.593093
2455932.613526
2455932.633959
2455932.654392
2455932.674825
2455932.695259
2455932.715692
2455932.736125
2455932.756558
2455932.776991
2455932.797424
2455932.817858
2455932.838291
2455932.858724
2455932.879157
2455932.899590
2455932.920023
2455932.940456
2455932.960890
2455932.981323
2455933.001756
2455933.022189
2455933.042622
2455933.063056
2455933.083489
2455933.103922
2455933.124355
2455933.144788
2455933.165221
2455933.185654
2455933.206088
2455933.226521
2455933.246954
2455933.267387
2455933.287820
2455933.308254
2455933.328687
2455933.349120
2455933.369553
2455933.389986
2455933.410419
2455933.430852
2455933.451286
2455933.471719
2455933.492152
2455933.512585
2455933.533018
2455933.553451
2455933.573884
2455933.594318
2455933.614751
2455933.635184
2455933.655617
2455933.676050
2455933.696484
2455933.716917
2455933.737350
2455933.757783
2455933.778216
2455933.798649
2455933.819083
2455933.839516
2455933.859949
2455933.880382
2455933.900815
2455933.921249
2455933.941682
2455933.962115
2455933.982548
2455934.002981
2455934.023414
2455934.043848
2455934.064281
2455934.084714
2455934.105147
2455934.125580
2455934.146013
2455934.166446
2455934.186880
2455934.207313
2455934.227746
2455934.248179
2455934.268612
2455934.289046
2455934.309479
2455934.329912
2455934.350345
2455934.370778
2455934.391211
2455934.411645
2455934.432078
2455934.452511
2455934.472944
2455934.493377
2455934.513810
2455934.534244
2455934.554677
2455934.575110
2455934.595543
2455934.615976
2455934.636410
2455934.656843
2455934.677276
2455934.697709
2455934.718142
2455934.738575
2455934.759008
2455934.779442
2455934.799875
2455934.820308
2455934.840741
2455934.861174
2455934.881607
2455934.902041
2455934.922474
2455934.942907
2455934.963340
2455934.983773
2455935.004207
2455935.024640
2455935.045073
2455935.065506
2455935.085939
2455935.106372
2455935.126806
2455935.147239
2455935.167672
2455935.188105
2455935.208538
2455935.228972
2455935.249405
2455935.269838
2455935.290271
2455935.310704
2455935.331137
2455935.351571
2455935.372004
2455935.392437
2455935.412870
2455935.433303
2455935.453736
2455935.474170
2455935.494603
2455935.515036
2455935.535469
2455935.555902
2455935.576336
2455935.596769
2455935.617202
2455935.637635
2455935.658068
2455935.678501
2455935.698935
2455935.719368
2455935.739801
2455935.760234
2455935.780667
2455935.801101
2455935.821534
2455935.841967
2455935.862400
2455935.882833
2455935.903267
2455935.923700
2455935.944133
2455935.964566
2455935.984999
2455936.005432
2455936.025866
2455936.046299
2455936.066732
2455936.087165
2455936.107598
2455936.128032
2455936.148465
2455936.168898
2455936.189331
2455936.209764
2455936.230198
2455936.250631
2455936.271064
2455936.291497
2455936.311930
2455936.332363
2455936.352797
2455936.373230
2455936.393663
2455936.414096
2455936.434529
2455936.454963
2455936.475396
2455936.495829
2455936.516262
2455936.536695
2455936.557129
2455936.577562
2455936.597995
2455936.618428
2455936.638861
2455936.659295
2455936.679728
2455936.700161
2455936.720594
2455936.741027
2455936.761460
2455936.781894
2455936.802327
2455936.822760
2455936.843193
2455936.863626
2455936.884060
2455936.904493
2455936.924926
2455936.945359
2455936.965793
2455936.986226
2455937.006659
2455937.027092
2455937.047525
2455937.067958
2455937.088392
2455937.108825
2455937.129258
2455937.149691
2455937.170124
2455937.190558
2455937.210991
2455937.231424
2455937.251857
2455937.272290
2455937.292723
2455937.313157
2455937.333590
2455937.354023
2455937.374456
2455937.394890
2455937.415323
2455937.435756
2455937.456189
2455937.476622
2455937.497055
2455937.517489
2455937.537922
2455937.558355
2455937.578788
2455937.599222
2455937.619655
2455937.640088
2455937.660521
2455937.680954
2455937.701388
2455937.721821
2455937.742254
2455937.762687
2455937.783120
2455937.803554
2455937.823987
2455937.844420
2455937.864853
2455937.885286
2455937.905720
2455937.926153
2455937.946586
2455937.967019
2455937.987452
2455938.007885
2455938.028319
2455938.048752
2455938.069185
2455938.089618
2455938.110052
2455938.130485
2455938.150918
2455938.171351
2455938.191784
2455938.212218
2455938.232651
2455938.253084
2455938.273517
2455938.293950
2455938.314384
2455938.334817
2455938.355250
2455938.375683
2455938.396116
2455938.416550
2455938.436983
2455938.457416
2455938.477849
2455938.498282
2455938.518716
2455938.539149
2455938.559582
2455938.580015
2455938.600448
2455938.620882
2455938.641315
2455938.661748
2455938.682181
2455938.702615
2455938.723048
2455938.743481
2455938.763914
2455938.784347
2455938.804781
2455938.825214
2455938.845647
2455938.866080
2455938.886513
2455938.906947
2455938.927380
2455938.947813
2455938.968246
2455938.988679
2455939.009113
2455939.029546
2455939.049979
2455939.070412
2455939.090846
2455939.111279
2455939.131712
2455939.152145
2455939.172578
2455939.193012
2455939.213445
2455939.233878
2455939.254311
2455939.274744
2455939.295178
2455939.315611
2455939.336044
2455939.356477
2455939.376911
2455939.397344
2455939.417777
2455939.438210
2455939.458643
2455939.479077
2455939.499510
2455939.519943
2455939.540376
2455939.560809
2455939.581243
2455939.601676
2455939.622109
2455939.642542
2455939.662976
2455939.683409
2455939.703842
2455939.724275
2455939.744709
2455939.765142
2455939.785575
2455939.806008
2455939.826441
2455939.846875
2455939.867308
2455939.887741
2455939.908174
2455939.928607
2455939.949041
2455939.969474
2455939.989907
2455940.010340
2455940.030774
2455940.051207
2455940.071640
2455940.092073
2455940.112506
2455940.132940
2455940.153373
2455940.173806
2455940.194239
2455940.214672
2455940.235106
2455940.255539
2455940.275972
2455940.296405
2455940.316839
2455940.337272
2455940.357705
2455940.378138
2455940.398572
2455940.419005
2455940.439438
2455940.459871
2455940.480305
2455940.500738
2455940.521171
2455940.541604
2455940.562037
2455940.582471
2455940.602904
2455940.623337
2455940.643770
2455940.664203
2455940.684637
2455940.705070
2455940.725503
2455940.745936
2455940.766370
2455940.786803
2455940.807236
2455940.827669
2455940.848103
2455940.868536
2455940.888969
2455940.909402
2455940.929835
2455940.950269
2455940.970702
2455940.991135
2455941.011568
2455941.032002
2455941.052435
2455941.072868
2455941.093301
2455941.113734
2455941.134168
2455941.154601
2455941.175034
2455941.195467
2455941.215901
2455941.236334
2455941.256767
2455941.277200
2455941.297634
2455941.318067
2455941.338500
2455941.358933
2455941.379366
2455941.399800
2455941.420233
2455941.440666
2455941.461099
2455941.481533
2455941.501966
2455941.522399
2455941.542832
2455941.563266
2455941.583699
2455941.604132
2455941.624565
2455941.644999
2455941.665432
2455941.685865
2455941.706298
2455941.726731
2455941.747165
2455941.767598
2455941.788031
2455941.808464
2455941.828898
2455941.849331
2455941.869764
2455941.890197
2455941.910631
2455941.931064
2455941.951497
2455941.971930
2455941.992364
2455942.012797
2455942.033230
2455942.053663
2455942.074097
2455942.094530
2455942.114963
2455942.135396
2455942.155829
2455942.176263
2455942.196696
2455942.217129
2455942.237562
2455942.257996
2455942.278429
2455942.298862
2455942.319295
2455942.339729
2455942.360162
2455942.380595
2455942.401028
2455942.421462
2455942.441895
2455942.462328
2455942.482761
2455942.503195
2455942.523628
2455942.544061
2455942.564494
2455942.584928
2455942.605361
2455942.625794
2455942.646227
2455942.666660
2455942.687094
2455942.707527
2455942.727960
2455942.748394
2455942.768827
2455942.789260
2455942.809693
2455942.830126
2455942.850560
2455942.870993
2455942.891426
2455942.911860
2455942.932293
2455942.952726
2455942.973159
2455942.993593
2455943.014026
2455943.034459
2455943.054892
2455943.075326
2455943.095759
2455943.116192
2455943.136625
2455943.157058
2455943.177492
2455943.197925
2455943.218358
2455943.238792
2455943.259225
2455943.279658
2455943.300091
2455943.320524
2455943.340958
2455943.361391
2455943.381824
2455943.402257
2455943.422691
2455943.443124
2455943.463557
2455943.483990
2455943.504424
2455943.524857
2455943.545290
2455943.565724
2455943.586157
2455943.606590
2455943.627023
2455943.647457
2455943.667890
2455943.688323
2455943.708756
2455943.729189
2455943.749623
2455943.770056
2455943.790489
2455943.810923
2455943.831356
2455943.851789
2455943.872222
2455943.892656
2455943.913089
2455943.933522
2455943.953955
2455943.974389
2455943.994822
2455944.015255
2455944.035688
2455944.056122
2455944.076555
2455944.096988
2455944.117421
2455944.137855
2455944.158288
2455944.178721
2455944.199154
2455944.219588
2455944.240021
2455944.260454
2455944.280887
2455944.301321
2455944.321754
2455944.342187
2455944.362621
2455944.383054
2455944.403487
2455944.423920
2455944.444353
2455944.464787
2455944.485220
2455944.505653
2455944.526087
2455944.546520
2455944.566953
2455944.587386
2455944.607820
2455944.628253
2455944.648686
2455944.669119
2455944.689553
2455944.709986
2455944.730419
2455944.750853
2455944.771286
2455944.791719
2455944.812152
2455944.832585
2455944.853019
2455944.873452
2455944.893885
2455944.914319
2455944.934752
2455944.955185
2455944.975618
2455944.996052
2455945.016485
2455945.036918
2455945.057351
2455945.077785
2455945.098218
2455945.118651
2455945.139085
2455945.159518
2455945.179951
2455945.200384
2455945.220818
2455945.241251
2455945.261684
2455945.282117
2455945.302551
2455945.322984
2455945.343417
2455945.363851
2455945.384284
2455945.404717
2455945.425150
2455945.445584
2455945.466017
2455945.486450
2455945.506883
2455945.527317
2455945.547750
2455945.568183
2455945.588617
2455945.609050
2455945.629483
2455945.649916
2455945.670349
2455945.690783
2455945.711216
2455945.731649
2455945.752083
2455945.772516
2455945.792949
2455945.813382
2455945.833816
2455945.854249
2455945.874682
2455945.895116
2455945.915549
2455945.935982
2455945.956415
2455945.976849
2455945.997282
2455946.017715
2455946.038149
2455946.058582
2455946.079015
2455946.099448
2455946.119882
2455946.140315
2455946.160748
2455946.181182
2455946.201615
2455946.222048
2455946.242481
2455946.262915
2455946.283348
2455946.303781
2455946.324214
2455946.344648
2455946.365081
2455946.385514
2455946.405948
2455946.426381
2455946.446814
2455946.467247
2455946.487681
2455946.508114
2455946.528547
2455946.548980
2455946.569414
2455946.589847
2455946.610280
2455946.630714
2455946.651147
2455946.671580
2455946.692014
2455946.712447
2455946.732880
2455946.753313
2455946.773747
2455946.794180
2455946.814613
2455946.835046
2455946.855480
2455946.875913
2455946.896346
2455946.916780
2455946.937213
2455946.957646
2455946.978079
2455946.998513
2455947.018946
2455947.039379
2455947.059813
2455947.080246
2455947.100679
2455947.121112
2455947.141546
2455947.161979
2455947.182412
2455947.202846
2455947.223279
2455947.243712
2455947.264145
2455947.284579
2455947.305012
2455947.325445
2455947.345879
2455947.366312
2455947.386745
2455947.407179
2455947.427612
2455947.448045
2455947.468478
2455947.488912
2455947.509345
2455947.529778
2455947.550212
2455947.570645
2455947.591078
2455947.611511
2455947.631945
2455947.652378
2455947.672811
2455947.693245
2455947.713678
2455947.734111
2455947.754544
2455947.774978
2455947.795411
2455947.815844
2455947.836278
2455947.856711
2455947.877144
2455947.897578
2455947.918011
2455947.938444
2455947.958877
2455947.979311
2455947.999744
2455948.020177
2455948.040611
2455948.061044
2455948.081477
2455948.101910
2455948.122344
2455948.142777
2455948.163210
2455948.183644
2455948.204077
2455948.224510
2455948.244943
2455948.265377
2455948.285810
2455948.306243
2455948.326677
2455948.347110
2455948.367543
2455948.387977
2455948.408410
2455948.428843
2455948.449277
2455948.469710
2455948.490143
2455948.510576
2455948.531010
2455948.551443
2455948.571876
2455948.592310
2455948.612743
2455948.633176
2455948.653609
2455948.674043
2455948.694476
2455948.714909
2455948.735343
2455948.755776
2455948.776209
2455948.796643
2455948.817076
2455948.837509
2455948.857943
2455948.878376
2455948.898809
2455948.919242
2455948.939676
2455948.960109
2455948.980542
2455949.000976
2455949.021409
2455949.041842
2455949.062276
2455949.082709
2455949.103142
2455949.123576
2455949.144009
2455949.164442
2455949.184875
2455949.205309
2455949.225742
2455949.246175
2455949.266609
2455949.287042
2455949.307475
2455949.327909
2455949.348342
2455949.368775
2455949.389209
2455949.409642
2455949.430075
2455949.450508
2455949.470942
2455949.491375
2455949.511808
2455949.532242
2455949.552675
2455949.573108
2455949.593542
2455949.613975
2455949.634408
2455949.654842
2455949.675275
2455949.695708
2455949.716141
2455949.736575
2455949.757008
2455949.777441
2455949.797875
2455949.818308
2455949.838741
2455949.859175
2455949.879608
2455949.900041
2455949.920475
2455949.940908
2455949.961341
2455949.981775
2455950.002208
2455950.022641
2455950.043074
2455950.063508
2455950.083941
2455950.104374
2455950.124808
2455950.145241
2455950.165674
2455950.186108
2455950.206541
2455950.226974
2455950.247408
2455950.267841
2455950.288274
2455950.308708
2455950.329141
2455950.349574
2455950.370008
2455950.390441
2455950.410874
2455950.431308
2455950.451741
2455950.472174
2455950.492607
2455950.513041
2455950.533474
2455950.553908
2455950.574341
2455950.594774
2455950.615207
2455950.635641
2455950.656074
2455950.676507
2455950.696941
2455950.717374
2455950.737807
2455950.758241
2455950.778674
2455950.799107
2455950.819541
2455950.839974
2455950.860407
2455950.880841
2455950.901274
2455950.921707
2455950.942141
2455950.962574
2455950.983007
2455951.003441
2455951.023874
2455951.044307
2455951.064741
2455951.085174
2455951.105607
2455951.126041
2455951.146474
2455951.166907
2455951.187340
2455951.207774
2455951.228207
2455951.248640
2455951.269074
2455951.289507
2455951.309941
2455951.330374
2455951.350807
2455951.371241
2455951.391674
2455951.412107
2455951.432540
2455951.452974
2455951.473407
2455951.493840
2455951.514274
2455951.534707
2455951.555141
2455951.575574
2455951.596007
2455951.616440
2455951.636874
2455951.657307
2455951.677740
2455951.698174
2455951.718607
2455951.739040
2455951.759474
2455951.779907
2455951.800340
2455951.820774
2455951.841207
2455951.861640
2455951.882074
2455951.902507
2455951.922940
2455951.943374
2455951.963807
2455951.984240
2455952.004674
2455952.025107
2455952.045540
2455952.065974
2455952.086407
2455952.106840
2455952.127274
2455952.147707
2455952.168140
2455952.188574
2455952.209007
2455952.229440
2455952.249874
2455952.270307
2455952.290740
2455952.311174
2455952.331607
2455952.352040
2455952.372474
2455952.392907
2455952.413340
2455952.433774
2455952.454207
2455952.474640
2455952.495074
2455952.515507
2455952.535941
2455952.556374
2455952.576807
2455952.597241
2455952.617674
2455952.638107
2455952.658541
2455952.678974
2455952.699407
2455952.719841
2455952.740274
2455952.760707
2455952.781141
2455952.801574
2455952.822007
2455952.842441
2455952.862874
2455952.883307
2455952.903741
2455952.924174
2455952.944607
2455952.965041
2455952.985474
2455953.005907
2455953.026341
2455953.046774
2455953.067207
2455953.087641
2455953.108074
2455953.128507
2455953.148941
2455953.169374
2455953.189808
2455953.210241
2455953.230674
2455953.251108
2455953.271541
2455953.291974
2455953.312408
2455953.332841
2455953.353274
2455953.373708
2455953.394141
2455953.414574
2455953.435008
2455953.455441
2455953.475874
2455953.496308
2455953.516741
2455953.537174
2455953.557608
2455953.578041
2455953.598475
2455953.618908
2455953.639341
2455953.659775
2455953.680208
2455953.700641
2455953.721075
2455953.741508
2455953.761941
2455953.782375
2455953.802808
2455953.823242
2455953.843675
2455953.864108
2455953.884542
2455953.904975
2455953.925408
2455953.945842
2455953.966275
2455953.986708
2455954.007142
2455954.027575
2455954.048008
2455954.068442
2455954.088875
2455954.109308
2455954.129742
2455954.150175
2455954.170608
2455954.191042
2455954.211475
2455954.231909
2455954.252342
2455954.272775
2455954.293209
2455954.313642
2455954.334075
2455954.354509
2455954.374942
2455954.395375
2455954.415809
2455954.436242
2455954.456676
2455954.477109
2455954.497542
2455954.517976
2455954.538409
2455954.558842
2455954.579276
2455954.599709
2455954.620142
2455954.640576
2455954.661009
2455954.681442
2455954.701876
2455954.722309
2455954.742743
2455954.763176
2455954.783609
2455954.804043
2455954.824476
2455954.844909
2455954.865343
2455954.885776
2455954.906209
2455954.926643
2455954.947076
2455954.967510
2455954.987943
2455955.008376
2455955.028810
2455955.049243
2455955.069676
2455955.090110
2455955.110543
2455955.130977
2455955.151410
2455955.171843
2455955.192277
2455955.212710
2455955.233143
2455955.253577
2455955.274010
2455955.294443
2455955.314877
2455955.335310
2455955.355744
2455955.376177
2455955.396610
2455955.417044
2455955.437477
2455955.457910
2455955.478344
2455955.498777
2455955.519210
2455955.539644
2455955.560077
2455955.580511
2455955.600944
2455955.621377
2455955.641811
2455955.662244
2455955.682678
2455955.703111
2455955.723544
2455955.743978
2455955.764411
2455955.784844
2455955.805278
2455955.825711
2455955.846145
2455955.866578
2455955.887011
2455955.907445
2455955.927878
2455955.948311
2455955.968745
2455955.989178
2455956.009612
2455956.030045
2455956.050478
2455956.070912
2455956.091345
2455956.111778
2455956.132212
2455956.152645
2455956.173079
2455956.193512
2455956.213945
2455956.234379
2455956.254812
2455956.275245
2455956.295679
2455956.316112
2455956.336546
2455956.356979
2455956.377412
2455956.397846
2455956.418279
2455956.438713
2455956.459146
2455956.479579
2455956.500013
2455956.520446
2455956.540879
2455956.561313
2455956.581746
2455956.602180
2455956.622613
2455956.643046
2455956.663480
2455956.683913
2455956.704346
2455956.724780
2455956.745213
2455956.765647
2455956.786080
2455956.806513
2455956.826947
2455956.847380
2455956.867814
2455956.888247
2455956.908680
2455956.929114
2455956.949547
2455956.969980
2455956.990414
2455957.010847
2455957.031281
2455957.051714
2455957.072147
2455957.092581
2455957.113014
2455957.133448
2455957.153881
2455957.174314
2455957.194748
2455957.215181
2455957.235614
2455957.256048
2455957.276481
2455957.296915
2455957.317348
2455957.337781
2455957.358215
2455957.378648
2455957.399082
2455957.419515
2455957.439948
2455957.460382
2455957.480815
2455957.501249
2455957.521682
2455957.542115
2455957.562549
2455957.582982
2455957.603416
2455957.623849
2455957.644282
2455957.664716
2455957.685149
2455957.705583
2455957.726016
2455957.746449
2455957.766883
2455957.787316
2455957.807750
2455957.828183
2455957.848616
2455957.869050
2455957.889483
2455957.909916
2455957.930350
2455957.950783
2455957.971217
2455957.991650
2455958.012083
2455958.032517
2455958.052950
2455958.073384
2455958.093817
2455958.114251
2455958.134684
2455958.155117
2455958.175551
2455958.195984
2455958.216417
2455958.236851
2455958.257284
2455958.277718
2455958.298151
2455958.318585
2455958.339018
2455958.359451
2455958.379885
2455958.400318
2455958.420752
2455958.441185
2455958.461618
2455958.482052
2455958.502485
2455958.522919
2455958.543352
2455958.563785
2455958.584219
2455958.604652
2455958.625086
2455958.645519
2455958.665952
2455958.686386
2455958.706819
2455958.727253
2455958.747686
2455958.768119
2455958.788553
2455958.808986
2455958.829420
2455958.849853
2455958.870286
2455958.890720
           NaN
           NaN
           NaN
           NaN
           NaN
           NaN
           NaN
           NaN
           NaN
           NaN
           NaN
           NaN
           NaN
           NaN
           NaN
           NaN
           NaN
           NaN
           NaN
           NaN
           NaN
           NaN
           NaN
           NaN
           NaN
           NaN
           NaN
           NaN
           NaN
           NaN
           NaN
           NaN
           NaN
           NaN
           NaN
2455959.626322
2455959.646756
2455959.667189
2455959.687623
2455959.708056
2455959.728490
2455959.748923
2455959.769356
2455959.789790
2455959.810223
2455959.830657
2455959.851090
2455959.871524
2455959.891957
2455959.912390
2455959.932824
2455959.953257
2455959.973691
2455959.994124
2455960.014558
2455960.034991
2455960.055424
2455960.075858
2455960.096291
2455960.116725
2455960.137158
2455960.157591
2455960.178025
2455960.198458
2455960.218892
2455960.239325
2455960.259759
2455960.280192
2455960.300625
2455960.321059
2455960.341492
2455960.361926
2455960.382359
2455960.402793
2455960.423226
2455960.443659
2455960.464093
2455960.484526
2455960.504960
2455960.525393
2455960.545826
2455960.566260
2455960.586693
2455960.607127
2455960.627560
2455960.647994
2455960.668427
2455960.688860
2455960.709294
2455960.729727
2455960.750161
2455960.770594
2455960.791028
2455960.811461
2455960.831894
2455960.852328
2455960.872761
2455960.893195
2455960.913628
2455960.934062
2455960.954495
2455960.974928
2455960.995362
2455961.015795
2455961.036229
2455961.056662
2455961.077096
2455961.097529
2455961.117962
2455961.138396
2455961.158829
2455961.179263
2455961.199696
2455961.220130
2455961.240563
2455961.260996
2455961.281430
2455961.301863
2455961.322297
2455961.342730
2455961.363164
2455961.383597
2455961.404031
2455961.424464
2455961.444897
2455961.465331
2455961.485764
2455961.506198
2455961.526631
2455961.547065
2455961.567498
2455961.587931
2455961.608365
2455961.628798
2455961.649232
2455961.669665
2455961.690099
2455961.710532
2455961.730965
2455961.751399
2455961.771832
2455961.792266
2455961.812699
2455961.833133
2455961.853566
2455961.874000
2455961.894433
2455961.914866
2455961.935300
2455961.955733
2455961.976167
2455961.996600
2455962.017034
2455962.037467
2455962.057900
2455962.078334
2455962.098767
2455962.119201
2455962.139634
2455962.160068
2455962.180501
2455962.200935
2455962.221368
2455962.241801
2455962.262235
2455962.282668
2455962.303102
2455962.323535
2455962.343969
2455962.364402
2455962.384836
2455962.405269
2455962.425702
2455962.446136
2455962.466569
2455962.487003
2455962.507436
2455962.527870
2455962.548303
2455962.568737
2455962.589170
2455962.609603
2455962.630037
2455962.650470
2455962.670904
2455962.691337
2455962.711771
2455962.732204
2455962.752638
2455962.773071
2455962.793505
2455962.813938
2455962.834371
2455962.854805
2455962.875238
2455962.895672
2455962.916105
2455962.936539
2455962.956972
2455962.977405
2455962.997839
2455963.018272
2455963.038706
2455963.059139
2455963.079573
2455963.100006
2455963.120440
2455963.140873
2455963.161307
2455963.181740
2455963.202173
2455963.222607
2455963.243040
2455963.263474
2455963.283907
2455963.304341
2455963.324774
2455963.345208
2455963.365641
2455963.386075
2455963.406508
2455963.426942
2455963.447375
2455963.467808
2455963.488242
2455963.508675
2455963.529109
2455963.549542
2455963.569976
2455963.590409
2455963.610843
2455963.631276
2455963.651710
2455963.672143
2455963.692576
2455963.713010
2455963.733443
2455963.753877
2455963.774310
2455963.794744
2455963.815177
2455963.835611
2455963.856044
2455963.876478
2455963.896911
2455963.917344
2455963.937778
2455963.958211
2455963.978645
2455963.999078
2455964.019512
2455964.039945
2455964.060379
2455964.080812
2455964.101246
2455964.121679
2455964.142113
2455964.162546
2455964.182980
2455964.203413
2455964.223847
2455964.244280
2455964.264713
2455964.285147
2455964.305580
2455964.326014
2455964.346447
2455964.366881
2455964.387314
2455964.407748
2455964.428181
2455964.448615
2455964.469048
2455964.489481
2455964.509915
2455964.530348
2455964.550782
2455964.571215
2455964.591649
2455964.612082
2455964.632516
2455964.652949
2455964.673383
2455964.693816
2455964.714250
2455964.734683
2455964.755117
2455964.775550
2455964.795984
2455964.816417
2455964.836850
2455964.857284
2455964.877717
2455964.898151
2455964.918584
2455964.939018
2455964.959451
2455964.979885
2455965.000318
2455965.020752
2455965.041185
2455965.061619
2455965.082052
2455965.102486
2455965.122919
2455965.143352
2455965.163786
2455965.184220
2455965.204653
2455965.225086
2455965.245520
2455965.265953
2455965.286387
2455965.306820
2455965.327254
2455965.347687
2455965.368121
2455965.388554
2455965.408988
2455965.429421
2455965.449855
2455965.470288
2455965.490722
2455965.511155
2455965.531589
2455965.552022
2455965.572456
2455965.592889
2455965.613323
2455965.633756
2455965.654189
2455965.674623
2455965.695056
2455965.715490
2455965.735923
2455965.756357
2455965.776790
2455965.797224
2455965.817657
2455965.838091
2455965.858524
2455965.878958
2455965.899391
2455965.919825
2455965.940258
2455965.960692
2455965.981125
2455966.001559
2455966.021992
2455966.042426
2455966.062859
2455966.083293
2455966.103726
2455966.124160
2455966.144593
2455966.165027
2455966.185460
2455966.205893
2455966.226327
2455966.246760
2455966.267194
2455966.287627
2455966.308061
2455966.328494
2455966.348928
2455966.369361
2455966.389795
2455966.410228
2455966.430662
2455966.451095
2455966.471529
2455966.491962
2455966.512396
2455966.532829
2455966.553263
2455966.573696
2455966.594130
2455966.614563
2455966.634997
2455966.655430
2455966.675864
2455966.696297
2455966.716731
2455966.737164
2455966.757598
2455966.778031
2455966.798465
2455966.818898
2455966.839332
2455966.859765
2455966.880199
2455966.900632
2455966.921066
2455966.941499
2455966.961933
2455966.982366
2455967.002800
2455967.023233
2455967.043667
2455967.064100
2455967.084534
2455967.104967
2455967.125401
2455967.145834
2455967.166268
2455967.186701
2455967.207135
2455967.227568
2455967.248002
2455967.268435
2455967.288869
2455967.309302
2455967.329736
2455967.350169
2455967.370603
2455967.391036
2455967.411470
2455967.431903
2455967.452337
2455967.472770
2455967.493204
2455967.513637
2455967.534071
2455967.554504
2455967.574938
2455967.595371
2455967.615805
2455967.636238
2455967.656672
2455967.677105
2455967.697539
2455967.717972
2455967.738406
2455967.758839
2455967.779273
2455967.799706
2455967.820140
2455967.840573
2455967.861007
2455967.881440
2455967.901874
2455967.922307
2455967.942741
2455967.963174
2455967.983608
2455968.004041
2455968.024475
2455968.044908
2455968.065342
2455968.085775
2455968.106209
2455968.126642
2455968.147076
2455968.167509
2455968.187943
2455968.208376
2455968.228810
2455968.249243
2455968.269677
2455968.290110
2455968.310544
2455968.330977
2455968.351411
2455968.371844
2455968.392278
2455968.412711
2455968.433145
2455968.453578
2455968.474012
2455968.494445
2455968.514879
2455968.535312
2455968.555746
2455968.576179
2455968.596613
2455968.617046
2455968.637480
2455968.657913
2455968.678347
2455968.698781
2455968.719214
2455968.739647
2455968.760081
2455968.780514
2455968.800948
2455968.821382
2455968.841815
2455968.862249
2455968.882682
2455968.903115
2455968.923549
2455968.943983
2455968.964416
2455968.984850
2455969.005283
2455969.025717
2455969.046150
2455969.066584
2455969.087017
2455969.107451
2455969.127884
2455969.148318
2455969.168751
2455969.189185
2455969.209618
2455969.230052
2455969.250485
2455969.270919
2455969.291352
2455969.311786
2455969.332219
2455969.352653
2455969.373086
2455969.393520
2455969.413954
2455969.434387
2455969.454821
2455969.475254
2455969.495688
2455969.516121
2455969.536555
2455969.556988
2455969.577422
2455969.597855
2455969.618289
2455969.638722
2455969.659156
2455969.679589
2455969.700023
2455969.720456
2455969.740890
2455969.761323
2455969.781757
2455969.802191
2455969.822624
2455969.843057
2455969.863491
2455969.883925
2455969.904358
2455969.924792
2455969.945225
2455969.965659
2455969.986092
2455970.006526
2455970.026959
2455970.047393
2455970.067826
2455970.088260
2455970.108693
2455970.129127
2455970.149560
2455970.169994
2455970.190428
2455970.210861
2455970.231294
2455970.251728
2455970.272162
2455970.292595
2455970.313029
2455970.333462
2455970.353896
2455970.374329
2455970.394763
2455970.415196
2455970.435630
2455970.456063
2455970.476497
2455970.496930
2455970.517364
2455970.537798
2455970.558231
2455970.578665
2455970.599098
2455970.619532
2455970.639965
2455970.660399
2455970.680832
2455970.701266
2455970.721699
2455970.742133
2455970.762566
2455970.783000
2455970.803433
2455970.823867
2455970.844301
2455970.864734
2455970.885168
2455970.905601
2455970.926035
2455970.946468
2455970.966902
2455970.987335
2455971.007769
2455971.028202
2455971.048636
2455971.069069
2455971.089503
2455971.109937
2455971.130370
2455971.150804
2455971.171237
2455971.191671
2455971.212104
2455971.232538
2455971.252971
2455971.273405
2455971.293838
2455971.314272
2455971.334705
2455971.355139
2455971.375572
2455971.396006
2455971.416440
2455971.436873
2455971.457307
2455971.477740
2455971.498174
2455971.518607
2455971.539041
2455971.559475
2455971.579908
2455971.600342
2455971.620775
2455971.641209
2455971.661642
2455971.682076
2455971.702509
2455971.722943
2455971.743376
2455971.763810
2455971.784243
2455971.804677
2455971.825111
2455971.845544
2455971.865978
2455971.886411
2455971.906845
2455971.927278
2455971.947712
2455971.968145
2455971.988579
2455972.009013
2455972.029446
2455972.049880
2455972.070313
2455972.090747
2455972.111180
2455972.131614
2455972.152047
2455972.172481
2455972.192914
2455972.213348
2455972.233782
2455972.254215
2455972.274649
2455972.295082
2455972.315516
2455972.335949
2455972.356383
2455972.376816
2455972.397250
2455972.417684
2455972.438117
2455972.458551
2455972.478984
2455972.499418
2455972.519851
2455972.540285
2455972.560718
2455972.581152
2455972.601586
2455972.622019
2455972.642453
2455972.662886
2455972.683320
2455972.703753
2455972.724187
2455972.744620
2455972.765054
2455972.785488
2455972.805921
2455972.826355
2455972.846788
2455972.867222
2455972.887655
2455972.908089
2455972.928522
2455972.948956
2455972.969390
2455972.989823
2455973.010257
2455973.030690
2455973.051124
2455973.071557
2455973.091991
2455973.112425
2455973.132858
2455973.153292
2455973.173725
2455973.194159
2455973.214592
2455973.235026
2455973.255459
2455973.275893
2455973.296327
2455973.316760
2455973.337194
2455973.357627
2455973.378061
2455973.398494
2455973.418928
2455973.439362
2455973.459795
2455973.480229
2455973.500663
2455973.521096
2455973.541530
2455973.561963
2455973.582397
2455973.602830
2455973.623264
2455973.643697
2455973.664131
2455973.684565
2455973.704998
2455973.725432
2455973.745865
2455973.766299
2455973.786732
2455973.807166
2455973.827600
2455973.848033
2455973.868467
2455973.888900
2455973.909334
2455973.929768
2455973.950201
2455973.970635
2455973.991068
2455974.011502
2455974.031935
2455974.052369
2455974.072802
2455974.093236
2455974.113670
2455974.134103
2455974.154537
2455974.174970
2455974.195404
2455974.215837
2455974.236271
2455974.256705
2455974.277138
2455974.297572
2455974.318005
2455974.338439
2455974.358872
2455974.379306
2455974.399740
2455974.420173
2455974.440607
2455974.461040
2455974.481474
2455974.501908
2455974.522341
2455974.542775
2455974.563208
2455974.583642
2455974.604075
2455974.624509
2455974.644943
2455974.665376
2455974.685810
2455974.706243
2455974.726677
2455974.747110
2455974.767544
2455974.787978
2455974.808411
2455974.828845
2455974.849278
2455974.869712
2455974.890146
2455974.910579
2455974.931013
2455974.951446
2455974.971880
2455974.992313
2455975.012747
2455975.033181
2455975.053614
2455975.074048
2455975.094481
2455975.114915
2455975.135349
2455975.155782
2455975.176216
2455975.196649
2455975.217083
2455975.237516
2455975.257950
2455975.278384
2455975.298817
2455975.319251
2455975.339684
2455975.360118
2455975.380552
2455975.400985
2455975.421419
2455975.441852
2455975.462286
2455975.482720
2455975.503153
2455975.523587
2455975.544020
2455975.564454
2455975.584887
2455975.605321
2455975.625755
2455975.646188
2455975.666622
2455975.687055
2455975.707489
2455975.727923
2455975.748356
2455975.768790
2455975.789223
2455975.809657
2455975.830091
2455975.850524
2455975.870958
2455975.891391
2455975.911825
2455975.932258
2455975.952692
2455975.973126
2455975.993559
2455976.013993
2455976.034427
2455976.054860
2455976.075294
2455976.095727
2455976.116161
2455976.136594
2455976.157028
2455976.177462
2455976.197895
2455976.218329
2455976.238762
2455976.259196
2455976.279630
2455976.300063
2455976.320497
2455976.340930
2455976.361364
2455976.381798
2455976.402231
2455976.422665
2455976.443098
2455976.463532
2455976.483966
2455976.504399
2455976.524833
2455976.545266
2455976.565700
2455976.586134
2455976.606567
2455976.627001
2455976.647434
2455976.667868
2455976.688302
2455976.708735
2455976.729169
2455976.749602
2455976.770036
2455976.790470
2455976.810903
2455976.831337
2455976.851770
2455976.872204
2455976.892637
2455976.913071
2455976.933505
2455976.953938
2455976.974372
2455976.994806
2455977.015239
2455977.035673
2455977.056106
2455977.076540
2455977.096974
2455977.117407
2455977.137841
2455977.158274
2455977.178708
2455977.199142
2455977.219575
2455977.240009
2455977.260442
2455977.280876
2455977.301310
2455977.321743
2455977.342177
2455977.362610
2455977.383044
2455977.403478
2455977.423911
2455977.444345
2455977.464778
2455977.485212
2455977.505646
2455977.526079
2455977.546513
2455977.566947
2455977.587380
2455977.607814
2455977.628247
2455977.648681
2455977.669115
2455977.689548
2455977.709982
2455977.730416
2455977.750849
2455977.771283
2455977.791716
2455977.812150
2455977.832584
2455977.853017
2455977.873451
2455977.893884
2455977.914318
2455977.934752
2455977.955185
2455977.975619
2455977.996053
2455978.016486
2455978.036920
2455978.057353
2455978.077787
2455978.098221
2455978.118654
2455978.139088
2455978.159521
2455978.179955
2455978.200389
2455978.220822
2455978.241256
2455978.261689
2455978.282123
2455978.302557
2455978.322990
2455978.343424
2455978.363858
2455978.384291
2455978.404725
2455978.425158
2455978.445592
2455978.466026
2455978.486459
2455978.506893
2455978.527326
2455978.547760
2455978.568194
2455978.588627
2455978.609061
2455978.629495
2455978.649928
2455978.670362
2455978.690796
2455978.711229
2455978.731663
2455978.752096
2455978.772530
2455978.792964
2455978.813397
2455978.833831
2455978.854264
2455978.874698
2455978.895132
2455978.915565
2455978.935999
2455978.956433
2455978.976866
2455978.997300
2455979.017734
2455979.038167
2455979.058601
2455979.079034
2455979.099468
2455979.119902
2455979.140335
2455979.160769
2455979.181202
2455979.201636
2455979.222070
2455979.242503
2455979.262937
2455979.283371
2455979.303804
2455979.324238
2455979.344672
2455979.365105
2455979.385539
2455979.405972
2455979.426406
2455979.446840
2455979.467273
2455979.487707
2455979.508141
2455979.528574
2455979.549008
2455979.569441
2455979.589875
2455979.610309
2455979.630742
2455979.651176
2455979.671610
2455979.692043
2455979.712477
2455979.732911
2455979.753344
2455979.773778
2455979.794211
2455979.814645
2455979.835079
2455979.855512
2455979.875946
2455979.896380
2455979.916813
2455979.937247
2455979.957680
2455979.978114
2455979.998548
2455980.018981
2455980.039415
2455980.059849
2455980.080282
2455980.100716
2455980.121150
2455980.141583
2455980.162017
2455980.182451
2455980.202884
2455980.223318
2455980.243751
2455980.264185
2455980.284619
2455980.305052
2455980.325486
2455980.345920
2455980.366353
2455980.386787
2455980.407221
2455980.427654
2455980.448088
2455980.468521
2455980.488955
2455980.509389
2455980.529823
2455980.550256
2455980.570690
2455980.591123
2455980.611557
2455980.631991
2455980.652424
2455980.672858
2455980.693292
2455980.713725
2455980.734159
2455980.754593
2455980.775026
2455980.795460
2455980.815893
2455980.836327
2455980.856761
2455980.877194
2455980.897628
2455980.918062
2455980.938495
2455980.958929
2455980.979363
2455980.999796
2455981.020230
2455981.040664
2455981.061097
2455981.081531
2455981.101965
2455981.122398
2455981.142832
2455981.163265
2455981.183699
2455981.204133
2455981.224566
2455981.245000
2455981.265434
2455981.285867
2455981.306301
2455981.326735
2455981.347168
2455981.367602
2455981.388036
2455981.408469
2455981.428903
2455981.449337
2455981.469770
2455981.490204
2455981.510637
2455981.531071
2455981.551505
2455981.571938
2455981.592372
2455981.612806
2455981.633240
2455981.653673
2455981.674107
2455981.694541
2455981.714974
2455981.735408
2455981.755841
2455981.776275
2455981.796709
2455981.817142
2455981.837576
2455981.858010
2455981.878443
2455981.898877
2455981.919311
2455981.939744
2455981.960178
2455981.980612
2455982.001045
2455982.021479
2455982.041913
2455982.062346
2455982.082780
2455982.103214
2455982.123647
2455982.144081
2455982.164515
2455982.184948
2455982.205382
2455982.225815
2455982.246249
2455982.266683
2455982.287116
2455982.307550
2455982.327984
2455982.348418
2455982.368851
2455982.389285
2455982.409719
2455982.430152
2455982.450586
2455982.471020
2455982.491453
2455982.511887
2455982.532321
2455982.552754
2455982.573188
2455982.593622
2455982.614055
2455982.634489
2455982.654922
2455982.675356
2455982.695790
2455982.716223
2455982.736657
2455982.757091
2455982.777524
2455982.797958
2455982.818392
2455982.838825
2455982.859259
2455982.879693
2455982.900127
2455982.920560
2455982.940994
2455982.961428
2455982.981861
2455983.002295
2455983.022729
2455983.043162
2455983.063596
2455983.084030
2455983.104463
2455983.124897
2455983.145330
2455983.165764
2455983.186198
2455983.206632
2455983.227065
2455983.247499
2455983.267933
2455983.288366
2455983.308800
2455983.329233
2455983.349667
2455983.370101
2455983.390535
2455983.410968
2455983.431402
2455983.451836
2455983.472269
2455983.492703
2455983.513137
2455983.533570
2455983.554004
2455983.574438
2455983.594871
2455983.615305
2455983.635739
2455983.656172
2455983.676606
2455983.697040
2455983.717473
2455983.737907
2455983.758341
2455983.778775
2455983.799208
2455983.819642
2455983.840076
2455983.860509
2455983.880943
2455983.901377
2455983.921810
2455983.942244
2455983.962678
2455983.983111
2455984.003545
2455984.023979
2455984.044412
2455984.064846
2455984.085280
2455984.105713
2455984.126147
2455984.146581
2455984.167014
2455984.187448
2455984.207882
2455984.228315
2455984.248749
2455984.269183
2455984.289617
2455984.310050
2455984.330484
2455984.350918
2455984.371351
2455984.391785
2455984.412219
2455984.432652
2455984.453086
2455984.473520
2455984.493953
2455984.514387
2455984.534821
2455984.555254
2455984.575688
2455984.596122
2455984.616555
2455984.636989
2455984.657423
2455984.677857
2455984.698290
2455984.718724
2455984.739158
2455984.759591
2455984.780025
2455984.800459
2455984.820892
2455984.841326
2455984.861760
2455984.882193
2455984.902627
2455984.923061
2455984.943495
2455984.963928
2455984.984362
2455985.004796
2455985.025229
2455985.045663
2455985.066097
2455985.086530
2455985.106964
2455985.127398
2455985.147831
2455985.168265
2455985.188699
2455985.209133
2455985.229566
2455985.250000
2455985.270434
2455985.290867
2455985.311301
2455985.331735
2455985.352168
2455985.372602
2455985.393036
2455985.413469
2455985.433903
2455985.454337
2455985.474770
2455985.495204
2455985.515638
2455985.536071
2455985.556505
2455985.576939
2455985.597373
2455985.617806
2455985.638240
2455985.658674
2455985.679107
2455985.699541
2455985.719975
2455985.740409
2455985.760842
2455985.781276
2455985.801710
2455985.822143
2455985.842577
2455985.863011
2455985.883444
2455985.903878
2455985.924312
2455985.944746
2455985.965179
2455985.985613
2455986.006047
2455986.026480
2455986.046914
2455986.067348
2455986.087781
2455986.108215
2455986.128649
2455986.149083
2455986.169516
2455986.189950
2455986.210384
2455986.230817
2455986.251251
2455986.271685
2455986.292118
2455986.312552
2455986.332986
2455986.353420
2455986.373853
2455986.394287
2455986.414721
2455986.435154
2455986.455588
2455986.476022
2455986.496456
2455986.516889
2455986.537323
2455986.557757
2455986.578190
2455986.598624
2455986.619058
2455986.639492
2455986.659925
2455986.680359
2455986.700793
2455986.721226
2455986.741660
2455986.762094
2455986.782527
2455986.802961
2455986.823395
2455986.843829
2455986.864262
2455986.884696
2455986.905130
2455986.925563
2455986.945997
2455986.966431
2455986.986865
           NaN
           NaN
           NaN
           NaN
           NaN
           NaN
           NaN
           NaN
           NaN
           NaN
           NaN
           NaN
           NaN
           NaN
           NaN
           NaN
           NaN
           NaN
           NaN
           NaN
           NaN
           NaN
           NaN
           NaN
           NaN
           NaN
           NaN
           NaN
           NaN
           NaN
           NaN
           NaN
           NaN
           NaN
           NaN
           NaN
           NaN
           NaN
           NaN
           NaN
           NaN
           NaN
           NaN
           NaN
2455987.906382
2455987.926816
2455987.947249
2455987.967683
2455987.988117
2455988.008550
2455988.028984
2455988.049418
2455988.069852
2455988.090285
2455988.110719
2455988.131153
2455988.151586
2455988.172020
2455988.192454
2455988.212888
2455988.233321
2455988.253755
2455988.274189
2455988.294623
2455988.315056
2455988.335490
2455988.355924
2455988.376358
2455988.396791
2455988.417225
2455988.437659
2455988.458093
2455988.478526
2455988.498960
2455988.519394
2455988.539827
2455988.560261
2455988.580695
2455988.601128
2455988.621562
2455988.641996
2455988.662430
2455988.682863
2455988.703297
2455988.723731
2455988.744165
2455988.764598
2455988.785032
2455988.805466
2455988.825900
2455988.846333
2455988.866767
2455988.887201
2455988.907635
2455988.928068
2455988.948502
2455988.968936
2455988.989369
2455989.009803
2455989.030237
2455989.050671
2455989.071104
2455989.091538
2455989.111972
2455989.132406
2455989.152839
2455989.173273
2455989.193707
2455989.214140
2455989.234574
2455989.255008
2455989.275442
2455989.295875
2455989.316309
2455989.336743
2455989.357177
2455989.377610
2455989.398044
2455989.418478
2455989.438912
2455989.459345
2455989.479779
2455989.500213
2455989.520647
2455989.541080
2455989.561514
2455989.581948
2455989.602381
2455989.622815
2455989.643249
2455989.663683
2455989.684117
2455989.704550
2455989.724984
2455989.745418
2455989.765851
2455989.786285
2455989.806719
2455989.827153
2455989.847586
2455989.868020
2455989.888454
2455989.908888
2455989.929321
2455989.949755
2455989.970189
2455989.990623
2455990.011056
2455990.031490
2455990.051924
2455990.072358
2455990.092791
2455990.113225
2455990.133659
2455990.154093
2455990.174526
2455990.194960
2455990.215394
2455990.235828
2455990.256261
2455990.276695
2455990.297129
2455990.317563
2455990.337996
2455990.358430
2455990.378864
2455990.399298
2455990.419731
2455990.440165
2455990.460599
2455990.481032
2455990.501466
2455990.521900
2455990.542334
2455990.562768
2455990.583201
2455990.603635
2455990.624069
2455990.644503
2455990.664936
2455990.685370
2455990.705804
2455990.726238
2455990.746671
2455990.767105
2455990.787539
2455990.807973
2455990.828406
2455990.848840
2455990.869274
2455990.889708
2455990.910141
2455990.930575
2455990.951009
2455990.971443
2455990.991876
2455991.012310
2455991.032744
2455991.053178
2455991.073611
2455991.094045
2455991.114479
2455991.134913
2455991.155346
2455991.175780
2455991.196214
2455991.216648
2455991.237081
2455991.257515
2455991.277949
2455991.298383
2455991.318816
2455991.339250
2455991.359684
2455991.380118
2455991.400551
2455991.420985
2455991.441419
2455991.461853
2455991.482286
2455991.502720
2455991.523154
2455991.543588
2455991.564022
2455991.584455
2455991.604889
2455991.625323
2455991.645757
2455991.666190
2455991.686624
2455991.707058
2455991.727492
2455991.747925
2455991.768359
2455991.788793
2455991.809227
2455991.829660
2455991.850094
2455991.870528
2455991.890962
2455991.911395
2455991.931829
2455991.952263
2455991.972697
2455991.993131
2455992.013564
2455992.033998
2455992.054432
2455992.074866
2455992.095299
2455992.115733
2455992.136167
2455992.156601
2455992.177034
2455992.197468
2455992.217902
2455992.238336
2455992.258769
2455992.279203
2455992.299637
2455992.320071
2455992.340505
2455992.360938
2455992.381372
2455992.401806
2455992.422240
2455992.442673
2455992.463107
2455992.483541
2455992.503975
2455992.524408
2455992.544842
2455992.565276
2455992.585710
2455992.606144
2455992.626577
2455992.647011
2455992.667445
2455992.687879
2455992.708312
2455992.728746
2455992.749180
2455992.769614
2455992.790048
2455992.810481
2455992.830915
2455992.851349
2455992.871783
2455992.892216
2455992.912650
2455992.933084
2455992.953518
2455992.973951
2455992.994385
2455993.014819
2455993.035253
2455993.055687
2455993.076120
2455993.096554
2455993.116988
2455993.137422
2455993.157855
2455993.178289
2455993.198723
2455993.219157
2455993.239591
2455993.260024
2455993.280458
2455993.300892
2455993.321326
2455993.341760
2455993.362193
2455993.382627
2455993.403061
2455993.423495
2455993.443928
2455993.464362
2455993.484796
2455993.505230
2455993.525663
2455993.546097
2455993.566531
2455993.586965
2455993.607399
2455993.627832
2455993.648266
2455993.668700
2455993.689134
2455993.709568
2455993.730001
2455993.750435
2455993.770869
2455993.791303
2455993.811736
2455993.832170
2455993.852604
2455993.873038
2455993.893472
2455993.913905
2455993.934339
2455993.954773
2455993.975207
2455993.995641
2455994.016074
2455994.036508
2455994.056942
2455994.077376
2455994.097809
2455994.118243
2455994.138677
2455994.159111
2455994.179545
2455994.199978
2455994.220412
2455994.240846
2455994.261280
2455994.281714
2455994.302147
2455994.322581
2455994.343015
2455994.363449
2455994.383883
2455994.404316
2455994.424750
2455994.445184
2455994.465618
2455994.486051
2455994.506485
2455994.526919
2455994.547353
2455994.567787
2455994.588220
2455994.608654
2455994.629088
2455994.649522
2455994.669956
2455994.690389
2455994.710823
2455994.731257
2455994.751691
2455994.772125
2455994.792558
2455994.812992
2455994.833426
2455994.853860
2455994.874293
2455994.894727
2455994.915161
2455994.935595
2455994.956029
2455994.976462
2455994.996896
2455995.017330
2455995.037764
2455995.058198
2455995.078631
2455995.099065
2455995.119499
2455995.139933
2455995.160367
2455995.180800
2455995.201234
2455995.221668
2455995.242102
2455995.262536
2455995.282969
2455995.303403
2455995.323837
2455995.344271
2455995.364705
2455995.385138
2455995.405572
2455995.426006
2455995.446440
2455995.466874
2455995.487307
2455995.507741
2455995.528175
2455995.548609
2455995.569043
2455995.589476
2455995.609910
2455995.630344
2455995.650778
2455995.671212
2455995.691645
2455995.712079
2455995.732513
2455995.752947
2455995.773381
2455995.793814
2455995.814248
2455995.834682
2455995.855116
2455995.875550
2455995.895983
2455995.916417
2455995.936851
2455995.957285
2455995.977719
2455995.998152
2455996.018586
2455996.039020
2455996.059454
2455996.079888
2455996.100321
2455996.120755
2455996.141189
2455996.161623
2455996.182057
2455996.202491
2455996.222924
2455996.243358
2455996.263792
2455996.284226
2455996.304660
2455996.325093
2455996.345527
2455996.365961
2455996.386395
2455996.406829
2455996.427262
2455996.447696
2455996.468130
2455996.488564
2455996.508998
2455996.529431
2455996.549865
2455996.570299
2455996.590733
2455996.611167
2455996.631601
2455996.652034
2455996.672468
2455996.692902
2455996.713336
2455996.733770
2455996.754203
2455996.774637
2455996.795071
2455996.815505
2455996.835939
2455996.856373
2455996.876806
2455996.897240
2455996.917674
2455996.938108
2455996.958542
2455996.978975
2455996.999409
2455997.019843
2455997.040277
2455997.060711
2455997.081144
2455997.101578
2455997.122012
2455997.142446
2455997.162880
2455997.183314
2455997.203747
2455997.224181
2455997.244615
2455997.265049
2455997.285483
2455997.305917
2455997.326350
2455997.346784
2455997.367218
2455997.387652
2455997.408086
2455997.428519
2455997.448953
2455997.469387
2455997.489821
2455997.510255
2455997.530688
2455997.551122
2455997.571556
2455997.591990
2455997.612424
2455997.632858
2455997.653291
2455997.673725
2455997.694159
2455997.714593
2455997.735027
2455997.755461
2455997.775894
2455997.796328
2455997.816762
2455997.837196
2455997.857630
2455997.878063
2455997.898497
2455997.918931
2455997.939365
2455997.959799
2455997.980233
2455998.000666
2455998.021100
2455998.041534
2455998.061968
2455998.082402
2455998.102835
2455998.123269
2455998.143703
2455998.164137
2455998.184571
2455998.205005
2455998.225439
2455998.245872
2455998.266306
2455998.286740
2455998.307174
2455998.327608
2455998.348041
2455998.368475
2455998.388909
2455998.409343
2455998.429777
2455998.450211
2455998.470644
2455998.491078
2455998.511512
2455998.531946
2455998.552380
2455998.572814
2455998.593247
2455998.613681
2455998.634115
2455998.654549
2455998.674983
2455998.695417
2455998.715850
2455998.736284
2455998.756718
2455998.777152
2455998.797586
2455998.818020
2455998.838453
2455998.858887
2455998.879321
2455998.899755
2455998.920189
2455998.940623
2455998.961056
2455998.981490
2455999.001924
2455999.022358
2455999.042792
2455999.063226
2455999.083659
2455999.104093
2455999.124527
2455999.144961
2455999.165395
2455999.185829
2455999.206262
2455999.226696
2455999.247130
2455999.267564
2455999.287998
2455999.308432
2455999.328865
2455999.349299
2455999.369733
2455999.390167
2455999.410601
2455999.431035
2455999.451469
2455999.471902
2455999.492336
2455999.512770
2455999.533204
2455999.553638
2455999.574072
2455999.594505
2455999.614939
2455999.635373
2455999.655807
2455999.676241
2455999.696675
2455999.717108
2455999.737542
2455999.757976
2455999.778410
2455999.798844
2455999.819278
2455999.839712
2455999.860145
2455999.880579
2455999.901013
2455999.921447
2455999.941881
2455999.962315
2455999.982748
2456000.003182
2456000.023616
2456000.044050
2456000.064484
2456000.084918
2456000.105352
2456000.125785
2456000.146219
2456000.166653
2456000.187087
2456000.207521
2456000.227955
2456000.248389
2456000.268822
2456000.289256
2456000.309690
2456000.330124
2456000.350558
2456000.370991
2456000.391425
2456000.411859
2456000.432293
2456000.452727
2456000.473161
2456000.493595
2456000.514028
2456000.534462
2456000.554896
2456000.575330
2456000.595764
2456000.616198
2456000.636632
2456000.657065
2456000.677499
2456000.697933
2456000.718367
2456000.738801
2456000.759235
2456000.779669
2456000.800102
2456000.820536
2456000.840970
2456000.861404
2456000.881838
2456000.902272
2456000.922706
2456000.943139
2456000.963573
2456000.984007
2456001.004441
2456001.024875
2456001.045309
2456001.065743
2456001.086176
2456001.106610
2456001.127044
2456001.147478
2456001.167912
2456001.188346
2456001.208779
2456001.229213
2456001.249647
2456001.270081
2456001.290515
2456001.310949
2456001.331383
2456001.351816
2456001.372250
2456001.392684
2456001.413118
2456001.433552
2456001.453986
2456001.474420
2456001.494854
2456001.515287
2456001.535721
2456001.556155
2456001.576589
2456001.597023
2456001.617457
2456001.637891
2456001.658324
2456001.678758
2456001.699192
2456001.719626
2456001.740060
2456001.760494
2456001.780928
2456001.801361
2456001.821795
2456001.842229
2456001.862663
2456001.883097
2456001.903531
2456001.923965
2456001.944398
2456001.964832
2456001.985266
2456002.005700
2456002.026134
2456002.046568
2456002.067002
2456002.087436
2456002.107869
2456002.128303
2456002.148737
2456002.169171
2456002.189605
2456002.210039
2456002.230473
2456002.250906
2456002.271340
2456002.291774
2456002.312208
2456002.332642
2456002.353076
2456002.373510
2456002.393944
2456002.414377
2456002.434811
2456002.455245
2456002.475679
2456002.496113
2456002.516547
2456002.536981
2456002.557415
2456002.577848
2456002.598282
2456002.618716
2456002.639150
2456002.659584
2456002.680018
2456002.700452
2456002.720886
2456002.741319
2456002.761753
2456002.782187
2456002.802621
2456002.823055
2456002.843489
2456002.863923
2456002.884356
2456002.904790
2456002.925224
2456002.945658
2456002.966092
2456002.986526
2456003.006960
2456003.027393
2456003.047827
2456003.068261
2456003.088695
2456003.109129
2456003.129563
2456003.149997
2456003.170431
2456003.190865
2456003.211298
2456003.231732
2456003.252166
2456003.272600
2456003.293034
2456003.313468
2456003.333902
2456003.354336
2456003.374769
2456003.395203
2456003.415637
2456003.436071
2456003.456505
2456003.476939
2456003.497373
2456003.517807
2456003.538241
2456003.558674
2456003.579108
2456003.599542
2456003.619976
2456003.640410
2456003.660844
2456003.681278
2456003.701712
2456003.722145
2456003.742579
2456003.763013
2456003.783447
2456003.803881
2456003.824315
2456003.844749
2456003.865183
2456003.885616
2456003.906050
2456003.926484
2456003.946918
2456003.967352
2456003.987786
2456004.008220
2456004.028654
2456004.049088
2456004.069521
2456004.089955
2456004.110389
2456004.130823
2456004.151257
2456004.171691
2456004.192125
2456004.212559
2456004.232992
2456004.253426
2456004.273860
2456004.294294
2456004.314728
2456004.335162
2456004.355596
2456004.376030
2456004.396464
2456004.416897
2456004.437331
2456004.457765
2456004.478199
2456004.498633
2456004.519067
2456004.539501
2456004.559935
2456004.580369
2456004.600803
2456004.621236
2456004.641670
2456004.662104
2456004.682538
2456004.702972
2456004.723406
2456004.743840
2456004.764274
2456004.784707
2456004.805141
2456004.825575
2456004.846009
2456004.866443
2456004.886877
2456004.907311
2456004.927745
2456004.948179
2456004.968613
2456004.989046
2456005.009480
2456005.029914
2456005.050348
2456005.070782
2456005.091216
2456005.111650
2456005.132084
2456005.152518
2456005.172951
2456005.193385
2456005.213819
2456005.234253
2456005.254687
2456005.275121
2456005.295555
2456005.315989
2456005.336423
2456005.356857
2456005.377290
2456005.397724
2456005.418158
2456005.438592
2456005.459026
2456005.479460
2456005.499894
2456005.520328
2456005.540762
2456005.561195
2456005.581629
2456005.602063
2456005.622497
2456005.642931
2456005.663365
2456005.683799
2456005.704233
2456005.724667
2456005.745101
2456005.765534
2456005.785968
2456005.806402
2456005.826836
2456005.847270
2456005.867704
2456005.888138
2456005.908572
2456005.929006
2456005.949440
2456005.969874
2456005.990307
2456006.010741
2456006.031175
2456006.051609
2456006.072043
2456006.092477
2456006.112911
2456006.133345
2456006.153779
2456006.174212
2456006.194646
2456006.215080
2456006.235514
2456006.255948
2456006.276382
2456006.296816
2456006.317250
2456006.337684
2456006.358118
2456006.378552
2456006.398986
2456006.419419
2456006.439853
2456006.460287
2456006.480721
2456006.501155
2456006.521589
2456006.542023
2456006.562457
2456006.582891
2456006.603325
2456006.623759
2456006.644192
2456006.664626
2456006.685060
2456006.705494
2456006.725928
2456006.746362
2456006.766796
2456006.787230
2456006.807664
2456006.828097
2456006.848531
2456006.868965
2456006.889399
2456006.909833
2456006.930267
2456006.950701
2456006.971135
2456006.991569
2456007.012003
2456007.032437
2456007.052871
2456007.073304
2456007.093738
2456007.114172
2456007.134606
2456007.155040
2456007.175474
2456007.195908
2456007.216342
2456007.236776
2456007.257210
2456007.277644
2456007.298078
2456007.318511
2456007.338945
2456007.359379
2456007.379813
2456007.400247
2456007.420681
2456007.441115
2456007.461549
2456007.481983
2456007.502417
2456007.522851
2456007.543284
2456007.563718
2456007.584152
2456007.604586
2456007.625020
2456007.645454
2456007.665888
2456007.686322
2456007.706756
2456007.727190
2456007.747624
2456007.768058
2456007.788492
2456007.808925
2456007.829359
2456007.849793
2456007.870227
2456007.890661
2456007.911095
2456007.931529
2456007.951963
2456007.972397
2456007.992831
2456008.013265
2456008.033699
2456008.054132
2456008.074566
2456008.095000
2456008.115434
2456008.135868
2456008.156302
2456008.176736
2456008.197170
2456008.217604
2456008.238038
2456008.258472
2456008.278906
2456008.299339
2456008.319773
2456008.340207
2456008.360641
2456008.381075
2456008.401509
2456008.421943
2456008.442377
2456008.462811
2456008.483245
2456008.503679
2456008.524113
2456008.544547
2456008.564981
2456008.585414
2456008.605848
2456008.626282
2456008.646716
2456008.667150
2456008.687584
2456008.708018
2456008.728452
2456008.748886
2456008.769320
2456008.789754
2456008.810188
2456008.830622
2456008.851055
2456008.871489
2456008.891923
2456008.912357
2456008.932791
2456008.953225
2456008.973659
2456008.994093
2456009.014527
2456009.034961
2456009.055395
2456009.075829
2456009.096263
2456009.116697
2456009.137131
2456009.157565
2456009.177998
2456009.198432
2456009.218866
2456009.239300
2456009.259734
2456009.280168
2456009.300602
2456009.321036
2456009.341470
2456009.361904
2456009.382338
2456009.402772
2456009.423205
2456009.443640
2456009.464073
2456009.484507
2456009.504941
2456009.525375
2456009.545809
2456009.566243
2456009.586677
2456009.607111
2456009.627545
2456009.647979
2456009.668413
2456009.688847
2456009.709281
2456009.729715
2456009.750148
2456009.770582
2456009.791016
2456009.811450
2456009.831884
2456009.852318
2456009.872752
2456009.893186
2456009.913620
2456009.934054
2456009.954488
2456009.974922
2456009.995356
2456010.015790
2456010.036224
2456010.056658
2456010.077091
2456010.097525
2456010.117959
2456010.138393
2456010.158827
2456010.179261
2456010.199695
2456010.220129
2456010.240563
2456010.260997
2456010.281431
2456010.301865
2456010.322299
2456010.342733
2456010.363167
2456010.383601
2456010.404034
2456010.424469
2456010.444902
2456010.465336
2456010.485770
2456010.506204
2456010.526638
2456010.547072
2456010.567506
2456010.587940
2456010.608374
2456010.628808
2456010.649242
2456010.669676
2456010.690110
2456010.710544
2456010.730978
2456010.751412
2456010.771845
2456010.792279
2456010.812713
2456010.833147
2456010.853581
2456010.874015
2456010.894449
2456010.914883
2456010.935317
2456010.955751
2456010.976185
2456010.996619
2456011.017053
2456011.037487
2456011.057921
2456011.078355
2456011.098789
2456011.119223
2456011.139656
2456011.160091
2456011.180524
2456011.200958
2456011.221392
2456011.241826
2456011.262260
2456011.282694
2456011.303128
2456011.323562
2456011.343996
2456011.364430
2456011.384864
2456011.405298
2456011.425732
2456011.446166
2456011.466600
2456011.487034
2456011.507468
2456011.527902
2456011.548336
2456011.568769
2456011.589203
2456011.609637
2456011.630071
2456011.650505
2456011.670939
2456011.691373
2456011.711807
2456011.732241
2456011.752675
2456011.773109
2456011.793543
2456011.813977
2456011.834411
2456011.854845
2456011.875279
2456011.895713
2456011.916147
2456011.936581
2456011.957015
2456011.977449
2456011.997883
2456012.018316
2456012.038750
2456012.059184
2456012.079618
2456012.100052
2456012.120486
2456012.140920
2456012.161354
2456012.181788
2456012.202222
2456012.222656
2456012.243090
2456012.263524
2456012.283958
2456012.304392
2456012.324826
2456012.345260
2456012.365694
2456012.386128
2456012.406562
2456012.426996
2456012.447430
2456012.467864
2456012.488297
2456012.508731
2456012.529165
2456012.549599
2456012.570033
2456012.590467
2456012.610901
2456012.631335
2456012.651769
2456012.672203
2456012.692637
2456012.713071
2456012.733505
2456012.753939
2456012.774373
2456012.794807
2456012.815241
2456012.835675
2456012.856109
2456012.876543
2456012.896977
2456012.917411
2456012.937845
2456012.958279
2456012.978713
2456012.999146
2456013.019581
2456013.040014
2456013.060448
2456013.080882
2456013.101316
2456013.121750
2456013.142184
2456013.162618
2456013.183052
2456013.203486
2456013.223920
2456013.244354
2456013.264788
2456013.285222
2456013.305656
2456013.326090
2456013.346524
2456013.366958
2456013.387392
2456013.407826
2456013.428260
2456013.448694
2456013.469128
2456013.489562
2456013.509996
2456013.530430
2456013.550864
2456013.571298
2456013.591732
2456013.612165
2456013.632600
2456013.653033
2456013.673467
2456013.693901
2456013.714335
2456013.734769
2456013.755203
2456013.775637
2456013.796071
2456013.816505
2456013.836939
2456013.857373
2456013.877807
2456013.898241
2456013.918675
2456013.939109
2456013.959543
2456013.979977
2456014.000411
2456014.020845
2456014.041279
2456014.061713
2456014.082147
2456014.102581
2456014.123015
2456014.143449
2456014.163883
2456014.184317
2456014.204751
2456014.225185
2456014.245619
2456014.266053
2456014.286487
2456014.306921
2456014.327354
2456014.347789
2456014.368222
2456014.388656
2456014.409090
2456014.429524
2456014.449958
2456014.470392
2456014.490826
2456014.511260
2456014.531694
2456014.552128
2456014.572562
2456014.592996
2456014.613430
2456014.633864
2456014.654298
2456014.674732
2456014.695166
2456014.715600
2456014.736034
2456014.756468
2456014.776902
2456014.797336
2456014.817770
2456014.838204
2456014.858638
2456014.879072
2456014.899506
2456014.919940
2456014.940374
2456014.960808
2456014.981242
2456015.001676
2456015.022110
