2456015.737274
2456015.757708
2456015.778142
2456015.798576
2456015.819010
2456015.839444
2456015.859878
2456015.880312
2456015.900746
2456015.921180
2456015.941614
2456015.962048
2456015.982482
2456016.002916
2456016.023350
2456016.043784
2456016.064218
2456016.084652
2456016.105086
2456016.125520
2456016.145954
2456016.166388
2456016.186822
2456016.207256
2456016.227690
2456016.248124
2456016.268558
2456016.288992
2456016.309426
2456016.329860
2456016.350294
2456016.370728
2456016.391162
2456016.411596
2456016.432029
2456016.452464
2456016.472898
2456016.493332
2456016.513766
2456016.534200
2456016.554634
2456016.575068
2456016.595501
2456016.615936
2456016.636369
2456016.656803
2456016.677238
2456016.697671
2456016.718105
2456016.738540
2456016.758973
2456016.779407
2456016.799841
2456016.820275
2456016.840709
2456016.861143
2456016.881577
2456016.902011
2456016.922445
2456016.942880
2456016.963313
2456016.983747
2456017.004181
2456017.024615
2456017.045049
2456017.065483
2456017.085917
2456017.106351
2456017.126785
2456017.147219
2456017.167653
2456017.188087
2456017.208521
2456017.228955
2456017.249389
2456017.269823
2456017.290257
2456017.310691
2456017.331125
2456017.351559
2456017.371993
2456017.392427
2456017.412861
2456017.433295
2456017.453729
2456017.474163
2456017.494597
2456017.515031
2456017.535465
2456017.555899
2456017.576333
2456017.596767
2456017.617201
2456017.637635
2456017.658069
2456017.678503
2456017.698937
2456017.719371
2456017.739805
2456017.760239
2456017.780673
2456017.801107
2456017.821541
2456017.841975
2456017.862409
2456017.882843
2456017.903277
2456017.923711
2456017.944145
2456017.964579
2456017.985013
2456018.005447
2456018.025881
2456018.046316
2456018.066749
2456018.087183
2456018.107618
2456018.128051
2456018.148485
2456018.168919
2456018.189353
2456018.209787
2456018.230221
2456018.250655
2456018.271089
2456018.291523
2456018.311958
2456018.332392
2456018.352826
2456018.373260
2456018.393694
2456018.414128
2456018.434562
2456018.454996
2456018.475430
2456018.495864
2456018.516298
2456018.536732
2456018.557166
2456018.577600
2456018.598034
2456018.618468
2456018.638902
2456018.659336
2456018.679770
2456018.700204
2456018.720638
2456018.741072
2456018.761506
2456018.781940
2456018.802374
2456018.822808
2456018.843242
2456018.863676
2456018.884110
2456018.904544
2456018.924978
2456018.945412
2456018.965846
2456018.986280
2456019.006714
2456019.027148
2456019.047582
2456019.068016
2456019.088450
2456019.108884
2456019.129318
2456019.149752
2456019.170186
2456019.190620
2456019.211054
2456019.231488
2456019.251922
2456019.272356
2456019.292790
2456019.313224
2456019.333658
2456019.354092
2456019.374526
2456019.394960
2456019.415394
2456019.435828
2456019.456262
2456019.476696
2456019.497130
2456019.517564
2456019.537998
2456019.558432
2456019.578866
2456019.599300
2456019.619734
2456019.640168
2456019.660602
2456019.681036
2456019.701470
2456019.721904
2456019.742338
2456019.762772
2456019.783206
2456019.803640
2456019.824074
2456019.844508
2456019.864942
2456019.885377
2456019.905810
2456019.926245
2456019.946678
2456019.967112
2456019.987547
2456020.007981
2456020.028415
2456020.048849
2456020.069283
2456020.089717
2456020.110151
2456020.130585
2456020.151019
2456020.171453
2456020.191887
2456020.212321
2456020.232755
2456020.253189
2456020.273623
2456020.294057
2456020.314491
2456020.334925
2456020.355359
2456020.375793
2456020.396227
2456020.416661
2456020.437095
2456020.457529
2456020.477963
2456020.498397
2456020.518831
2456020.539265
2456020.559699
2456020.580133
2456020.600567
2456020.621001
2456020.641435
2456020.661869
2456020.682303
2456020.702737
2456020.723171
2456020.743605
2456020.764039
2456020.784473
2456020.804907
2456020.825341
2456020.845775
2456020.866210
2456020.886644
2456020.907078
2456020.927512
2456020.947946
2456020.968380
2456020.988814
2456021.009248
2456021.029682
2456021.050116
2456021.070550
2456021.090984
2456021.111418
2456021.131852
2456021.152286
2456021.172720
2456021.193154
2456021.213588
2456021.234022
2456021.254456
2456021.274890
2456021.295324
2456021.315758
2456021.336192
2456021.356626
2456021.377060
2456021.397494
2456021.417928
2456021.438362
2456021.458796
2456021.479230
2456021.499664
2456021.520098
2456021.540532
2456021.560966
2456021.581401
2456021.601835
2456021.622269
2456021.642703
2456021.663137
2456021.683571
2456021.704005
2456021.724439
2456021.744873
2456021.765307
2456021.785741
2456021.806175
2456021.826609
2456021.847043
2456021.867477
2456021.887911
2456021.908345
2456021.928779
2456021.949213
2456021.969647
2456021.990081
2456022.010515
2456022.030949
2456022.051383
2456022.071817
2456022.092251
2456022.112685
2456022.133119
2456022.153553
2456022.173987
2456022.194422
2456022.214856
2456022.235290
2456022.255724
2456022.276158
2456022.296592
2456022.317026
2456022.337460
2456022.357894
2456022.378328
2456022.398762
2456022.419196
2456022.439630
2456022.460064
2456022.480498
2456022.500932
2456022.521366
2456022.541800
2456022.562234
2456022.582668
2456022.603102
2456022.623536
2456022.643970
2456022.664404
2456022.684838
2456022.705272
2456022.725706
2456022.746141
2456022.766575
2456022.787009
2456022.807443
2456022.827877
2456022.848311
2456022.868745
2456022.889179
2456022.909613
2456022.930047
2456022.950481
2456022.970915
2456022.991349
2456023.011783
2456023.032217
2456023.052651
2456023.073085
2456023.093519
2456023.113953
2456023.134387
2456023.154821
2456023.175255
2456023.195689
2456023.216123
2456023.236558
2456023.256991
2456023.277426
2456023.297860
2456023.318294
2456023.338728
2456023.359162
2456023.379596
2456023.400030
2456023.420464
2456023.440898
2456023.461332
2456023.481766
2456023.502200
2456023.522634
2456023.543068
2456023.563502
2456023.583936
2456023.604370
2456023.624804
2456023.645238
2456023.665672
2456023.686107
2456023.706541
2456023.726974
2456023.747409
2456023.767843
2456023.788277
2456023.808711
2456023.829145
2456023.849579
2456023.870013
2456023.890447
2456023.910881
2456023.931315
2456023.951749
2456023.972183
2456023.992617
2456024.013051
2456024.033485
2456024.053919
2456024.074353
2456024.094787
2456024.115221
2456024.135656
2456024.156090
2456024.176524
2456024.196958
2456024.217392
2456024.237826
2456024.258260
2456024.278694
2456024.299128
2456024.319562
2456024.339996
2456024.360430
2456024.380864
2456024.401298
2456024.421732
2456024.442166
2456024.462600
2456024.483034
2456024.503468
2456024.523902
2456024.544337
2456024.564771
2456024.585205
2456024.605639
2456024.626073
2456024.646507
2456024.666941
2456024.687375
2456024.707809
2456024.728243
2456024.748677
2456024.769111
2456024.789545
2456024.809979
2456024.830413
2456024.850847
2456024.871281
2456024.891716
2456024.912149
2456024.932584
2456024.953018
2456024.973452
2456024.993886
2456025.014320
2456025.034754
2456025.055188
2456025.075622
2456025.096056
2456025.116490
2456025.136924
2456025.157358
2456025.177792
2456025.198226
2456025.218660
2456025.239094
2456025.259528
2456025.279962
2456025.300397
2456025.320831
2456025.341265
2456025.361699
2456025.382133
2456025.402567
2456025.423001
2456025.443435
2456025.463869
2456025.484303
2456025.504737
2456025.525171
2456025.545605
2456025.566039
2456025.586473
2456025.606908
2456025.627341
2456025.647776
2456025.668210
2456025.688644
2456025.709078
2456025.729512
2456025.749946
2456025.770380
2456025.790814
2456025.811248
2456025.831682
2456025.852116
2456025.872550
2456025.892984
2456025.913418
2456025.933852
2456025.954286
2456025.974721
2456025.995155
2456026.015589
2456026.036023
2456026.056457
2456026.076891
2456026.097325
2456026.117759
2456026.138193
2456026.158627
2456026.179061
2456026.199495
2456026.219929
2456026.240363
2456026.260797
2456026.281231
2456026.301666
2456026.322100
2456026.342534
2456026.362968
2456026.383402
2456026.403836
2456026.424270
2456026.444704
2456026.465138
2456026.485572
2456026.506006
2456026.526440
2456026.546874
2456026.567308
2456026.587742
2456026.608177
2456026.628611
2456026.649045
2456026.669479
2456026.689913
2456026.710347
2456026.730781
2456026.751215
2456026.771649
2456026.792083
2456026.812517
2456026.832951
2456026.853385
2456026.873819
2456026.894253
2456026.914687
2456026.935122
2456026.955556
2456026.975990
2456026.996424
2456027.016858
2456027.037292
2456027.057726
2456027.078160
2456027.098594
2456027.119028
2456027.139462
2456027.159896
2456027.180330
2456027.200764
2456027.221198
2456027.241633
2456027.262067
2456027.282501
2456027.302935
2456027.323369
2456027.343803
2456027.364237
2456027.384671
2456027.405105
2456027.425539
2456027.445973
2456027.466407
2456027.486842
2456027.507276
2456027.527710
2456027.548144
2456027.568578
2456027.589012
2456027.609446
2456027.629880
2456027.650314
2456027.670748
2456027.691182
2456027.711616
2456027.732050
2456027.752484
2456027.772918
2456027.793353
2456027.813787
2456027.834221
2456027.854655
2456027.875089
2456027.895523
2456027.915957
2456027.936391
2456027.956825
2456027.977259
2456027.997693
2456028.018127
2456028.038561
2456028.058996
2456028.079430
2456028.099864
2456028.120298
2456028.140732
2456028.161166
2456028.181600
2456028.202034
2456028.222468
2456028.242902
2456028.263336
2456028.283770
2456028.304204
2456028.324639
2456028.345073
2456028.365507
2456028.385941
2456028.406375
2456028.426809
2456028.447243
2456028.467677
2456028.488111
2456028.508545
2456028.528979
2456028.549413
2456028.569847
2456028.590282
2456028.610716
2456028.631150
2456028.651584
2456028.672018
2456028.692452
2456028.712886
2456028.733320
2456028.753754
2456028.774188
2456028.794622
2456028.815056
2456028.835490
2456028.855924
2456028.876359
2456028.896793
2456028.917227
2456028.937661
2456028.958095
2456028.978529
2456028.998963
2456029.019397
2456029.039831
2456029.060265
2456029.080699
2456029.101133
2456029.121568
2456029.142002
2456029.162436
2456029.182870
2456029.203304
2456029.223738
2456029.244172
2456029.264606
2456029.285040
2456029.305474
2456029.325908
2456029.346342
2456029.366777
2456029.387211
2456029.407645
2456029.428079
2456029.448513
2456029.468947
2456029.489381
2456029.509815
2456029.530249
2456029.550683
2456029.571117
2456029.591552
2456029.611986
2456029.632420
2456029.652854
2456029.673288
2456029.693722
2456029.714156
2456029.734590
2456029.755024
2456029.775458
2456029.795892
2456029.816327
2456029.836760
2456029.857195
2456029.877629
2456029.898063
2456029.918497
2456029.938931
2456029.959365
2456029.979799
2456030.000233
2456030.020667
2456030.041101
2456030.061535
2456030.081970
2456030.102404
2456030.122838
2456030.143272
2456030.163706
2456030.184140
2456030.204574
2456030.225008
2456030.245442
2456030.265876
2456030.286310
2456030.306745
2456030.327179
2456030.347613
2456030.368047
2456030.388481
2456030.408915
2456030.429349
2456030.449783
2456030.470217
2456030.490651
2456030.511085
2456030.531520
2456030.551954
2456030.572388
2456030.592822
2456030.613256
2456030.633690
2456030.654124
2456030.674558
2456030.694992
2456030.715426
2456030.735861
2456030.756295
2456030.776729
2456030.797163
2456030.817597
2456030.838031
2456030.858465
2456030.878899
2456030.899333
2456030.919767
2456030.940201
2456030.960636
2456030.981070
2456031.001504
2456031.021938
2456031.042372
2456031.062806
2456031.083240
2456031.103674
2456031.124108
2456031.144542
2456031.164976
2456031.185411
2456031.205845
2456031.226279
2456031.246713
2456031.267147
2456031.287581
2456031.308015
2456031.328449
2456031.348883
2456031.369317
2456031.389751
2456031.410186
2456031.430620
2456031.451054
2456031.471488
2456031.491922
2456031.512356
2456031.532790
2456031.553224
2456031.573658
2456031.594092
2456031.614526
2456031.634961
2456031.655395
2456031.675829
2456031.696263
2456031.716697
2456031.737131
2456031.757565
2456031.777999
2456031.798433
2456031.818868
2456031.839302
2456031.859736
2456031.880170
2456031.900604
2456031.921038
2456031.941472
2456031.961906
2456031.982340
2456032.002774
2456032.023209
2456032.043643
2456032.064077
2456032.084511
2456032.104945
2456032.125379
2456032.145813
2456032.166247
2456032.186681
2456032.207115
2456032.227550
2456032.247984
2456032.268418
2456032.288852
2456032.309286
2456032.329720
2456032.350154
2456032.370588
2456032.391022
2456032.411456
2456032.431890
2456032.452325
2456032.472759
2456032.493193
2456032.513627
2456032.534061
2456032.554495
2456032.574929
2456032.595363
2456032.615798
2456032.636232
2456032.656666
2456032.677100
2456032.697534
2456032.717968
2456032.738402
2456032.758836
2456032.779270
2456032.799704
2456032.820138
2456032.840573
2456032.861007
2456032.881441
2456032.901875
2456032.922309
2456032.942743
2456032.963177
2456032.983611
2456033.004045
2456033.024479
2456033.044914
2456033.065348
2456033.085782
2456033.106216
2456033.126650
2456033.147084
2456033.167518
2456033.187952
2456033.208386
2456033.228821
2456033.249255
2456033.269689
2456033.290123
2456033.310557
2456033.330991
2456033.351425
2456033.371859
2456033.392293
2456033.412727
2456033.433162
2456033.453596
2456033.474030
2456033.494464
2456033.514898
2456033.535332
2456033.555766
2456033.576200
2456033.596635
2456033.617069
2456033.637503
2456033.657937
2456033.678371
2456033.698805
2456033.719239
2456033.739673
2456033.760107
2456033.780542
2456033.800976
2456033.821410
2456033.841844
2456033.862278
2456033.882712
2456033.903146
2456033.923580
2456033.944014
2456033.964448
2456033.984883
2456034.005317
2456034.025751
2456034.046185
2456034.066619
2456034.087053
2456034.107487
2456034.127921
2456034.148355
2456034.168790
2456034.189224
2456034.209658
2456034.230092
2456034.250526
2456034.270960
2456034.291394
2456034.311828
2456034.332262
2456034.352697
2456034.373131
2456034.393565
2456034.413999
2456034.434433
2456034.454867
2456034.475301
2456034.495735
2456034.516169
2456034.536604
2456034.557038
2456034.577472
2456034.597906
2456034.618340
2456034.638774
2456034.659208
2456034.679642
2456034.700077
2456034.720511
2456034.740945
2456034.761379
2456034.781813
2456034.802247
2456034.822681
2456034.843115
2456034.863549
2456034.883984
2456034.904418
2456034.924852
2456034.945286
2456034.965720
2456034.986154
2456035.006588
2456035.027022
2456035.047456
2456035.067891
2456035.088325
2456035.108759
2456035.129193
2456035.149627
2456035.170061
2456035.190495
2456035.210929
2456035.231363
2456035.251798
2456035.272232
2456035.292666
2456035.313100
2456035.333534
2456035.353968
2456035.374402
2456035.394836
2456035.415271
2456035.435705
2456035.456139
2456035.476573
2456035.497007
2456035.517441
2456035.537875
2456035.558309
2456035.578744
2456035.599178
2456035.619612
2456035.640046
2456035.660480
2456035.680914
2456035.701348
2456035.721782
2456035.742216
2456035.762651
2456035.783085
2456035.803519
2456035.823953
2456035.844387
2456035.864821
2456035.885255
2456035.905689
2456035.926124
2456035.946558
2456035.966992
2456035.987426
2456036.007860
2456036.028294
2456036.048728
2456036.069162
2456036.089596
2456036.110031
2456036.130465
2456036.150899
2456036.171333
2456036.191767
2456036.212201
2456036.232635
2456036.253070
2456036.273504
2456036.293938
2456036.314372
2456036.334806
2456036.355240
2456036.375674
2456036.396108
2456036.416542
2456036.436977
2456036.457411
2456036.477845
2456036.498279
2456036.518713
2456036.539147
2456036.559581
2456036.580015
2456036.600450
2456036.620884
2456036.641318
2456036.661752
2456036.682186
2456036.702620
2456036.723054
2456036.743488
2456036.763923
2456036.784357
2456036.804791
2456036.825225
2456036.845659
2456036.866093
2456036.886527
2456036.906962
2456036.927396
2456036.947830
2456036.968264
2456036.988698
2456037.009132
2456037.029566
2456037.050000
2456037.070434
2456037.090869
2456037.111303
2456037.131737
2456037.152171
2456037.172605
2456037.193039
2456037.213473
2456037.233908
2456037.254342
2456037.274776
2456037.295210
2456037.315644
2456037.336078
2456037.356512
2456037.376947
2456037.397381
2456037.417815
2456037.438249
2456037.458683
2456037.479117
2456037.499551
2456037.519985
2456037.540419
2456037.560854
2456037.581288
2456037.601722
2456037.622156
2456037.642590
2456037.663024
2456037.683458
2456037.703892
2456037.724327
2456037.744761
2456037.765195
2456037.785629
2456037.806063
2456037.826497
2456037.846931
2456037.867366
2456037.887800
2456037.908234
2456037.928668
2456037.949102
2456037.969536
2456037.989970
2456038.010404
2456038.030839
2456038.051273
2456038.071707
2456038.092141
2456038.112575
2456038.133009
2456038.153443
2456038.173877
2456038.194312
2456038.214746
2456038.235180
2456038.255614
2456038.276048
2456038.296482
2456038.316916
2456038.337350
2456038.357785
2456038.378219
2456038.398653
2456038.419087
2456038.439521
2456038.459955
2456038.480389
2456038.500824
2456038.521258
2456038.541692
2456038.562126
2456038.582560
2456038.602994
2456038.623428
2456038.643863
2456038.664297
2456038.684731
2456038.705165
2456038.725599
2456038.746033
2456038.766467
2456038.786902
2456038.807336
2456038.827770
2456038.848204
2456038.868638
2456038.889072
2456038.909506
2456038.929940
2456038.950375
2456038.970809
2456038.991243
2456039.011677
2456039.032111
2456039.052545
2456039.072979
2456039.093414
2456039.113848
2456039.134282
2456039.154716
2456039.175150
2456039.195584
2456039.216018
2456039.236452
2456039.256887
2456039.277321
2456039.297755
2456039.318189
2456039.338623
2456039.359057
2456039.379492
2456039.399926
2456039.420360
2456039.440794
2456039.461228
2456039.481662
2456039.502096
2456039.522531
2456039.542965
2456039.563399
2456039.583833
2456039.604267
2456039.624701
2456039.645135
2456039.665569
2456039.686004
2456039.706438
2456039.726872
2456039.747306
2456039.767740
2456039.788174
2456039.808608
2456039.829043
2456039.849477
2456039.869911
2456039.890345
2456039.910779
2456039.931213
2456039.951647
2456039.972082
2456039.992516
2456040.012950
2456040.033384
2456040.053818
2456040.074252
2456040.094686
2456040.115120
2456040.135555
2456040.155989
2456040.176423
2456040.196857
2456040.217291
2456040.237725
2456040.258159
2456040.278594
2456040.299028
2456040.319462
2456040.339896
2456040.360330
2456040.380764
2456040.401198
2456040.421633
2456040.442067
2456040.462501
2456040.482935
2456040.503369
2456040.523803
2456040.544238
2456040.564672
2456040.585106
2456040.605540
2456040.625974
2456040.646408
2456040.666842
2456040.687277
2456040.707711
2456040.728145
2456040.748579
2456040.769013
2456040.789447
2456040.809881
2456040.830316
2456040.850750
2456040.871184
2456040.891618
2456040.912052
2456040.932486
2456040.952920
2456040.973355
2456040.993789
2456041.014223
2456041.034657
2456041.055091
2456041.075525
2456041.095959
2456041.116394
2456041.136828
2456041.157262
2456041.177696
2456041.198130
2456041.218564
2456041.238998
2456041.259433
2456041.279867
2456041.300301
2456041.320735
2456041.341169
2456041.361603
2456041.382037
2456041.402472
2456041.422906
2456041.443340
2456041.463774
2456041.484208
2456041.504642
2456041.525077
2456041.545511
2456041.565945
2456041.586379
2456041.606813
2456041.627247
2456041.647681
2456041.668115
2456041.688550
2456041.708984
2456041.729418
2456041.749852
2456041.770286
2456041.790720
2456041.811155
2456041.831589
2456041.852023
2456041.872457
2456041.892891
2456041.913325
2456041.933759
2456041.954194
2456041.974628
2456041.995062
2456042.015496
2456042.035930
2456042.056364
2456042.076798
2456042.097233
2456042.117667
2456042.138101
2456042.158535
2456042.178969
2456042.199403
2456042.219838
2456042.240272
2456042.260706
2456042.281140
2456042.301574
2456042.322008
2456042.342442
2456042.362877
2456042.383311
2456042.403745
2456042.424179
2456042.444613
2456042.465047
2456042.485481
2456042.505916
2456042.526350
2456042.546784
2456042.567218
2456042.587652
2456042.608086
2456042.628521
2456042.648955
2456042.669389
2456042.689823
2456042.710257
2456042.730691
2456042.751126
2456042.771560
2456042.791994
2456042.812428
2456042.832862
2456042.853296
2456042.873730
2456042.894164
2456042.914599
2456042.935033
2456042.955467
2456042.975901
2456042.996335
2456043.016770
2456043.037204
2456043.057638
2456043.078072
2456043.098506
2456043.118940
2456043.139374
2456043.159808
2456043.180243
2456043.200677
2456043.221111
2456043.241545
2456043.261979
2456043.282413
2456043.302848
2456043.323282
2456043.343716
2456043.364150
2456043.384584
2456043.405018
2456043.425453
2456043.445887
2456043.466321
2456043.486755
2456043.507189
2456043.527623
2456043.548057
2456043.568492
2456043.588926
2456043.609360
2456043.629794
2456043.650228
2456043.670662
2456043.691097
2456043.711531
2456043.731965
2456043.752399
2456043.772833
2456043.793267
2456043.813701
2456043.834136
2456043.854570
2456043.875004
2456043.895438
2456043.915872
2456043.936306
2456043.956741
2456043.977175
2456043.997609
2456044.018043
2456044.038477
2456044.058911
2456044.079346
2456044.099780
2456044.120214
2456044.140648
2456044.161082
2456044.181516
2456044.201950
2456044.222385
2456044.242819
2456044.263253
2456044.283687
2456044.304121
2456044.324555
2456044.344990
2456044.365424
2456044.385858
2456044.406292
2456044.426726
2456044.447160
2456044.467595
2456044.488029
2456044.508463
2456044.528897
2456044.549331
2456044.569765
2456044.590200
2456044.610634
2456044.631068
2456044.651502
2456044.671936
2456044.692370
2456044.712805
2456044.733239
2456044.753673
2456044.774107
2456044.794541
2456044.814975
2456044.835409
2456044.855844
2456044.876278
2456044.896712
2456044.917146
2456044.937580
2456044.958014
2456044.978449
2456044.998883
2456045.019317
2456045.039751
2456045.060185
2456045.080619
2456045.101054
2456045.121488
2456045.141922
2456045.162356
2456045.182790
2456045.203224
2456045.223659
2456045.244093
2456045.264527
2456045.284961
2456045.305395
2456045.325829
2456045.346264
2456045.366698
2456045.387132
2456045.407566
2456045.428000
2456045.448434
2456045.468869
2456045.489303
2456045.509737
2456045.530171
2456045.550605
2456045.571039
2456045.591473
2456045.611908
2456045.632342
2456045.652776
2456045.673210
2456045.693644
2456045.714078
2456045.734513
2456045.754947
2456045.775381
2456045.795815
2456045.816249
2456045.836683
2456045.857118
2456045.877552
2456045.897986
2456045.918420
2456045.938854
2456045.959289
2456045.979723
2456046.000157
2456046.020591
2456046.041025
2456046.061459
2456046.081893
2456046.102328
2456046.122762
2456046.143196
2456046.163630
2456046.184064
2456046.204498
2456046.224933
2456046.245367
2456046.265801
2456046.286235
2456046.306669
2456046.327103
2456046.347538
2456046.367972
2456046.388406
2456046.408840
2456046.429274
2456046.449708
2456046.470143
2456046.490577
2456046.511011
2456046.531445
2456046.551879
2456046.572313
2456046.592748
2456046.613182
2456046.633616
2456046.654050
2456046.674484
2456046.694918
2456046.715353
2456046.735787
2456046.756221
2456046.776655
2456046.797089
2456046.817523
2456046.837958
2456046.858392
2456046.878826
2456046.899260
2456046.919694
2456046.940128
2456046.960563
2456046.980997
2456047.001431
2456047.021865
2456047.042299
2456047.062733
2456047.083168
2456047.103602
2456047.124036
2456047.144470
2456047.164904
2456047.185339
2456047.205773
2456047.226207
2456047.246641
2456047.267075
2456047.287509
2456047.307944
2456047.328378
2456047.348812
2456047.369246
2456047.389680
2456047.410114
2456047.430549
2456047.450983
2456047.471417
2456047.491851
2456047.512285
2456047.532719
2456047.553154
2456047.573588
2456047.594022
2456047.614456
2456047.634890
2456047.655324
2456047.675759
2456047.696193
2456047.716627
2456047.737061
2456047.757495
2456047.777929
2456047.798364
2456047.818798
2456047.839232
2456047.859666
2456047.880100
2456047.900535
2456047.920969
2456047.941403
2456047.961837
2456047.982271
           NaN
           NaN
           NaN
           NaN
           NaN
           NaN
           NaN
           NaN
           NaN
           NaN
           NaN
           NaN
           NaN
           NaN
           NaN
           NaN
           NaN
           NaN
           NaN
           NaN
           NaN
           NaN
           NaN
           NaN
           NaN
           NaN
           NaN
           NaN
           NaN
           NaN
           NaN
           NaN
           NaN
           NaN
2456048.697467
2456048.717901
2456048.738336
2456048.758770
2456048.779204
2456048.799638
2456048.820072
2456048.840506
2456048.860941
2456048.881375
2456048.901809
2456048.922243
2456048.942677
2456048.963111
2456048.983546
2456049.003980
2456049.024414
2456049.044848
2456049.065282
2456049.085716
2456049.106151
2456049.126585
2456049.147019
2456049.167453
2456049.187887
2456049.208322
2456049.228756
2456049.249190
2456049.269624
2456049.290058
2456049.310492
2456049.330927
2456049.351361
2456049.371795
2456049.392229
2456049.412663
2456049.433097
2456049.453532
2456049.473966
2456049.494400
2456049.514834
2456049.535268
2456049.555703
2456049.576137
2456049.596571
2456049.617005
2456049.637439
2456049.657873
2456049.678308
2456049.698742
2456049.719176
2456049.739610
2456049.760044
2456049.780479
2456049.800913
2456049.821347
2456049.841781
2456049.862215
2456049.882649
2456049.903084
2456049.923518
2456049.943952
2456049.964386
2456049.984820
2456050.005255
2456050.025689
2456050.046123
2456050.066557
2456050.086991
2456050.107425
2456050.127860
2456050.148294
2456050.168728
2456050.189162
2456050.209596
2456050.230031
2456050.250465
2456050.270899
2456050.291333
2456050.311767
2456050.332201
2456050.352636
2456050.373070
2456050.393504
2456050.413938
2456050.434372
2456050.454806
2456050.475241
2456050.495675
2456050.516109
2456050.536543
2456050.556977
2456050.577411
2456050.597846
2456050.618280
2456050.638714
2456050.659148
2456050.679582
2456050.700017
2456050.720451
2456050.740885
2456050.761319
2456050.781753
2456050.802188
2456050.822622
2456050.843056
2456050.863490
2456050.883924
2456050.904358
2456050.924793
2456050.945227
2456050.965661
2456050.986095
2456051.006529
2456051.026963
2456051.047398
2456051.067832
2456051.088266
2456051.108700
2456051.129134
2456051.149569
2456051.170003
2456051.190437
2456051.210871
2456051.231305
2456051.251739
2456051.272174
2456051.292608
2456051.313042
2456051.333476
2456051.353910
2456051.374345
2456051.394779
2456051.415213
2456051.435647
2456051.456081
2456051.476515
2456051.496950
2456051.517384
2456051.537818
2456051.558252
2456051.578686
2456051.599121
2456051.619555
2456051.639989
2456051.660423
2456051.680857
2456051.701291
2456051.721726
2456051.742160
2456051.762594
2456051.783028
2456051.803462
2456051.823897
2456051.844331
2456051.864765
2456051.885199
2456051.905633
2456051.926068
2456051.946502
2456051.966936
2456051.987370
2456052.007804
2456052.028238
2456052.048673
2456052.069107
2456052.089541
2456052.109975
2456052.130409
2456052.150844
2456052.171278
2456052.191712
2456052.212146
2456052.232580
2456052.253014
2456052.273449
2456052.293883
2456052.314317
2456052.334751
2456052.355185
2456052.375620
2456052.396054
2456052.416488
2456052.436922
2456052.457356
2456052.477790
2456052.498225
2456052.518659
2456052.539093
2456052.559527
2456052.579961
2456052.600396
2456052.620830
2456052.641264
2456052.661698
2456052.682132
2456052.702567
2456052.723001
2456052.743435
2456052.763869
2456052.784303
2456052.804737
2456052.825172
2456052.845606
2456052.866040
2456052.886474
2456052.906908
2456052.927343
2456052.947777
2456052.968211
2456052.988645
2456053.009079
2456053.029514
2456053.049948
2456053.070382
2456053.090816
2456053.111250
2456053.131684
2456053.152119
2456053.172553
2456053.192987
2456053.213421
2456053.233855
2456053.254290
2456053.274724
2456053.295158
2456053.315592
2456053.336026
2456053.356461
2456053.376895
2456053.397329
2456053.417763
2456053.438197
2456053.458631
2456053.479066
2456053.499500
2456053.519934
2456053.540368
2456053.560802
2456053.581237
2456053.601671
2456053.622105
2456053.642539
2456053.662973
2456053.683408
2456053.703842
2456053.724276
2456053.744710
2456053.765144
2456053.785579
2456053.806013
2456053.826447
2456053.846881
2456053.867315
2456053.887750
2456053.908184
2456053.928618
2456053.949052
2456053.969486
2456053.989920
2456054.010355
2456054.030789
2456054.051223
2456054.071657
2456054.092091
2456054.112526
2456054.132960
2456054.153394
2456054.173828
2456054.194262
2456054.214696
2456054.235131
2456054.255565
2456054.275999
2456054.296433
2456054.316867
2456054.337302
2456054.357736
2456054.378170
2456054.398604
2456054.419038
2456054.439473
2456054.459907
2456054.480341
2456054.500775
2456054.521209
2456054.541644
2456054.562078
2456054.582512
2456054.602946
2456054.623380
2456054.643814
2456054.664249
2456054.684683
2456054.705117
2456054.725551
2456054.745985
2456054.766420
2456054.786854
2456054.807288
2456054.827722
2456054.848156
2456054.868590
2456054.889025
2456054.909459
2456054.929893
2456054.950327
2456054.970762
2456054.991196
2456055.011630
2456055.032064
2456055.052498
2456055.072932
2456055.093367
2456055.113801
2456055.134235
2456055.154669
2456055.175103
2456055.195538
2456055.215972
2456055.236406
2456055.256840
2456055.277274
2456055.297709
2456055.318143
2456055.338577
2456055.359011
2456055.379445
2456055.399880
2456055.420314
2456055.440748
2456055.461182
2456055.481616
2456055.502050
2456055.522485
2456055.542919
2456055.563353
2456055.583787
2456055.604222
2456055.624656
2456055.645090
2456055.665524
2456055.685958
2456055.706393
2456055.726827
2456055.747261
2456055.767695
2456055.788129
2456055.808563
2456055.828998
2456055.849432
2456055.869866
2456055.890300
2456055.910734
2456055.931169
2456055.951603
2456055.972037
2456055.992471
2456056.012905
2456056.033340
2456056.053774
2456056.074208
2456056.094642
2456056.115076
2456056.135510
2456056.155945
2456056.176379
2456056.196813
2456056.217247
2456056.237681
2456056.258116
2456056.278550
2456056.298984
2456056.319418
2456056.339852
2456056.360287
2456056.380721
2456056.401155
2456056.421589
2456056.442023
2456056.462458
2456056.482892
2456056.503326
2456056.523760
2456056.544194
2456056.564629
2456056.585063
2456056.605497
2456056.625931
2456056.646365
2456056.666800
2456056.687234
2456056.707668
2456056.728102
2456056.748536
2456056.768971
2456056.789405
2456056.809839
2456056.830273
2456056.850707
2456056.871142
2456056.891576
2456056.912010
2456056.932444
2456056.952878
2456056.973313
2456056.993747
2456057.014181
2456057.034615
2456057.055049
2456057.075483
2456057.095918
2456057.116352
2456057.136786
2456057.157220
2456057.177654
2456057.198089
2456057.218523
2456057.238957
2456057.259391
2456057.279825
2456057.300260
2456057.320694
2456057.341128
2456057.361562
2456057.381996
2456057.402431
2456057.422865
2456057.443299
2456057.463733
2456057.484167
2456057.504602
2456057.525036
2456057.545470
2456057.565904
2456057.586338
2456057.606773
2456057.627207
2456057.647641
2456057.668075
2456057.688509
2456057.708944
2456057.729378
2456057.749812
2456057.770246
2456057.790680
2456057.811115
2456057.831549
2456057.851983
2456057.872417
2456057.892851
2456057.913286
2456057.933720
2456057.954154
2456057.974588
2456057.995022
2456058.015456
2456058.035891
2456058.056325
2456058.076759
2456058.097193
2456058.117627
2456058.138062
2456058.158496
2456058.178930
2456058.199364
2456058.219799
2456058.240233
2456058.260667
2456058.281101
2456058.301535
2456058.321969
2456058.342404
2456058.362838
2456058.383272
2456058.403706
2456058.424141
2456058.444575
2456058.465009
2456058.485443
2456058.505877
2456058.526311
2456058.546746
2456058.567180
2456058.587614
2456058.608048
2456058.628482
2456058.648917
2456058.669351
2456058.689785
2456058.710219
2456058.730653
2456058.751088
2456058.771522
2456058.791956
2456058.812390
2456058.832824
2456058.853259
2456058.873693
2456058.894127
2456058.914561
2456058.934995
2456058.955430
2456058.975864
2456058.996298
2456059.016732
2456059.037166
2456059.057601
2456059.078035
2456059.098469
2456059.118903
2456059.139337
2456059.159772
2456059.180206
2456059.200640
2456059.221074
2456059.241508
2456059.261943
2456059.282377
2456059.302811
2456059.323245
2456059.343679
2456059.364114
2456059.384548
2456059.404982
2456059.425416
2456059.445850
2456059.466285
2456059.486719
2456059.507153
2456059.527587
2456059.548021
2456059.568456
2456059.588890
2456059.609324
2456059.629758
2456059.650192
2456059.670627
2456059.691061
2456059.711495
2456059.731929
2456059.752363
2456059.772798
2456059.793232
2456059.813666
2456059.834100
2456059.854534
2456059.874969
2456059.895403
2456059.915837
2456059.936271
2456059.956705
2456059.977140
2456059.997574
2456060.018008
2456060.038442
2456060.058876
2456060.079311
2456060.099745
2456060.120179
2456060.140613
2456060.161047
2456060.181482
2456060.201916
2456060.222350
2456060.242784
2456060.263218
2456060.283653
2456060.304087
2456060.324521
2456060.344955
2456060.365389
2456060.385824
2456060.406258
2456060.426692
2456060.447126
2456060.467560
2456060.487995
2456060.508429
2456060.528863
2456060.549297
2456060.569732
2456060.590166
2456060.610600
2456060.631034
2456060.651468
2456060.671902
2456060.692337
2456060.712771
2456060.733205
2456060.753639
2456060.774073
2456060.794508
2456060.814942
2456060.835376
2456060.855810
2456060.876244
2456060.896679
2456060.917113
2456060.937547
2456060.957981
2456060.978415
2456060.998850
2456061.019284
2456061.039718
2456061.060152
2456061.080587
2456061.101021
2456061.121455
2456061.141889
2456061.162323
2456061.182757
2456061.203192
2456061.223626
2456061.244060
2456061.264494
2456061.284929
2456061.305363
2456061.325797
2456061.346231
2456061.366665
2456061.387099
2456061.407534
2456061.427968
2456061.448402
2456061.468836
2456061.489270
2456061.509705
2456061.530139
2456061.550573
2456061.571007
2456061.591442
2456061.611876
2456061.632310
2456061.652744
2456061.673178
2456061.693613
2456061.714047
2456061.734481
2456061.754915
2456061.775349
2456061.795784
2456061.816218
2456061.836652
2456061.857086
2456061.877520
2456061.897955
2456061.918389
2456061.938823
2456061.959257
2456061.979691
2456062.000126
2456062.020560
2456062.040994
2456062.061428
2456062.081862
2456062.102297
2456062.122731
2456062.143165
2456062.163599
2456062.184033
2456062.204468
2456062.224902
2456062.245336
2456062.265770
2456062.286204
2456062.306639
2456062.327073
2456062.347507
2456062.367941
2456062.388376
2456062.408810
2456062.429244
2456062.449678
2456062.470112
2456062.490546
2456062.510981
2456062.531415
2456062.551849
2456062.572283
2456062.592717
2456062.613152
2456062.633586
2456062.654020
2456062.674454
2456062.694888
2456062.715323
2456062.735757
2456062.756191
2456062.776625
2456062.797059
2456062.817494
2456062.837928
2456062.858362
2456062.878796
2456062.899231
2456062.919665
2456062.940099
2456062.960533
2456062.980967
2456063.001402
2456063.021836
2456063.042270
2456063.062704
2456063.083138
2456063.103573
2456063.124007
2456063.144441
2456063.164875
2456063.185309
2456063.205744
2456063.226178
2456063.246612
2456063.267046
2456063.287480
2456063.307915
2456063.328349
2456063.348783
2456063.369217
2456063.389651
2456063.410086
2456063.430520
2456063.450954
2456063.471388
2456063.491823
2456063.512257
2456063.532691
2456063.553125
2456063.573559
2456063.593993
2456063.614428
2456063.634862
2456063.655296
2456063.675730
2456063.696165
2456063.716599
2456063.737033
2456063.757467
2456063.777901
2456063.798335
2456063.818770
2456063.839204
2456063.859638
2456063.880072
2456063.900507
2456063.920941
2456063.941375
2456063.961809
2456063.982243
2456064.002678
2456064.023112
2456064.043546
2456064.063980
2456064.084414
2456064.104849
2456064.125283
2456064.145717
2456064.166151
2456064.186585
2456064.207020
2456064.227454
2456064.247888
2456064.268322
2456064.288756
2456064.309191
2456064.329625
2456064.350059
2456064.370493
2456064.390927
2456064.411362
2456064.431796
2456064.452230
2456064.472664
2456064.493099
2456064.513533
2456064.533967
2456064.554401
2456064.574835
2456064.595270
2456064.615704
2456064.636138
2456064.656572
2456064.677006
2456064.697440
2456064.717875
2456064.738309
2456064.758743
2456064.779177
2456064.799612
2456064.820046
2456064.840480
2456064.860914
2456064.881348
2456064.901783
2456064.922217
2456064.942651
2456064.963085
2456064.983519
2456065.003954
2456065.024388
2456065.044822
2456065.065256
2456065.085690
2456065.106125
2456065.126559
2456065.146993
2456065.167427
2456065.187861
2456065.208296
2456065.228730
2456065.249164
2456065.269598
2456065.290032
2456065.310467
2456065.330901
2456065.351335
2456065.371769
2456065.392203
2456065.412638
2456065.433072
2456065.453506
2456065.473940
2456065.494375
2456065.514809
2456065.535243
2456065.555677
2456065.576111
2456065.596546
2456065.616980
2456065.637414
2456065.657848
2456065.678282
2456065.698717
2456065.719151
2456065.739585
2456065.760019
2456065.780453
2456065.800888
2456065.821322
2456065.841756
2456065.862190
2456065.882624
2456065.903059
2456065.923493
2456065.943927
2456065.964361
2456065.984795
2456066.005230
2456066.025664
2456066.046098
2456066.066532
2456066.086967
2456066.107401
2456066.127835
2456066.148269
2456066.168703
2456066.189138
2456066.209572
2456066.230006
2456066.250440
2456066.270874
2456066.291309
2456066.311743
2456066.332177
2456066.352611
2456066.373045
2456066.393480
2456066.413914
2456066.434348
2456066.454782
2456066.475216
2456066.495651
2456066.516085
2456066.536519
2456066.556953
2456066.577387
2456066.597822
2456066.618256
2456066.638690
2456066.659124
2456066.679558
2456066.699993
2456066.720427
2456066.740861
2456066.761295
2456066.781729
2456066.802164
2456066.822598
2456066.843032
2456066.863466
2456066.883901
2456066.904335
2456066.924769
2456066.945203
2456066.965637
2456066.986072
2456067.006506
2456067.026940
2456067.047374
2456067.067808
2456067.088243
2456067.108677
2456067.129111
2456067.149545
2456067.169979
2456067.190414
2456067.210848
2456067.231282
2456067.251716
2456067.272150
2456067.292585
2456067.313019
2456067.333453
2456067.353887
2456067.374321
2456067.394756
2456067.415190
2456067.435624
2456067.456058
2456067.476493
2456067.496927
2456067.517361
2456067.537795
2456067.558229
2456067.578664
2456067.599098
2456067.619532
2456067.639966
2456067.660400
2456067.680835
2456067.701269
2456067.721703
2456067.742137
2456067.762571
2456067.783006
2456067.803440
2456067.823874
2456067.844308
2456067.864742
2456067.885177
2456067.905611
2456067.926045
2456067.946479
2456067.966913
2456067.987348
2456068.007782
2456068.028216
2456068.048650
2456068.069084
2456068.089519
2456068.109953
2456068.130387
2456068.150821
2456068.171255
2456068.191690
2456068.212124
2456068.232558
2456068.252992
2456068.273427
2456068.293861
2456068.314295
2456068.334729
2456068.355163
2456068.375598
2456068.396032
2456068.416466
2456068.436900
2456068.457335
2456068.477769
2456068.498203
2456068.518637
2456068.539071
2456068.559505
2456068.579940
2456068.600374
2456068.620808
2456068.641242
2456068.661676
2456068.682111
2456068.702545
2456068.722979
2456068.743413
2456068.763848
2456068.784282
2456068.804716
2456068.825150
2456068.845584
2456068.866019
2456068.886453
2456068.906887
2456068.927321
2456068.947755
2456068.968190
2456068.988624
2456069.009058
2456069.029492
2456069.049926
2456069.070361
2456069.090795
2456069.111229
2456069.131663
2456069.152097
2456069.172532
2456069.192966
2456069.213400
2456069.233834
2456069.254268
2456069.274703
2456069.295137
2456069.315571
2456069.336005
2456069.356440
2456069.376874
2456069.397308
2456069.417742
2456069.438176
2456069.458611
2456069.479045
2456069.499479
2456069.519913
2456069.540347
2456069.560782
2456069.581216
2456069.601650
2456069.622084
2456069.642518
2456069.662953
2456069.683387
2456069.703821
2456069.724255
2456069.744689
2456069.765124
2456069.785558
2456069.805992
2456069.826426
2456069.846860
2456069.867295
2456069.887729
2456069.908163
2456069.928597
2456069.949031
2456069.969466
2456069.989900
2456070.010334
2456070.030768
2456070.051202
2456070.071637
2456070.092071
2456070.112505
2456070.132939
2456070.153373
2456070.173808
2456070.194242
2456070.214676
2456070.235110
2456070.255545
2456070.275979
2456070.296413
2456070.316847
2456070.337281
2456070.357716
2456070.378150
2456070.398584
2456070.419018
2456070.439452
2456070.459887
2456070.480321
2456070.500755
2456070.521189
2456070.541623
2456070.562058
2456070.582492
2456070.602926
2456070.623360
2456070.643794
2456070.664229
2456070.684663
2456070.705097
2456070.725531
2456070.745965
2456070.766400
2456070.786834
2456070.807268
2456070.827702
2456070.848137
2456070.868571
2456070.889005
2456070.909439
2456070.929873
2456070.950308
2456070.970742
2456070.991176
2456071.011610
2456071.032044
2456071.052479
2456071.072913
2456071.093347
2456071.113781
2456071.134215
2456071.154650
2456071.175084
2456071.195518
2456071.215952
2456071.236386
2456071.256821
2456071.277255
2456071.297689
2456071.318123
2456071.338557
2456071.358992
2456071.379426
2456071.399860
2456071.420294
2456071.440729
2456071.461163
2456071.481597
2456071.502031
2456071.522465
2456071.542899
2456071.563334
2456071.583768
2456071.604202
2456071.624636
2456071.645071
2456071.665505
2456071.685939
2456071.706373
2456071.726807
2456071.747242
2456071.767676
2456071.788110
2456071.808544
2456071.828978
2456071.849413
2456071.869847
2456071.890281
2456071.910715
2456071.931149
2456071.951584
2456071.972018
2456071.992452
2456072.012886
2456072.033320
2456072.053755
2456072.074189
2456072.094623
2456072.115057
2456072.135491
2456072.155926
2456072.176360
2456072.196794
2456072.217228
2456072.237662
2456072.258097
2456072.278531
2456072.298965
2456072.319399
2456072.339834
2456072.360268
2456072.380702
2456072.401136
2456072.421570
2456072.442005
2456072.462439
2456072.482873
2456072.503307
2456072.523741
2456072.544175
2456072.564610
2456072.585044
2456072.605478
2456072.625912
2456072.646347
2456072.666781
2456072.687215
2456072.707649
2456072.728083
2456072.748518
2456072.768952
2456072.789386
2456072.809820
2456072.830254
2456072.850689
2456072.871123
2456072.891557
2456072.911991
2456072.932425
2456072.952860
2456072.973294
2456072.993728
2456073.014162
2456073.034596
2456073.055031
2456073.075465
2456073.095899
2456073.116333
2456073.136767
2456073.157202
2456073.177636
2456073.198070
2456073.218504
2456073.238939
2456073.259373
2456073.279807
2456073.300241
2456073.320675
2456073.341110
2456073.361544
2456073.381978
2456073.402412
2456073.422846
2456073.443281
2456073.463715
2456073.484149
2456073.504583
2456073.525017
2456073.545452
2456073.565886
2456073.586320
2456073.606754
2456073.627188
2456073.647623
2456073.668057
2456073.688491
2456073.708925
2456073.729359
2456073.749794
2456073.770228
2456073.790662
2456073.811096
2456073.831530
2456073.851965
2456073.872399
2456073.892833
2456073.913267
2456073.933701
2456073.954136
2456073.974570
2456073.995004
2456074.015438
2456074.035872
2456074.056307
2456074.076741
2456074.097175
2456074.117609
2456074.138043
2456074.158478
2456074.178912
2456074.199346
2456074.219780
2456074.240215
2456074.260649
2456074.281083
2456074.301517
2456074.321951
2456074.342386
2456074.362820
2456074.383254
2456074.403688
2456074.424122
2456074.444557
2456074.464991
2456074.485425
2456074.505859
2456074.526293
2456074.546728
2456074.567162
2456074.587596
2456074.608030
2456074.628464
2456074.648899
2456074.669333
2456074.689767
2456074.710201
2456074.730635
2456074.751070
2456074.771504
2456074.791938
2456074.812372
2456074.832806
2456074.853241
2456074.873675
2456074.894109
2456074.914543
2456074.934977
2456074.955412
2456074.975846
2456074.996280
2456075.016714
2456075.037148
2456075.057583
2456075.078017
2456075.098451
2456075.118885
2456075.139319
2456075.159754
2456075.180188
2456075.200622
2456075.221056
2456075.241490
2456075.261925
2456075.282359
2456075.302793
2456075.323227
2456075.343661
2456075.364096
2456075.384530
2456075.404964
2456075.425398
2456075.445832
2456075.466267
2456075.486701
2456075.507135
2456075.527569
2456075.548004
2456075.568438
2456075.588872
2456075.609306
2456075.629740
2456075.650174
2456075.670609
2456075.691043
2456075.711477
2456075.731911
2456075.752345
2456075.772780
2456075.793214
2456075.813648
2456075.834082
2456075.854516
2456075.874951
2456075.895385
2456075.915819
2456075.936253
2456075.956688
2456075.977122
2456075.997556
2456076.017990
2456076.038424
2456076.058858
2456076.079293
2456076.099727
2456076.120161
2456076.140595
2456076.161030
2456076.181464
2456076.201898
2456076.222332
2456076.242766
2456076.263200
2456076.283635
2456076.304069
2456076.324503
2456076.344937
2456076.365372
2456076.385806
2456076.406240
2456076.426674
2456076.447108
2456076.467543
2456076.487977
2456076.508411
2456076.528845
2456076.549279
2456076.569714
2456076.590148
2456076.610582
2456076.631016
2456076.651450
2456076.671885
2456076.692319
2456076.712753
2456076.733187
2456076.753621
2456076.774056
2456076.794490
2456076.814924
2456076.835358
2456076.855792
2456076.876227
2456076.896661
2456076.917095
2456076.937529
2456076.957963
2456076.978397
2456076.998832
2456077.019266
2456077.039700
2456077.060134
2456077.080569
2456077.101003
2456077.121437
2456077.141871
2456077.162305
2456077.182740
2456077.203174
2456077.223608
2456077.244042
2456077.264476
2456077.284911
2456077.305345
2456077.325779
2456077.346213
2456077.366647
2456077.387081
2456077.407516
2456077.427950
2456077.448384
2456077.468818
2456077.489252
2456077.509687
2456077.530121
2456077.550555
2456077.570989
2456077.591424
2456077.611858
2456077.632292
2456077.652726
2456077.673160
2456077.693595
2456077.714029
2456077.734463
2456077.754897
2456077.775331
2456077.795766
2456077.816200
2456077.836634
2456077.857068
2456077.877502
2456077.897937
2456077.918371
           NaN
           NaN
           NaN
           NaN
           NaN
           NaN
           NaN
           NaN
           NaN
           NaN
           NaN
           NaN
           NaN
           NaN
           NaN
           NaN
           NaN
           NaN
           NaN
           NaN
           NaN
           NaN
           NaN
           NaN
           NaN
           NaN
           NaN
           NaN
           NaN
           NaN
           NaN
           NaN
           NaN
           NaN
           NaN
           NaN
           NaN
           NaN
           NaN
           NaN
           NaN
           NaN
           NaN
           NaN
2456078.837910
2456078.858344
2456078.878778
2456078.899212
2456078.919646
2456078.940081
2456078.960515
2456078.980949
2456079.001383
2456079.021817
2456079.042252
2456079.062686
2456079.083120
2456079.103554
2456079.123988
2456079.144423
2456079.164857
2456079.185291
2456079.205725
2456079.226159
2456079.246594
2456079.267028
2456079.287462
2456079.307896
2456079.328330
2456079.348765
2456079.369199
2456079.389633
2456079.410067
2456079.430501
2456079.450936
2456079.471370
2456079.491804
2456079.512238
2456079.532672
2456079.553107
2456079.573541
2456079.593975
2456079.614409
2456079.634843
2456079.655277
2456079.675712
2456079.696146
2456079.716580
2456079.737014
2456079.757449
2456079.777883
2456079.798317
2456079.818751
2456079.839185
2456079.859619
2456079.880054
2456079.900488
2456079.920922
2456079.941356
2456079.961790
2456079.982225
2456080.002659
2456080.023093
2456080.043527
2456080.063961
2456080.084396
2456080.104830
2456080.125264
2456080.145698
2456080.166132
2456080.186567
2456080.207001
2456080.227435
2456080.247869
2456080.268303
2456080.288738
2456080.309172
2456080.329606
2456080.350040
2456080.370474
2456080.390909
2456080.411343
2456080.431777
2456080.452211
2456080.472645
2456080.493079
2456080.513514
2456080.533948
2456080.554382
2456080.574816
2456080.595250
2456080.615685
2456080.636119
2456080.656553
2456080.676987
2456080.697421
2456080.717856
2456080.738290
2456080.758724
2456080.779158
2456080.799593
2456080.820027
2456080.840461
2456080.860895
2456080.881329
2456080.901763
2456080.922198
2456080.942632
2456080.963066
2456080.983500
2456081.003934
2456081.024369
2456081.044803
2456081.065237
2456081.085671
2456081.106105
2456081.126540
2456081.146974
2456081.167408
2456081.187842
2456081.208276
2456081.228710
2456081.249145
2456081.269579
2456081.290013
2456081.310447
2456081.330881
2456081.351316
2456081.371750
2456081.392184
2456081.412618
2456081.433052
2456081.453487
2456081.473921
2456081.494355
2456081.514789
2456081.535223
2456081.555658
2456081.576092
2456081.596526
2456081.616960
2456081.637394
2456081.657829
2456081.678263
2456081.698697
2456081.719131
2456081.739565
2456081.760000
2456081.780434
2456081.800868
2456081.821302
2456081.841736
2456081.862170
2456081.882605
2456081.903039
2456081.923473
2456081.943907
2456081.964341
2456081.984776
2456082.005210
2456082.025644
2456082.046078
2456082.066512
2456082.086947
2456082.107381
2456082.127815
2456082.148249
2456082.168683
2456082.189117
2456082.209552
2456082.229986
2456082.250420
2456082.270854
2456082.291288
2456082.311723
2456082.332157
2456082.352591
2456082.373025
2456082.393459
2456082.413894
2456082.434328
2456082.454762
2456082.475196
2456082.495630
2456082.516065
2456082.536499
2456082.556933
2456082.577367
2456082.597801
2456082.618235
2456082.638670
2456082.659104
2456082.679538
2456082.699972
2456082.720406
2456082.740841
2456082.761275
2456082.781709
2456082.802143
2456082.822577
2456082.843012
2456082.863446
2456082.883880
2456082.904314
2456082.924748
2456082.945183
2456082.965617
2456082.986051
2456083.006485
2456083.026919
2456083.047354
2456083.067788
2456083.088222
2456083.108656
2456083.129090
2456083.149524
2456083.169959
2456083.190393
2456083.210827
2456083.231261
2456083.251695
2456083.272130
2456083.292564
2456083.312998
2456083.333432
2456083.353866
2456083.374301
2456083.394735
2456083.415169
2456083.435603
2456083.456037
2456083.476471
2456083.496906
2456083.517340
2456083.537774
2456083.558208
2456083.578642
2456083.599077
2456083.619511
2456083.639945
2456083.660379
2456083.680813
2456083.701247
2456083.721682
2456083.742116
2456083.762550
2456083.782984
2456083.803418
2456083.823853
2456083.844287
2456083.864721
2456083.885155
2456083.905589
2456083.926023
2456083.946458
2456083.966892
2456083.987326
2456084.007760
2456084.028195
2456084.048629
2456084.069063
2456084.089497
2456084.109931
2456084.130365
2456084.150800
2456084.171234
2456084.191668
2456084.212102
2456084.232536
2456084.252971
2456084.273405
2456084.293839
2456084.314273
2456084.334707
2456084.355142
2456084.375576
2456084.396010
2456084.416444
2456084.436878
2456084.457312
2456084.477747
2456084.498181
2456084.518615
2456084.539049
2456084.559483
2456084.579917
2456084.600352
2456084.620786
2456084.641220
2456084.661654
2456084.682088
2456084.702523
2456084.722957
2456084.743391
2456084.763825
2456084.784259
2456084.804694
2456084.825128
2456084.845562
2456084.865996
2456084.886430
2456084.906864
2456084.927299
2456084.947733
2456084.968167
2456084.988601
2456085.009035
2456085.029470
2456085.049904
2456085.070338
2456085.090772
2456085.111206
2456085.131640
2456085.152075
2456085.172509
2456085.192943
2456085.213377
2456085.233811
2456085.254246
2456085.274680
2456085.295114
2456085.315548
2456085.335982
2456085.356417
2456085.376851
2456085.397285
2456085.417719
2456085.438153
2456085.458588
2456085.479022
2456085.499456
2456085.519890
2456085.540324
2456085.560758
2456085.581193
2456085.601627
2456085.622061
2456085.642495
2456085.662929
2456085.683363
2456085.703798
2456085.724232
2456085.744666
2456085.765100
2456085.785534
2456085.805969
2456085.826403
2456085.846837
2456085.867271
2456085.887705
2456085.908140
2456085.928574
2456085.949008
2456085.969442
2456085.989876
2456086.010310
2456086.030745
2456086.051179
2456086.071613
2456086.092047
2456086.112481
2456086.132915
2456086.153350
2456086.173784
2456086.194218
2456086.214652
2456086.235086
2456086.255521
2456086.275955
2456086.296389
2456086.316823
2456086.337257
2456086.357691
2456086.378126
2456086.398560
2456086.418994
2456086.439428
2456086.459862
2456086.480297
2456086.500731
2456086.521165
2456086.541599
2456086.562033
2456086.582467
2456086.602902
2456086.623336
2456086.643770
2456086.664204
2456086.684638
2456086.705072
2456086.725507
2456086.745941
2456086.766375
2456086.786809
2456086.807243
2456086.827678
2456086.848112
2456086.868546
2456086.888980
2456086.909414
2456086.929848
2456086.950283
2456086.970717
2456086.991151
2456087.011585
2456087.032019
2456087.052454
2456087.072888
2456087.093322
2456087.113756
2456087.134190
2456087.154624
2456087.175059
2456087.195493
2456087.215927
2456087.236361
2456087.256795
2456087.277229
2456087.297664
2456087.318098
2456087.338532
2456087.358966
2456087.379400
2456087.399835
2456087.420269
2456087.440703
2456087.461137
2456087.481571
2456087.502005
2456087.522440
2456087.542874
2456087.563308
2456087.583742
2456087.604176
2456087.624610
2456087.645045
2456087.665479
2456087.685913
2456087.706347
2456087.726781
2456087.747216
2456087.767650
2456087.788084
2456087.808518
2456087.828952
2456087.849386
2456087.869821
2456087.890255
2456087.910689
2456087.931123
2456087.951557
2456087.971992
2456087.992426
2456088.012860
2456088.033294
2456088.053728
2456088.074162
2456088.094597
2456088.115031
2456088.135465
2456088.155899
2456088.176333
2456088.196767
2456088.217202
2456088.237636
2456088.258070
2456088.278504
2456088.298938
2456088.319372
2456088.339807
2456088.360241
2456088.380675
2456088.401109
2456088.421543
2456088.441978
2456088.462412
2456088.482846
2456088.503280
2456088.523714
2456088.544148
2456088.564583
2456088.585017
2456088.605451
2456088.625885
2456088.646319
2456088.666753
2456088.687188
2456088.707622
2456088.728056
2456088.748490
2456088.768924
2456088.789358
2456088.809793
2456088.830227
2456088.850661
2456088.871095
2456088.891529
2456088.911964
2456088.932398
2456088.952832
2456088.973266
2456088.993700
2456089.014134
2456089.034569
2456089.055003
2456089.075437
2456089.095871
2456089.116305
2456089.136739
2456089.157174
2456089.177608
2456089.198042
2456089.218476
2456089.238910
2456089.259344
2456089.279779
2456089.300213
2456089.320647
2456089.341081
2456089.361515
2456089.381949
2456089.402384
2456089.422818
2456089.443252
2456089.463686
2456089.484120
2456089.504554
2456089.524989
2456089.545423
2456089.565857
2456089.586291
2456089.606725
2456089.627160
2456089.647594
2456089.668028
2456089.688462
2456089.708896
2456089.729330
2456089.749765
2456089.770199
2456089.790633
2456089.811067
2456089.831501
2456089.851935
2456089.872370
2456089.892804
2456089.913238
2456089.933672
2456089.954106
2456089.974540
2456089.994975
2456090.015409
2456090.035843
2456090.056277
2456090.076711
2456090.097145
2456090.117580
2456090.138014
2456090.158448
2456090.178882
2456090.199316
2456090.219750
2456090.240185
2456090.260619
2456090.281053
2456090.301487
2456090.321921
2456090.342355
2456090.362790
2456090.383224
2456090.403658
2456090.424092
2456090.444526
2456090.464960
2456090.485395
2456090.505829
2456090.526263
2456090.546697
2456090.567131
2456090.587565
2456090.608000
2456090.628434
2456090.648868
2456090.669302
2456090.689736
2456090.710170
2456090.730605
2456090.751039
2456090.771473
2456090.791907
2456090.812341
2456090.832776
2456090.853210
2456090.873644
2456090.894078
2456090.914512
2456090.934946
2456090.955381
2456090.975815
2456090.996249
2456091.016683
2456091.037117
2456091.057551
2456091.077985
2456091.098420
2456091.118854
2456091.139288
2456091.159722
2456091.180156
2456091.200591
2456091.221025
2456091.241459
2456091.261893
2456091.282327
2456091.302761
2456091.323196
2456091.343630
2456091.364064
2456091.384498
2456091.404932
2456091.425366
2456091.445800
2456091.466235
2456091.486669
2456091.507103
2456091.527537
2456091.547971
2456091.568405
2456091.588840
2456091.609274
2456091.629708
2456091.650142
2456091.670576
2456091.691010
2456091.711445
2456091.731879
2456091.752313
2456091.772747
2456091.793181
2456091.813615
2456091.834050
2456091.854484
2456091.874918
2456091.895352
2456091.915786
2456091.936220
2456091.956655
2456091.977089
2456091.997523
2456092.017957
2456092.038391
2456092.058825
2456092.079259
2456092.099694
2456092.120128
2456092.140562
2456092.160996
2456092.181430
2456092.201864
2456092.222299
2456092.242733
2456092.263167
2456092.283601
2456092.304035
2456092.324469
2456092.344904
2456092.365338
2456092.385772
2456092.406206
2456092.426640
2456092.447075
2456092.467509
2456092.487943
2456092.508377
2456092.528811
2456092.549245
2456092.569679
2456092.590114
2456092.610548
2456092.630982
2456092.651416
2456092.671850
2456092.692284
2456092.712718
2456092.733153
2456092.753587
2456092.774021
2456092.794455
2456092.814889
2456092.835323
2456092.855758
2456092.876192
2456092.896626
2456092.917060
2456092.937494
2456092.957928
2456092.978363
2456092.998797
2456093.019231
2456093.039665
2456093.060099
2456093.080533
2456093.100968
2456093.121402
2456093.141836
2456093.162270
2456093.182704
2456093.203138
2456093.223572
2456093.244007
2456093.264441
2456093.284875
2456093.305309
2456093.325743
2456093.346177
2456093.366612
2456093.387046
2456093.407480
2456093.427914
2456093.448348
2456093.468782
2456093.489217
2456093.509651
2456093.530085
2456093.550519
2456093.570953
2456093.591387
2456093.611822
2456093.632256
2456093.652690
2456093.673124
2456093.693558
2456093.713992
2456093.734426
2456093.754861
2456093.775295
2456093.795729
2456093.816163
2456093.836597
2456093.857031
2456093.877466
2456093.897900
2456093.918334
2456093.938768
2456093.959202
2456093.979636
2456094.000070
2456094.020505
2456094.040939
2456094.061373
2456094.081807
2456094.102241
2456094.122675
2456094.143109
2456094.163544
2456094.183978
2456094.204412
2456094.224846
2456094.245280
2456094.265715
2456094.286149
2456094.306583
2456094.327017
2456094.347451
2456094.367885
2456094.388319
2456094.408753
2456094.429188
2456094.449622
2456094.470056
2456094.490490
2456094.510924
2456094.531358
2456094.551793
2456094.572227
2456094.592661
2456094.613095
2456094.633529
2456094.653963
2456094.674397
2456094.694832
2456094.715266
2456094.735700
2456094.756134
2456094.776568
2456094.797002
2456094.817437
2456094.837871
2456094.858305
2456094.878739
2456094.899173
2456094.919607
2456094.940042
2456094.960476
2456094.980910
2456095.001344
2456095.021778
2456095.042212
2456095.062646
2456095.083081
2456095.103515
2456095.123949
2456095.144383
2456095.164817
2456095.185251
2456095.205685
2456095.226120
2456095.246554
2456095.266988
2456095.287422
2456095.307856
2456095.328290
2456095.348725
2456095.369159
2456095.389593
2456095.410027
2456095.430461
2456095.450895
2456095.471329
2456095.491764
2456095.512198
2456095.532632
2456095.553066
2456095.573500
2456095.593934
2456095.614368
2456095.634803
2456095.655237
2456095.675671
2456095.696105
2456095.716539
2456095.736973
2456095.757408
2456095.777842
2456095.798276
2456095.818710
2456095.839144
2456095.859578
2456095.880012
2456095.900447
2456095.920881
2456095.941315
2456095.961749
2456095.982183
2456096.002617
2456096.023051
2456096.043486
2456096.063920
2456096.084354
2456096.104788
2456096.125222
2456096.145656
2456096.166090
2456096.186525
2456096.206959
2456096.227393
2456096.247827
2456096.268261
2456096.288695
2456096.309129
2456096.329564
2456096.349998
2456096.370432
2456096.390866
2456096.411300
2456096.431734
2456096.452168
2456096.472603
2456096.493037
2456096.513471
2456096.533905
2456096.554339
2456096.574773
2456096.595208
2456096.615642
2456096.636076
2456096.656510
2456096.676944
2456096.697378
2456096.717812
2456096.738247
2456096.758681
2456096.779115
2456096.799549
2456096.819983
2456096.840417
2456096.860851
2456096.881285
2456096.901720
2456096.922154
2456096.942588
2456096.963022
2456096.983456
2456097.003890
2456097.024324
2456097.044759
2456097.065193
2456097.085627
2456097.106061
2456097.126495
2456097.146929
2456097.167364
2456097.187798
2456097.208232
2456097.228666
2456097.249100
2456097.269534
2456097.289968
2456097.310402
2456097.330837
2456097.351271
2456097.371705
2456097.392139
2456097.412573
2456097.433007
2456097.453441
2456097.473876
2456097.494310
2456097.514744
2456097.535178
2456097.555612
2456097.576046
2456097.596480
2456097.616915
2456097.637349
2456097.657783
2456097.678217
2456097.698651
2456097.719085
2456097.739519
2456097.759954
2456097.780388
2456097.800822
2456097.821256
2456097.841690
2456097.862124
2456097.882558
2456097.902993
2456097.923427
2456097.943861
2456097.964295
2456097.984729
2456098.005163
2456098.025597
2456098.046031
2456098.066466
2456098.086900
2456098.107334
2456098.127768
2456098.148202
2456098.168636
2456098.189070
2456098.209505
2456098.229939
2456098.250373
2456098.270807
2456098.291241
2456098.311675
2456098.332110
2456098.352544
2456098.372978
2456098.393412
2456098.413846
2456098.434280
2456098.454714
2456098.475148
2456098.495582
2456098.516017
2456098.536451
2456098.556885
2456098.577319
2456098.597753
2456098.618187
2456098.638622
2456098.659056
2456098.679490
2456098.699924
2456098.720358
2456098.740792
2456098.761226
2456098.781660
2456098.802095
2456098.822529
2456098.842963
2456098.863397
2456098.883831
2456098.904265
2456098.924699
2456098.945133
2456098.965568
2456098.986002
2456099.006436
2456099.026870
2456099.047304
2456099.067738
2456099.088172
2456099.108607
2456099.129041
2456099.149475
2456099.169909
2456099.190343
2456099.210777
2456099.231211
2456099.251646
2456099.272080
2456099.292514
2456099.312948
2456099.333382
2456099.353816
2456099.374250
2456099.394684
2456099.415119
2456099.435553
2456099.455987
2456099.476421
2456099.496855
2456099.517289
2456099.537723
2456099.558158
2456099.578592
2456099.599026
2456099.619460
2456099.639894
2456099.660328
2456099.680762
2456099.701197
2456099.721631
2456099.742065
2456099.762499
2456099.782933
2456099.803367
2456099.823801
2456099.844235
2456099.864670
2456099.885104
2456099.905538
2456099.925972
2456099.946406
2456099.966840
2456099.987274
2456100.007708
2456100.028143
2456100.048577
2456100.069011
2456100.089445
2456100.109879
2456100.130313
2456100.150747
2456100.171181
2456100.191616
2456100.212050
2456100.232484
2456100.252918
2456100.273352
2456100.293786
2456100.314220
2456100.334654
2456100.355089
2456100.375523
2456100.395957
2456100.416391
2456100.436825
2456100.457259
2456100.477693
2456100.498128
2456100.518562
2456100.538996
2456100.559430
2456100.579864
2456100.600298
2456100.620732
2456100.641166
2456100.661601
2456100.682035
2456100.702469
2456100.722903
2456100.743337
2456100.763771
2456100.784205
2456100.804639
2456100.825074
2456100.845508
2456100.865942
2456100.886376
2456100.906810
2456100.927244
2456100.947678
2456100.968112
2456100.988546
2456101.008981
2456101.029415
2456101.049849
2456101.070283
2456101.090717
2456101.111151
2456101.131585
2456101.152019
2456101.172454
2456101.192888
2456101.213322
2456101.233756
2456101.254190
2456101.274624
2456101.295058
2456101.315492
2456101.335927
2456101.356361
2456101.376795
2456101.397229
2456101.417663
2456101.438097
2456101.458531
2456101.478965
2456101.499400
2456101.519834
2456101.540268
2456101.560702
2456101.581136
2456101.601570
2456101.622004
2456101.642438
2456101.662872
2456101.683307
2456101.703741
2456101.724175
2456101.744609
2456101.765043
2456101.785477
2456101.805911
2456101.826346
2456101.846780
2456101.867214
2456101.887648
2456101.908082
2456101.928516
2456101.948950
2456101.969384
2456101.989818
2456102.010253
2456102.030687
2456102.051121
2456102.071555
2456102.091989
2456102.112423
2456102.132857
2456102.153291
2456102.173726
2456102.194160
2456102.214594
2456102.235028
2456102.255462
2456102.275896
2456102.296330
2456102.316764
2456102.337198
2456102.357633
2456102.378067
2456102.398501
2456102.418935
2456102.439369
2456102.459803
2456102.480237
2456102.500671
2456102.521106
2456102.541540
2456102.561974
2456102.582408
2456102.602842
2456102.623276
2456102.643710
2456102.664144
2456102.684579
2456102.705013
2456102.725447
2456102.745881
2456102.766315
2456102.786749
2456102.807183
2456102.827617
2456102.848051
2456102.868486
2456102.888920
2456102.909354
2456102.929788
2456102.950222
2456102.970656
2456102.991090
2456103.011524
2456103.031958
2456103.052393
2456103.072827
2456103.093261
2456103.113695
2456103.134129
2456103.154563
2456103.174997
2456103.195431
2456103.215866
2456103.236300
2456103.256734
2456103.277168
2456103.297602
2456103.318036
2456103.338470
2456103.358904
2456103.379338
2456103.399773
2456103.420207
2456103.440641
2456103.461075
2456103.481509
2456103.501943
2456103.522377
2456103.542811
2456103.563245
2456103.583680
2456103.604114
2456103.624548
2456103.644982
2456103.665416
2456103.685850
2456103.706284
2456103.726718
2456103.747152
2456103.767587
2456103.788021
2456103.808455
2456103.828889
2456103.849323
2456103.869757
2456103.890191
2456103.910625
2456103.931059
2456103.951494
2456103.971928
2456103.992362
2456104.012796
2456104.033230
2456104.053664
2456104.074098
2456104.094532
2456104.114966
2456104.135401
2456104.155835
2456104.176269
2456104.196703
2456104.217137
2456104.237571
2456104.258005
2456104.278439
2456104.298873
2456104.319307
2456104.339742
2456104.360176
2456104.380610
2456104.401044
2456104.421478
2456104.441912
2456104.462346
2456104.482780
2456104.503214
2456104.523649
2456104.544083
2456104.564517
2456104.584951
2456104.605385
2456104.625819
2456104.646253
2456104.666687
2456104.687121
2456104.707555
2456104.727990
2456104.748424
2456104.768858
2456104.789292
2456104.809726
2456104.830160
2456104.850594
2456104.871028
2456104.891463
2456104.911897
2456104.932331
2456104.952765
2456104.973199
2456104.993633
2456105.014067
2456105.034501
2456105.054935
2456105.075369
2456105.095804
2456105.116238
2456105.136672
2456105.157106
2456105.177540
2456105.197974
2456105.218408
2456105.238842
2456105.259276
2456105.279710
2456105.300144
2456105.320579
2456105.341013
2456105.361447
2456105.381881
2456105.402315
2456105.422749
2456105.443183
2456105.463617
2456105.484052
2456105.504486
2456105.524920
2456105.545354
2456105.565788
2456105.586222
2456105.606656
2456105.627090
2456105.647524
2456105.667958
2456105.688392
2456105.708827
2456105.729261
2456105.749695
2456105.770129
2456105.790563
2456105.810997
2456105.831431
2456105.851865
2456105.872299
2456105.892733
2456105.913168
2456105.933602
2456105.954036
2456105.974470
2456105.994904
2456106.015338
2456106.035772
2456106.056206
