2455834.207964
2455834.228397
2455834.248830
2455834.269263
2455834.289697
2455834.310130
2455834.330563
2455834.350996
2455834.371429
2455834.391863
2455834.412296
2455834.432729
2455834.453162
2455834.473596
2455834.494029
2455834.514462
2455834.534895
2455834.555328
2455834.575762
2455834.596195
2455834.616628
2455834.637061
2455834.657495
2455834.677928
2455834.698361
2455834.718794
2455834.739227
2455834.759661
2455834.780094
2455834.800527
2455834.820960
2455834.841393
2455834.861827
2455834.882260
2455834.902693
2455834.923126
2455834.943560
2455834.963993
2455834.984426
2455835.004859
2455835.025292
2455835.045726
2455835.066159
2455835.086592
2455835.107025
2455835.127459
2455835.147892
2455835.168325
2455835.188758
2455835.209191
2455835.229625
2455835.250058
2455835.270491
2455835.290924
2455835.311358
2455835.331791
2455835.352224
2455835.372657
2455835.393090
2455835.413524
2455835.433957
2455835.454390
2455835.474823
2455835.495257
2455835.515690
2455835.536123
2455835.556556
2455835.576989
2455835.597422
2455835.617856
2455835.638289
2455835.658722
2455835.679155
2455835.699589
2455835.720022
2455835.740455
2455835.760888
2455835.781322
2455835.801755
2455835.822188
2455835.842621
2455835.863054
2455835.883487
2455835.903921
2455835.924354
2455835.944787
2455835.965220
2455835.985654
2455836.006087
2455836.026520
2455836.046953
2455836.067386
2455836.087820
2455836.108253
2455836.128686
2455836.149119
2455836.169553
2455836.189986
2455836.210419
2455836.230852
2455836.251285
2455836.271719
2455836.292152
2455836.312585
2455836.333018
2455836.353451
2455836.373885
2455836.394318
2455836.414751
2455836.435184
2455836.455617
2455836.476051
2455836.496484
2455836.516917
2455836.537350
2455836.557783
2455836.578217
2455836.598650
2455836.619083
2455836.639516
2455836.659949
2455836.680383
2455836.700816
2455836.721249
2455836.741682
2455836.762115
2455836.782549
2455836.802982
2455836.823415
2455836.843848
2455836.864282
2455836.884715
2455836.905148
2455836.925581
2455836.946014
2455836.966448
2455836.986881
2455837.007314
2455837.027747
2455837.048180
2455837.068614
2455837.089047
2455837.109480
2455837.129913
2455837.150346
2455837.170780
2455837.191213
2455837.211646
2455837.232079
2455837.252512
2455837.272946
2455837.293379
2455837.313812
2455837.334245
2455837.354678
2455837.375112
2455837.395545
2455837.415978
2455837.436411
2455837.456844
2455837.477278
2455837.497711
2455837.518144
2455837.538577
2455837.559010
2455837.579444
2455837.599877
2455837.620310
2455837.640743
2455837.661176
2455837.681610
2455837.702043
2455837.722476
2455837.742909
2455837.763342
2455837.783776
2455837.804209
2455837.824642
2455837.845075
2455837.865508
2455837.885942
2455837.906375
2455837.926808
2455837.947241
2455837.967674
2455837.988107
2455838.008541
2455838.028974
2455838.049407
2455838.069840
2455838.090273
2455838.110707
2455838.131140
2455838.151573
2455838.172006
2455838.192439
2455838.212873
2455838.233306
2455838.253739
2455838.274172
2455838.294605
2455838.315039
2455838.335472
2455838.355905
2455838.376338
2455838.396771
2455838.417205
2455838.437638
2455838.458071
2455838.478504
2455838.498937
2455838.519370
2455838.539804
2455838.560237
2455838.580670
2455838.601103
2455838.621536
2455838.641970
2455838.662403
2455838.682836
2455838.703269
2455838.723702
2455838.744136
2455838.764569
2455838.785002
2455838.805435
2455838.825868
2455838.846302
2455838.866735
2455838.887168
2455838.907601
2455838.928034
2455838.948468
2455838.968901
2455838.989334
2455839.009767
2455839.030200
2455839.050633
2455839.071067
2455839.091500
2455839.111933
2455839.132366
2455839.152799
2455839.173232
2455839.193666
2455839.214099
2455839.234532
2455839.254965
2455839.275398
2455839.295832
2455839.316265
2455839.336698
2455839.357131
2455839.377564
2455839.397997
2455839.418431
2455839.438864
2455839.459297
2455839.479730
2455839.500163
2455839.520597
2455839.541030
2455839.561463
2455839.581896
2455839.602329
2455839.622763
2455839.643196
2455839.663629
2455839.684062
2455839.704495
2455839.724929
2455839.745362
2455839.765795
2455839.786228
2455839.806661
2455839.827094
2455839.847528
2455839.867961
2455839.888394
2455839.908827
2455839.929260
2455839.949693
2455839.970127
2455839.990560
2455840.010993
2455840.031426
2455840.051859
2455840.072292
2455840.092726
2455840.113159
2455840.133592
2455840.154025
2455840.174458
2455840.194892
2455840.215325
2455840.235758
2455840.256191
2455840.276624
2455840.297057
2455840.317491
2455840.337924
2455840.358357
2455840.378790
2455840.399223
2455840.419657
2455840.440090
2455840.460523
2455840.480956
2455840.501389
2455840.521822
2455840.542256
2455840.562689
2455840.583122
2455840.603555
2455840.623988
2455840.644421
2455840.664855
2455840.685288
2455840.705721
2455840.726154
2455840.746587
2455840.767021
2455840.787454
2455840.807887
2455840.828320
2455840.848753
2455840.869186
2455840.889620
2455840.910053
2455840.930486
2455840.950919
2455840.971352
2455840.991785
2455841.012219
2455841.032652
2455841.053085
2455841.073518
2455841.093951
2455841.114384
2455841.134818
2455841.155251
2455841.175684
2455841.196117
2455841.216550
2455841.236983
2455841.257417
2455841.277850
2455841.298283
2455841.318716
2455841.339149
2455841.359582
2455841.380016
2455841.400449
2455841.420882
2455841.441315
2455841.461748
2455841.482181
2455841.502615
2455841.523048
2455841.543481
2455841.563914
2455841.584347
2455841.604780
2455841.625214
2455841.645647
2455841.666080
2455841.686513
2455841.706946
2455841.727379
2455841.747813
2455841.768246
2455841.788679
2455841.809112
2455841.829545
2455841.849978
2455841.870412
2455841.890845
2455841.911278
2455841.931711
2455841.952144
2455841.972578
2455841.993011
2455842.013444
2455842.033877
2455842.054310
2455842.074743
2455842.095176
2455842.115610
2455842.136043
2455842.156476
2455842.176909
2455842.197342
2455842.217775
2455842.238209
2455842.258642
2455842.279075
2455842.299508
2455842.319941
2455842.340374
2455842.360808
2455842.381241
2455842.401674
2455842.422107
2455842.442540
2455842.462973
2455842.483407
2455842.503840
2455842.524273
2455842.544706
2455842.565139
2455842.585572
2455842.606006
2455842.626439
2455842.646872
2455842.667305
2455842.687738
2455842.708171
2455842.728604
2455842.749038
2455842.769471
2455842.789904
2455842.810337
2455842.830770
2455842.851203
2455842.871637
2455842.892070
2455842.912503
2455842.932936
2455842.953369
2455842.973802
2455842.994236
2455843.014669
2455843.035102
2455843.055535
2455843.075968
2455843.096401
2455843.116834
2455843.137268
2455843.157701
2455843.178134
2455843.198567
2455843.219000
2455843.239433
2455843.259866
2455843.280300
2455843.300733
2455843.321166
2455843.341599
2455843.362032
2455843.382465
2455843.402899
2455843.423332
2455843.443765
2455843.464198
2455843.484631
2455843.505064
2455843.525498
2455843.545931
2455843.566364
2455843.586797
2455843.607230
2455843.627663
2455843.648096
2455843.668530
2455843.688963
2455843.709396
2455843.729829
2455843.750262
2455843.770695
2455843.791128
2455843.811562
2455843.831995
2455843.852428
2455843.872861
2455843.893294
2455843.913727
2455843.934160
2455843.954594
2455843.975027
2455843.995460
2455844.015893
2455844.036326
2455844.056759
2455844.077193
2455844.097626
2455844.118059
2455844.138492
2455844.158925
2455844.179358
2455844.199791
2455844.220225
2455844.240658
2455844.261091
2455844.281524
2455844.301957
2455844.322390
2455844.342823
2455844.363257
2455844.383690
2455844.404123
2455844.424556
2455844.444989
2455844.465422
2455844.485856
2455844.506289
2455844.526722
2455844.547155
2455844.567588
2455844.588021
2455844.608454
2455844.628887
2455844.649321
2455844.669754
2455844.690187
2455844.710620
2455844.731053
2455844.751486
2455844.771920
2455844.792353
2455844.812786
2455844.833219
2455844.853652
2455844.874085
2455844.894518
2455844.914951
2455844.935385
2455844.955818
2455844.976251
2455844.996684
2455845.017117
2455845.037550
2455845.057984
2455845.078417
2455845.098850
2455845.119283
2455845.139716
2455845.160149
2455845.180582
2455845.201016
2455845.221449
2455845.241882
2455845.262315
2455845.282748
2455845.303181
2455845.323614
2455845.344047
2455845.364481
2455845.384914
2455845.405347
2455845.425780
2455845.446213
2455845.466646
2455845.487079
2455845.507513
2455845.527946
2455845.548379
2455845.568812
2455845.589245
2455845.609678
2455845.630111
2455845.650545
2455845.670978
2455845.691411
2455845.711844
2455845.732277
2455845.752710
2455845.773143
2455845.793577
2455845.814010
2455845.834443
2455845.854876
2455845.875309
2455845.895742
2455845.916175
2455845.936608
2455845.957042
2455845.977475
2455845.997908
2455846.018341
2455846.038774
2455846.059207
2455846.079640
2455846.100074
2455846.120507
2455846.140940
2455846.161373
2455846.181806
2455846.202239
2455846.222672
2455846.243106
2455846.263539
2455846.283972
2455846.304405
2455846.324838
2455846.345271
2455846.365704
2455846.386137
2455846.406571
2455846.427004
2455846.447437
2455846.467870
2455846.488303
2455846.508736
2455846.529169
2455846.549602
2455846.570036
2455846.590469
2455846.610902
2455846.631335
2455846.651768
2455846.672201
2455846.692634
2455846.713067
2455846.733501
2455846.753934
2455846.774367
2455846.794800
2455846.815233
2455846.835666
2455846.856099
2455846.876533
2455846.896966
2455846.917399
2455846.937832
2455846.958265
2455846.978698
2455846.999131
2455847.019564
2455847.039998
2455847.060431
2455847.080864
2455847.101297
2455847.121730
2455847.142163
2455847.162596
2455847.183029
2455847.203463
2455847.223896
2455847.244329
2455847.264762
2455847.285195
2455847.305628
2455847.326061
2455847.346494
2455847.366928
2455847.387361
2455847.407794
2455847.428227
2455847.448660
2455847.469093
2455847.489526
2455847.509959
2455847.530393
2455847.550826
2455847.571259
2455847.591692
2455847.612125
2455847.632558
2455847.652991
2455847.673425
2455847.693858
2455847.714291
2455847.734724
2455847.755157
2455847.775590
2455847.796023
2455847.816456
2455847.836889
2455847.857323
2455847.877756
2455847.898189
2455847.918622
2455847.939055
2455847.959488
2455847.979921
2455848.000354
2455848.020788
2455848.041221
2455848.061654
2455848.082087
2455848.102520
2455848.122953
2455848.143386
2455848.163819
2455848.184253
2455848.204686
2455848.225119
2455848.245552
2455848.265985
2455848.286418
2455848.306851
2455848.327284
2455848.347717
2455848.368151
2455848.388584
2455848.409017
2455848.429450
2455848.449883
2455848.470316
2455848.490749
2455848.511182
2455848.531616
2455848.552049
2455848.572482
2455848.592915
2455848.613348
2455848.633781
2455848.654214
2455848.674647
2455848.695081
2455848.715514
2455848.735947
2455848.756380
2455848.776813
2455848.797246
2455848.817679
2455848.838112
2455848.858545
2455848.878979
2455848.899412
2455848.919845
2455848.940278
2455848.960711
2455848.981144
2455849.001577
2455849.022010
2455849.042443
2455849.062877
2455849.083310
2455849.103743
2455849.124176
2455849.144609
2455849.165042
2455849.185475
2455849.205908
2455849.226341
2455849.246775
2455849.267208
2455849.287641
2455849.308074
2455849.328507
2455849.348940
2455849.369373
2455849.389806
2455849.410239
2455849.430673
2455849.451106
2455849.471539
2455849.491972
2455849.512405
2455849.532838
2455849.553271
2455849.573704
2455849.594138
2455849.614571
2455849.635004
2455849.655437
2455849.675870
2455849.696303
2455849.716736
2455849.737169
2455849.757602
2455849.778035
2455849.798469
2455849.818902
2455849.839335
2455849.859768
2455849.880201
2455849.900634
2455849.921067
2455849.941500
2455849.961933
2455849.982366
2455850.002800
2455850.023233
2455850.043666
2455850.064099
2455850.084532
2455850.104965
2455850.125398
2455850.145831
2455850.166265
2455850.186698
2455850.207131
2455850.227564
2455850.247997
2455850.268430
2455850.288863
2455850.309296
2455850.329729
2455850.350162
2455850.370596
2455850.391029
2455850.411462
2455850.431895
2455850.452328
2455850.472761
2455850.493194
2455850.513627
2455850.534060
2455850.554493
2455850.574927
2455850.595360
2455850.615793
2455850.636226
2455850.656659
2455850.677092
2455850.697525
2455850.717958
2455850.738391
2455850.758825
2455850.779258
2455850.799691
2455850.820124
2455850.840557
2455850.860990
2455850.881423
2455850.901856
2455850.922289
2455850.942722
2455850.963156
2455850.983589
2455851.004022
2455851.024455
2455851.044888
2455851.065321
2455851.085754
2455851.106187
2455851.126620
2455851.147053
2455851.167487
2455851.187920
2455851.208353
2455851.228786
2455851.249219
2455851.269652
2455851.290085
2455851.310518
2455851.330951
2455851.351384
2455851.371818
2455851.392251
2455851.412684
2455851.433117
2455851.453550
2455851.473983
2455851.494416
2455851.514849
2455851.535282
2455851.555715
2455851.576148
2455851.596582
2455851.617015
2455851.637448
2455851.657881
2455851.678314
2455851.698747
2455851.719180
2455851.739613
2455851.760046
2455851.780480
2455851.800913
2455851.821346
2455851.841779
2455851.862212
2455851.882645
2455851.903078
2455851.923511
2455851.943944
2455851.964377
2455851.984811
2455852.005244
2455852.025677
2455852.046110
2455852.066543
2455852.086976
2455852.107409
2455852.127842
2455852.148275
2455852.168708
2455852.189141
2455852.209574
2455852.230008
2455852.250441
2455852.270874
2455852.291307
2455852.311740
2455852.332173
2455852.352606
2455852.373039
2455852.393472
2455852.413905
2455852.434338
2455852.454772
2455852.475205
2455852.495638
2455852.516071
2455852.536504
2455852.556937
2455852.577370
2455852.597803
2455852.618236
2455852.638669
2455852.659102
2455852.679536
2455852.699969
2455852.720402
2455852.740835
2455852.761268
2455852.781701
2455852.802134
2455852.822567
2455852.843000
2455852.863433
2455852.883867
2455852.904300
2455852.924733
2455852.945166
2455852.965599
2455852.986032
2455853.006465
2455853.026898
2455853.047331
2455853.067764
2455853.088197
2455853.108630
2455853.129064
2455853.149497
2455853.169930
2455853.190363
2455853.210796
2455853.231229
2455853.251662
2455853.272095
2455853.292528
2455853.312961
2455853.333394
2455853.353828
2455853.374261
2455853.394694
2455853.415127
2455853.435560
2455853.455993
2455853.476426
2455853.496859
2455853.517292
2455853.537725
2455853.558158
2455853.578591
2455853.599025
2455853.619458
2455853.639891
2455853.660324
2455853.680757
2455853.701190
2455853.721623
2455853.742056
2455853.762489
2455853.782922
2455853.803355
2455853.823788
2455853.844222
2455853.864655
2455853.885088
2455853.905521
2455853.925954
2455853.946387
2455853.966820
2455853.987253
2455854.007686
2455854.028119
2455854.048552
2455854.068985
2455854.089419
2455854.109852
2455854.130285
2455854.150718
2455854.171151
2455854.191584
2455854.212017
2455854.232450
2455854.252883
2455854.273316
2455854.293749
2455854.314182
2455854.334616
2455854.355049
2455854.375482
2455854.395915
2455854.416348
2455854.436781
2455854.457214
2455854.477647
2455854.498080
2455854.518513
2455854.538946
2455854.559379
2455854.579812
2455854.600246
2455854.620679
2455854.641112
2455854.661545
2455854.681978
2455854.702411
2455854.722844
2455854.743277
2455854.763710
2455854.784143
2455854.804576
2455854.825009
2455854.845443
2455854.865876
2455854.886309
2455854.906742
2455854.927175
2455854.947608
2455854.968041
2455854.988474
2455855.008907
2455855.029340
2455855.049773
2455855.070206
2455855.090639
2455855.111072
2455855.131506
2455855.151939
2455855.172372
2455855.192805
2455855.213238
2455855.233671
2455855.254104
2455855.274537
2455855.294970
2455855.315403
2455855.335836
2455855.356269
2455855.376702
2455855.397136
2455855.417569
2455855.438002
2455855.458435
2455855.478868
2455855.499301
2455855.519734
2455855.540167
2455855.560600
2455855.581033
2455855.601466
2455855.621899
2455855.642332
2455855.662766
2455855.683199
2455855.703632
2455855.724065
2455855.744498
2455855.764931
2455855.785364
2455855.805797
2455855.826230
2455855.846663
2455855.867096
2455855.887529
2455855.907962
2455855.928396
2455855.948829
2455855.969262
2455855.989695
2455856.010128
2455856.030561
2455856.050994
2455856.071427
2455856.091860
2455856.112293
2455856.132726
2455856.153159
2455856.173592
2455856.194025
2455856.214458
2455856.234892
2455856.255325
2455856.275758
2455856.296191
2455856.316624
2455856.337057
2455856.357490
2455856.377923
2455856.398356
2455856.418789
2455856.439222
2455856.459655
2455856.480088
2455856.500521
2455856.520955
2455856.541388
2455856.561821
2455856.582254
2455856.602687
2455856.623120
2455856.643553
2455856.663986
2455856.684419
2455856.704852
2455856.725285
2455856.745718
2455856.766151
2455856.786584
2455856.807017
2455856.827451
2455856.847884
2455856.868317
2455856.888750
2455856.909183
2455856.929616
2455856.950049
2455856.970482
2455856.990915
2455857.011348
2455857.031781
2455857.052214
2455857.072647
2455857.093080
2455857.113514
2455857.133947
2455857.154380
2455857.174813
2455857.195246
2455857.215679
2455857.236112
2455857.256545
2455857.276978
2455857.297411
2455857.317844
2455857.338277
2455857.358710
2455857.379143
2455857.399576
2455857.420009
2455857.440442
2455857.460876
2455857.481309
2455857.501742
2455857.522175
2455857.542608
2455857.563041
2455857.583474
2455857.603907
2455857.624340
2455857.644773
2455857.665206
2455857.685639
2455857.706072
2455857.726505
2455857.746938
2455857.767371
2455857.787804
2455857.808238
2455857.828671
2455857.849104
2455857.869537
2455857.889970
2455857.910403
2455857.930836
2455857.951269
2455857.971702
2455857.992135
2455858.012568
2455858.033001
2455858.053434
2455858.073867
2455858.094300
2455858.114733
2455858.135167
2455858.155600
2455858.176033
2455858.196466
2455858.216899
2455858.237332
2455858.257765
2455858.278198
2455858.298631
2455858.319064
2455858.339497
2455858.359930
2455858.380363
2455858.400796
2455858.421229
2455858.441662
2455858.462096
2455858.482529
2455858.502962
2455858.523395
2455858.543828
2455858.564261
2455858.584694
2455858.605127
2455858.625560
2455858.645993
2455858.666426
2455858.686859
2455858.707292
2455858.727725
2455858.748158
2455858.768591
2455858.789024
2455858.809457
2455858.829891
2455858.850324
2455858.870757
2455858.891190
2455858.911623
2455858.932056
2455858.952489
2455858.972922
2455858.993355
2455859.013788
2455859.034221
2455859.054654
2455859.075087
2455859.095520
2455859.115953
2455859.136386
2455859.156819
2455859.177253
2455859.197685
2455859.218119
2455859.238552
2455859.258985
2455859.279418
2455859.299851
2455859.320284
2455859.340717
2455859.361150
2455859.381583
2455859.402016
2455859.422449
2455859.442882
2455859.463315
2455859.483748
2455859.504181
2455859.524614
2455859.545047
2455859.565480
2455859.585913
2455859.606347
2455859.626780
2455859.647213
2455859.667646
2455859.688079
2455859.708512
2455859.728945
2455859.749378
2455859.769811
2455859.790244
2455859.810677
2455859.831110
2455859.851543
2455859.871976
2455859.892409
2455859.912842
2455859.933275
2455859.953708
2455859.974141
2455859.994574
2455860.015008
2455860.035441
2455860.055874
2455860.076307
2455860.096740
2455860.117173
2455860.137606
2455860.158039
2455860.178472
2455860.198905
2455860.219338
2455860.239771
2455860.260204
2455860.280637
2455860.301070
2455860.321503
2455860.341936
2455860.362369
2455860.382802
2455860.403235
2455860.423669
2455860.444102
2455860.464535
2455860.484968
2455860.505401
2455860.525834
2455860.546267
2455860.566700
2455860.587133
2455860.607566
2455860.627999
2455860.648432
2455860.668865
2455860.689298
2455860.709731
2455860.730164
2455860.750597
2455860.771030
2455860.791463
2455860.811896
2455860.832329
2455860.852762
2455860.873196
2455860.893629
2455860.914062
2455860.934495
2455860.954928
2455860.975361
2455860.995794
2455861.016227
2455861.036660
2455861.057093
2455861.077526
2455861.097959
2455861.118392
2455861.138825
2455861.159258
2455861.179691
2455861.200124
2455861.220557
2455861.240990
2455861.261423
2455861.281856
2455861.302289
2455861.322723
2455861.343156
2455861.363589
2455861.384022
2455861.404455
2455861.424888
2455861.445321
2455861.465754
2455861.486187
2455861.506620
2455861.527053
2455861.547486
2455861.567919
2455861.588352
2455861.608785
2455861.629218
2455861.649651
2455861.670084
2455861.690517
2455861.710950
2455861.731383
2455861.751816
2455861.772249
2455861.792683
2455861.813116
2455861.833549
2455861.853982
2455861.874415
2455861.894848
2455861.915281
2455861.935714
2455861.956147
2455861.976580
2455861.997013
2455862.017446
2455862.037879
2455862.058312
2455862.078745
2455862.099178
2455862.119611
2455862.140044
2455862.160477
2455862.180910
2455862.201343
2455862.221776
2455862.242209
2455862.262642
2455862.283075
2455862.303508
2455862.323942
2455862.344375
2455862.364808
2455862.385241
2455862.405674
2455862.426107
2455862.446540
2455862.466973
2455862.487406
2455862.507839
2455862.528272
2455862.548705
2455862.569138
2455862.589571
2455862.610004
2455862.630437
2455862.650870
2455862.671303
2455862.691736
2455862.712169
2455862.732602
2455862.753035
2455862.773468
2455862.793901
2455862.814334
2455862.834767
2455862.855200
2455862.875633
2455862.896067
2455862.916500
2455862.936933
2455862.957366
2455862.977799
2455862.998232
2455863.018665
2455863.039098
2455863.059531
2455863.079964
2455863.100397
2455863.120830
2455863.141263
2455863.161696
2455863.182129
2455863.202562
2455863.222995
2455863.243428
2455863.263861
2455863.284294
2455863.304727
2455863.325160
2455863.345593
2455863.366026
2455863.386459
2455863.406892
2455863.427326
2455863.447758
2455863.468192
2455863.488625
2455863.509058
2455863.529491
2455863.549924
2455863.570357
2455863.590790
2455863.611223
2455863.631656
2455863.652089
2455863.672522
2455863.692955
2455863.713388
2455863.733821
2455863.754254
2455863.774687
2455863.795120
2455863.815553
2455863.835986
2455863.856419
2455863.876852
2455863.897285
2455863.917718
2455863.938151
2455863.958584
2455863.979017
2455863.999450
2455864.019883
2455864.040316
2455864.060749
2455864.081182
2455864.101616
2455864.122049
2455864.142481
2455864.162915
2455864.183348
2455864.203781
2455864.224214
2455864.244647
2455864.265080
2455864.285513
2455864.305946
2455864.326379
2455864.346812
2455864.367245
2455864.387678
2455864.408111
2455864.428544
2455864.448977
2455864.469410
2455864.489843
2455864.510276
2455864.530709
2455864.551142
2455864.571575
2455864.592008
2455864.612441
2455864.632874
2455864.653307
2455864.673740
2455864.694173
2455864.714606
2455864.735039
2455864.755472
2455864.775906
2455864.796338
2455864.816771
2455864.837205
2455864.857637
2455864.878071
2455864.898504
2455864.918937
2455864.939370
2455864.959803
2455864.980236
2455865.000669
2455865.021102
2455865.041535
2455865.061968
2455865.082401
2455865.102834
2455865.123267
2455865.143700
2455865.164133
2455865.184566
2455865.204999
2455865.225432
2455865.245865
2455865.266298
           NaN
           NaN
           NaN
           NaN
           NaN
           NaN
           NaN
           NaN
           NaN
           NaN
           NaN
           NaN
           NaN
           NaN
           NaN
           NaN
           NaN
           NaN
           NaN
           NaN
           NaN
           NaN
           NaN
           NaN
           NaN
           NaN
           NaN
           NaN
           NaN
           NaN
           NaN
           NaN
           NaN
           NaN
           NaN
           NaN
           NaN
2455866.042753
2455866.063186
2455866.083619
2455866.104052
2455866.124485
2455866.144918
2455866.165351
2455866.185784
2455866.206217
2455866.226650
2455866.247083
2455866.267516
2455866.287949
2455866.308382
2455866.328815
2455866.349248
2455866.369681
2455866.390114
2455866.410547
2455866.430980
2455866.451413
2455866.471846
2455866.492279
2455866.512712
2455866.533145
2455866.553578
2455866.574011
2455866.594444
2455866.614878
2455866.635311
2455866.655744
2455866.676177
2455866.696610
2455866.717043
2455866.737476
2455866.757909
2455866.778342
2455866.798775
2455866.819208
2455866.839641
2455866.860074
2455866.880507
2455866.900940
2455866.921373
2455866.941806
2455866.962239
2455866.982672
2455867.003105
2455867.023538
2455867.043971
2455867.064404
2455867.084837
2455867.105270
2455867.125703
2455867.146136
2455867.166569
2455867.187002
2455867.207435
2455867.227868
2455867.248301
2455867.268734
2455867.289167
2455867.309600
2455867.330033
2455867.350466
2455867.370899
2455867.391332
2455867.411765
2455867.432198
2455867.452631
2455867.473064
2455867.493497
2455867.513930
2455867.534363
2455867.554796
2455867.575229
2455867.595662
2455867.616095
2455867.636528
2455867.656961
2455867.677394
2455867.697827
2455867.718261
2455867.738694
2455867.759127
2455867.779560
2455867.799993
2455867.820426
2455867.840859
2455867.861292
2455867.881725
2455867.902158
2455867.922591
2455867.943024
2455867.963457
2455867.983890
2455868.004323
2455868.024756
2455868.045189
2455868.065622
2455868.086055
2455868.106488
2455868.126921
2455868.147354
2455868.167787
2455868.188220
2455868.208653
2455868.229086
2455868.249519
2455868.269952
2455868.290385
2455868.310818
2455868.331251
2455868.351684
2455868.372117
2455868.392550
2455868.412983
2455868.433416
2455868.453849
2455868.474282
2455868.494715
2455868.515148
2455868.535581
2455868.556014
2455868.576447
2455868.596880
2455868.617313
2455868.637746
2455868.658179
2455868.678612
2455868.699045
2455868.719478
2455868.739911
2455868.760344
2455868.780777
2455868.801210
2455868.821643
2455868.842076
2455868.862509
2455868.882942
2455868.903375
2455868.923808
2455868.944241
2455868.964674
2455868.985107
2455869.005540
2455869.025973
2455869.046406
2455869.066839
2455869.087272
2455869.107705
2455869.128138
2455869.148571
2455869.169004
2455869.189437
2455869.209870
2455869.230303
2455869.250736
2455869.271169
2455869.291602
2455869.312035
2455869.332468
2455869.352902
2455869.373335
2455869.393767
2455869.414201
2455869.434634
2455869.455066
2455869.475500
2455869.495933
2455869.516365
2455869.536799
2455869.557232
2455869.577665
2455869.598098
2455869.618531
2455869.638964
2455869.659397
2455869.679830
2455869.700263
2455869.720696
2455869.741129
2455869.761562
2455869.781995
2455869.802428
2455869.822861
2455869.843294
2455869.863727
2455869.884160
2455869.904593
2455869.925026
2455869.945459
2455869.965892
2455869.986325
2455870.006758
2455870.027191
2455870.047624
2455870.068057
2455870.088490
2455870.108923
2455870.129356
2455870.149789
2455870.170222
2455870.190655
2455870.211088
2455870.231521
2455870.251954
2455870.272387
2455870.292820
2455870.313253
2455870.333686
2455870.354119
2455870.374552
2455870.394985
2455870.415418
2455870.435851
2455870.456284
2455870.476717
2455870.497150
2455870.517583
2455870.538016
2455870.558449
2455870.578882
2455870.599315
2455870.619748
2455870.640181
2455870.660614
2455870.681047
2455870.701480
2455870.721913
2455870.742346
2455870.762779
2455870.783212
2455870.803645
2455870.824078
2455870.844511
2455870.864944
2455870.885377
2455870.905810
2455870.926243
2455870.946676
2455870.967109
2455870.987542
2455871.007975
2455871.028408
2455871.048841
2455871.069274
2455871.089707
2455871.110140
2455871.130573
2455871.151006
2455871.171439
2455871.191872
2455871.212305
2455871.232738
2455871.253171
2455871.273604
2455871.294037
2455871.314470
2455871.334903
2455871.355336
2455871.375769
2455871.396202
2455871.416635
2455871.437068
2455871.457501
2455871.477934
2455871.498367
2455871.518800
2455871.539233
2455871.559666
2455871.580099
2455871.600532
2455871.620965
2455871.641398
2455871.661831
2455871.682264
2455871.702697
2455871.723130
2455871.743563
2455871.763996
2455871.784429
2455871.804862
2455871.825295
2455871.845728
2455871.866161
2455871.886594
2455871.907027
2455871.927460
2455871.947893
2455871.968326
2455871.988759
2455872.009192
2455872.029625
2455872.050058
2455872.070491
2455872.090924
2455872.111357
2455872.131790
2455872.152223
2455872.172656
2455872.193089
2455872.213522
2455872.233955
2455872.254388
2455872.274821
2455872.295254
2455872.315687
2455872.336120
2455872.356553
2455872.376986
2455872.397419
2455872.417852
2455872.438285
2455872.458718
2455872.479151
2455872.499584
2455872.520017
2455872.540450
2455872.560883
2455872.581316
2455872.601749
2455872.622182
2455872.642615
2455872.663048
2455872.683481
2455872.703914
2455872.724347
2455872.744780
2455872.765213
2455872.785646
2455872.806079
2455872.826512
2455872.846945
2455872.867378
2455872.887811
2455872.908244
2455872.928677
2455872.949110
2455872.969543
2455872.989976
2455873.010409
2455873.030842
2455873.051275
2455873.071708
2455873.092141
2455873.112574
2455873.133007
2455873.153440
2455873.173873
2455873.194306
2455873.214739
2455873.235172
2455873.255605
2455873.276038
2455873.296471
2455873.316904
2455873.337337
2455873.357770
2455873.378203
2455873.398636
2455873.419069
2455873.439502
2455873.459935
2455873.480368
2455873.500801
2455873.521234
2455873.541667
2455873.562100
2455873.582533
2455873.602966
2455873.623399
2455873.643832
2455873.664265
2455873.684698
2455873.705131
2455873.725564
2455873.745997
2455873.766430
2455873.786863
2455873.807296
2455873.827729
2455873.848162
2455873.868595
2455873.889028
2455873.909461
2455873.929894
2455873.950327
2455873.970760
2455873.991193
2455874.011626
2455874.032059
2455874.052492
2455874.072925
2455874.093358
2455874.113791
2455874.134224
2455874.154657
2455874.175090
2455874.195523
2455874.215956
2455874.236389
2455874.256822
2455874.277255
2455874.297688
2455874.318121
2455874.338554
2455874.358987
2455874.379420
2455874.399853
2455874.420286
2455874.440719
2455874.461152
2455874.481585
2455874.502018
2455874.522451
2455874.542884
2455874.563317
2455874.583750
2455874.604183
2455874.624616
2455874.645049
2455874.665482
2455874.685915
2455874.706348
2455874.726781
2455874.747214
2455874.767647
2455874.788080
2455874.808513
2455874.828946
2455874.849379
2455874.869812
2455874.890245
2455874.910678
2455874.931111
2455874.951544
2455874.971977
2455874.992410
2455875.012843
2455875.033275
2455875.053709
2455875.074142
2455875.094574
2455875.115008
2455875.135441
2455875.155873
2455875.176306
2455875.196739
2455875.217172
2455875.237605
2455875.258038
2455875.278471
2455875.298904
2455875.319337
2455875.339770
2455875.360203
2455875.380636
2455875.401069
2455875.421502
2455875.441935
2455875.462368
2455875.482801
2455875.503234
2455875.523667
2455875.544100
2455875.564533
2455875.584966
2455875.605399
2455875.625832
2455875.646265
2455875.666698
2455875.687131
2455875.707564
2455875.727997
2455875.748430
2455875.768863
2455875.789296
2455875.809729
2455875.830162
2455875.850595
2455875.871028
2455875.891461
2455875.911894
2455875.932327
2455875.952760
2455875.973193
2455875.993626
2455876.014059
2455876.034492
2455876.054925
2455876.075358
2455876.095791
2455876.116224
2455876.136657
2455876.157090
2455876.177523
2455876.197956
2455876.218389
2455876.238822
2455876.259255
2455876.279688
2455876.300121
2455876.320554
2455876.340987
2455876.361420
2455876.381853
2455876.402286
2455876.422719
2455876.443152
2455876.463585
2455876.484018
2455876.504451
2455876.524884
2455876.545317
2455876.565750
2455876.586183
2455876.606616
2455876.627049
2455876.647482
2455876.667915
2455876.688348
2455876.708781
2455876.729214
2455876.749647
2455876.770080
2455876.790513
2455876.810946
2455876.831379
2455876.851812
2455876.872245
2455876.892678
2455876.913111
2455876.933544
2455876.953977
2455876.974410
2455876.994843
2455877.015276
2455877.035708
2455877.056141
2455877.076575
2455877.097008
2455877.117440
2455877.137873
2455877.158306
2455877.178739
2455877.199172
2455877.219605
2455877.240038
2455877.260471
2455877.280904
2455877.301337
2455877.321770
2455877.342203
2455877.362636
2455877.383069
2455877.403502
2455877.423935
2455877.444368
2455877.464801
2455877.485234
2455877.505667
2455877.526100
2455877.546533
2455877.566966
2455877.587399
2455877.607832
2455877.628265
2455877.648698
2455877.669131
2455877.689564
2455877.709997
2455877.730430
2455877.750863
2455877.771296
2455877.791729
2455877.812162
2455877.832595
2455877.853028
2455877.873461
2455877.893894
2455877.914327
2455877.934760
2455877.955193
2455877.975626
2455877.996059
2455878.016492
2455878.036925
2455878.057358
2455878.077791
2455878.098224
2455878.118657
2455878.139090
2455878.159523
2455878.179956
2455878.200389
2455878.220822
2455878.241255
2455878.261688
2455878.282121
2455878.302554
2455878.322987
2455878.343420
2455878.363853
2455878.384286
2455878.404719
2455878.425152
2455878.445585
2455878.466017
2455878.486451
2455878.506883
2455878.527316
2455878.547749
2455878.568182
2455878.588615
2455878.609048
2455878.629481
2455878.649914
2455878.670347
2455878.690780
2455878.711213
2455878.731646
2455878.752079
2455878.772512
2455878.792945
2455878.813378
2455878.833811
2455878.854244
2455878.874677
2455878.895110
2455878.915543
2455878.935976
2455878.956409
2455878.976842
2455878.997275
2455879.017708
2455879.038141
2455879.058574
2455879.079007
2455879.099440
2455879.119873
2455879.140306
2455879.160739
2455879.181172
2455879.201605
2455879.222038
2455879.242471
2455879.262904
2455879.283337
2455879.303770
2455879.324203
2455879.344636
2455879.365069
2455879.385502
2455879.405935
2455879.426368
2455879.446801
2455879.467234
2455879.487667
2455879.508100
2455879.528533
2455879.548966
2455879.569399
2455879.589832
2455879.610265
2455879.630698
2455879.651131
2455879.671564
2455879.691996
2455879.712430
2455879.732863
2455879.753295
2455879.773728
2455879.794161
2455879.814594
2455879.835027
2455879.855460
2455879.875893
2455879.896326
2455879.916759
2455879.937192
2455879.957625
2455879.978058
2455879.998491
2455880.018924
2455880.039357
2455880.059790
2455880.080223
2455880.100656
2455880.121089
2455880.141522
2455880.161955
2455880.182388
2455880.202821
2455880.223254
2455880.243687
2455880.264120
2455880.284553
2455880.304986
2455880.325419
2455880.345852
2455880.366285
2455880.386718
2455880.407151
2455880.427584
2455880.448017
2455880.468450
2455880.488883
2455880.509316
2455880.529749
2455880.550182
2455880.570615
2455880.591048
2455880.611481
2455880.631914
2455880.652347
2455880.672780
2455880.693213
2455880.713645
2455880.734079
2455880.754512
2455880.774945
2455880.795377
2455880.815810
2455880.836244
2455880.856676
2455880.877109
2455880.897542
2455880.917975
2455880.938408
2455880.958841
2455880.979274
2455880.999707
2455881.020140
2455881.040573
2455881.061006
2455881.081439
2455881.101872
2455881.122305
2455881.142738
2455881.163171
2455881.183604
2455881.204037
2455881.224470
2455881.244903
2455881.265336
2455881.285769
2455881.306202
2455881.326635
2455881.347068
2455881.367501
2455881.387934
2455881.408367
2455881.428800
2455881.449233
2455881.469666
2455881.490099
2455881.510532
2455881.530965
2455881.551398
2455881.571831
2455881.592264
2455881.612697
2455881.633130
2455881.653563
2455881.673996
2455881.694429
2455881.714862
2455881.735295
2455881.755728
2455881.776160
2455881.796594
2455881.817026
2455881.837459
2455881.857892
2455881.878325
2455881.898758
2455881.919191
2455881.939624
2455881.960057
2455881.980490
2455882.000923
2455882.021356
2455882.041789
2455882.062222
2455882.082655
2455882.103088
2455882.123521
2455882.143954
2455882.164387
2455882.184820
2455882.205253
2455882.225686
2455882.246119
2455882.266552
2455882.286985
2455882.307418
2455882.327851
2455882.348284
2455882.368717
2455882.389150
2455882.409583
2455882.430016
2455882.450449
2455882.470882
2455882.491315
2455882.511748
2455882.532181
2455882.552614
2455882.573047
2455882.593480
2455882.613913
2455882.634346
2455882.654779
2455882.675212
2455882.695645
2455882.716078
2455882.736511
2455882.756944
2455882.777376
2455882.797809
2455882.818242
2455882.838675
2455882.859108
2455882.879541
2455882.899974
2455882.920407
2455882.940840
2455882.961273
2455882.981706
2455883.002139
2455883.022572
2455883.043005
2455883.063438
2455883.083871
2455883.104304
2455883.124737
2455883.145170
2455883.165603
2455883.186036
2455883.206469
2455883.226902
2455883.247335
2455883.267768
2455883.288201
2455883.308634
2455883.329067
2455883.349500
2455883.369933
2455883.390366
2455883.410799
2455883.431232
2455883.451665
2455883.472098
2455883.492531
2455883.512964
2455883.533397
2455883.553830
2455883.574263
2455883.594696
2455883.615129
2455883.635562
2455883.655994
2455883.676427
2455883.696860
2455883.717293
2455883.737726
2455883.758159
2455883.778592
2455883.799025
2455883.819458
2455883.839891
2455883.860324
2455883.880757
2455883.901190
2455883.921623
2455883.942056
2455883.962489
2455883.982922
2455884.003355
2455884.023788
2455884.044221
2455884.064654
2455884.085087
2455884.105520
2455884.125953
2455884.146386
2455884.166819
2455884.187252
2455884.207685
2455884.228118
2455884.248551
2455884.268984
2455884.289417
2455884.309850
2455884.330283
2455884.350716
2455884.371149
2455884.391582
2455884.412015
2455884.432448
2455884.452881
2455884.473314
2455884.493747
2455884.514180
2455884.534612
2455884.555045
2455884.575478
2455884.595911
2455884.616344
2455884.636777
2455884.657210
2455884.677643
2455884.698076
2455884.718509
2455884.738942
2455884.759375
2455884.779808
2455884.800241
2455884.820674
2455884.841107
2455884.861540
2455884.881973
2455884.902406
2455884.922839
2455884.943272
2455884.963705
2455884.984138
2455885.004571
2455885.025004
2455885.045437
2455885.065870
2455885.086303
2455885.106736
2455885.127169
2455885.147602
2455885.168035
2455885.188468
2455885.208901
2455885.229334
2455885.249767
2455885.270200
2455885.290633
2455885.311066
2455885.331499
2455885.351932
2455885.372365
2455885.392797
2455885.413230
2455885.433663
2455885.454096
2455885.474529
2455885.494962
2455885.515395
2455885.535828
2455885.556261
2455885.576694
2455885.597127
2455885.617560
2455885.637993
2455885.658426
2455885.678859
2455885.699292
2455885.719725
2455885.740158
2455885.760591
2455885.781024
2455885.801457
2455885.821890
2455885.842323
2455885.862756
2455885.883189
2455885.903622
2455885.924055
2455885.944488
2455885.964921
2455885.985354
2455886.005787
2455886.026220
2455886.046653
2455886.067086
2455886.087519
2455886.107952
2455886.128385
2455886.148818
2455886.169251
2455886.189683
2455886.210117
2455886.230550
2455886.250982
2455886.271415
2455886.291848
2455886.312281
2455886.332714
2455886.353147
2455886.373580
2455886.394013
2455886.414446
2455886.434879
2455886.455312
2455886.475745
2455886.496178
2455886.516611
2455886.537044
2455886.557477
2455886.577910
2455886.598343
2455886.618776
2455886.639209
2455886.659642
2455886.680075
2455886.700508
2455886.720941
2455886.741374
2455886.761807
2455886.782240
2455886.802673
2455886.823106
2455886.843539
2455886.863972
2455886.884405
2455886.904838
2455886.925271
2455886.945704
2455886.966137
2455886.986570
2455887.007003
2455887.027435
2455887.047869
2455887.068301
2455887.088734
2455887.109167
2455887.129600
2455887.150033
2455887.170466
2455887.190899
2455887.211332
2455887.231765
2455887.252198
2455887.272631
2455887.293064
2455887.313497
2455887.333930
2455887.354363
2455887.374796
2455887.395229
2455887.415662
2455887.436095
2455887.456528
2455887.476961
2455887.497394
2455887.517827
2455887.538260
2455887.558693
2455887.579126
2455887.599559
2455887.619992
2455887.640425
2455887.660858
2455887.681291
2455887.701724
2455887.722157
2455887.742590
2455887.763023
2455887.783456
2455887.803889
2455887.824322
2455887.844754
2455887.865187
2455887.885621
2455887.906053
2455887.926486
2455887.946919
2455887.967352
2455887.987785
2455888.008218
2455888.028651
2455888.049084
2455888.069517
2455888.089950
2455888.110383
2455888.130816
2455888.151249
2455888.171682
2455888.192115
2455888.212548
2455888.232981
2455888.253414
2455888.273847
2455888.294280
2455888.314713
2455888.335146
2455888.355579
2455888.376012
2455888.396445
2455888.416878
2455888.437311
2455888.457744
2455888.478177
2455888.498610
2455888.519043
2455888.539476
2455888.559909
2455888.580342
2455888.600775
2455888.621208
2455888.641640
2455888.662074
2455888.682507
2455888.702939
2455888.723372
2455888.743805
2455888.764238
2455888.784671
2455888.805104
2455888.825537
2455888.845970
2455888.866403
2455888.886836
2455888.907269
2455888.927702
2455888.948135
2455888.968568
2455888.989001
2455889.009434
2455889.029867
2455889.050300
2455889.070733
2455889.091166
2455889.111599
2455889.132032
2455889.152465
2455889.172898
2455889.193331
2455889.213764
2455889.234197
2455889.254630
2455889.275063
2455889.295496
2455889.315929
2455889.336362
2455889.356795
2455889.377228
2455889.397661
2455889.418094
2455889.438527
2455889.458960
2455889.479392
2455889.499826
2455889.520258
2455889.540691
2455889.561124
2455889.581557
2455889.601990
2455889.622423
2455889.642856
2455889.663289
2455889.683722
2455889.704155
2455889.724588
2455889.745021
2455889.765454
2455889.785887
2455889.806320
2455889.826753
2455889.847186
2455889.867619
2455889.888052
2455889.908485
2455889.928918
2455889.949351
2455889.969784
2455889.990217
2455890.010650
2455890.031083
2455890.051516
2455890.071949
2455890.092382
2455890.112815
2455890.133248
2455890.153681
2455890.174114
2455890.194547
2455890.214980
2455890.235413
2455890.255845
2455890.276279
2455890.296711
2455890.317144
2455890.337577
2455890.358010
2455890.378443
2455890.398876
2455890.419309
2455890.439742
2455890.460175
2455890.480608
2455890.501041
2455890.521474
2455890.541907
2455890.562340
2455890.582773
2455890.603206
2455890.623639
2455890.644072
2455890.664505
2455890.684938
2455890.705371
2455890.725804
2455890.746237
2455890.766670
2455890.787103
2455890.807536
2455890.827969
2455890.848402
2455890.868835
2455890.889268
2455890.909701
2455890.930134
2455890.950567
2455890.971000
2455890.991433
2455891.011866
2455891.032299
2455891.052732
2455891.073165
2455891.093597
2455891.114031
2455891.134463
2455891.154897
2455891.175329
2455891.195762
2455891.216195
2455891.236628
2455891.257061
2455891.277494
2455891.297927
2455891.318360
2455891.338793
2455891.359226
2455891.379659
2455891.400092
2455891.420525
2455891.440958
2455891.461391
2455891.481824
2455891.502257
2455891.522690
2455891.543123
2455891.563556
2455891.583989
2455891.604422
2455891.624855
2455891.645288
2455891.665721
2455891.686154
2455891.706587
2455891.727020
2455891.747453
2455891.767886
2455891.788319
2455891.808752
2455891.829185
2455891.849618
2455891.870051
2455891.890484
2455891.910917
2455891.931350
2455891.951783
2455891.972215
2455891.992649
2455892.013081
2455892.033514
2455892.053947
2455892.074380
2455892.094813
2455892.115246
2455892.135679
2455892.156112
2455892.176545
2455892.196978
2455892.217411
2455892.237844
2455892.258277
2455892.278710
2455892.299143
2455892.319576
2455892.340009
2455892.360442
2455892.380875
2455892.401308
2455892.421741
2455892.442174
2455892.462607
2455892.483040
2455892.503473
2455892.523906
2455892.544339
2455892.564772
2455892.585205
2455892.605638
2455892.626071
2455892.646504
2455892.666937
2455892.687370
2455892.707803
2455892.728236
2455892.748669
2455892.769102
2455892.789535
2455892.809967
2455892.830401
2455892.850833
2455892.871266
2455892.891699
2455892.912132
2455892.932565
2455892.952998
2455892.973431
2455892.993864
2455893.014297
2455893.034730
2455893.055163
2455893.075596
2455893.096029
2455893.116462
2455893.136895
2455893.157328
2455893.177761
2455893.198194
2455893.218627
2455893.239060
2455893.259493
2455893.279926
2455893.300359
2455893.320792
2455893.341225
2455893.361658
2455893.382091
2455893.402524
2455893.422957
2455893.443390
2455893.463823
2455893.484256
2455893.504689
2455893.525122
2455893.545555
2455893.565988
2455893.586421
2455893.606854
2455893.627287
2455893.647720
2455893.668153
2455893.688585
2455893.709019
2455893.729452
2455893.749884
2455893.770317
2455893.790750
2455893.811183
2455893.831616
2455893.852049
2455893.872482
2455893.892915
2455893.913348
2455893.933781
2455893.954214
2455893.974647
2455893.995080
2455894.015513
2455894.035946
2455894.056379
2455894.076812
2455894.097245
2455894.117678
2455894.138111
2455894.158544
2455894.178977
2455894.199410
2455894.219843
2455894.240276
2455894.260709
2455894.281142
2455894.301575
2455894.322008
2455894.342441
2455894.362874
2455894.383307
2455894.403740
2455894.424173
2455894.444606
2455894.465039
2455894.485472
2455894.505905
2455894.526338
2455894.546771
2455894.567204
2455894.587637
2455894.608070
2455894.628503
2455894.648935
2455894.669368
2455894.689801
2455894.710235
2455894.730667
2455894.751100
2455894.771533
2455894.791966
2455894.812399
2455894.832832
2455894.853265
2455894.873698
2455894.894131
2455894.914564
2455894.934997
2455894.955430
2455894.975863
2455894.996296
2455895.016729
2455895.037162
2455895.057595
2455895.078028
2455895.098461
2455895.118894
2455895.139327
2455895.159760
2455895.180193
2455895.200626
2455895.221059
2455895.241492
2455895.261925
2455895.282358
2455895.302791
2455895.323224
2455895.343657
2455895.364090
2455895.384523
2455895.404956
2455895.425389
2455895.445822
2455895.466255
2455895.486688
2455895.507121
2455895.527554
2455895.547987
2455895.568420
2455895.588852
2455895.609286
2455895.629718
2455895.650151
2455895.670584
2455895.691017
2455895.711450
2455895.731883
2455895.752316
2455895.772749
2455895.793182
2455895.813615
2455895.834048
2455895.854481
2455895.874914
2455895.895347
2455895.915780
2455895.936213
2455895.956646
2455895.977079
2455895.997512
2455896.017945
2455896.038378
2455896.058811
2455896.079244
2455896.099677
2455896.120110
2455896.140543
2455896.160976
2455896.181409
2455896.201842
2455896.222275
           NaN
           NaN
           NaN
           NaN
           NaN
           NaN
           NaN
           NaN
           NaN
           NaN
           NaN
           NaN
           NaN
           NaN
           NaN
           NaN
           NaN
           NaN
           NaN
           NaN
           NaN
           NaN
           NaN
           NaN
           NaN
           NaN
           NaN
           NaN
           NaN
           NaN
           NaN
           NaN
           NaN
           NaN
           NaN
           NaN
           NaN
           NaN
           NaN
           NaN
           NaN
           NaN
           NaN
2455897.121326
2455897.141759
2455897.162192
2455897.182625
2455897.203058
2455897.223491
2455897.243924
2455897.264357
2455897.284790
2455897.305223
2455897.325656
2455897.346089
2455897.366522
2455897.386955
2455897.407388
2455897.427821
2455897.448254
2455897.468687
2455897.489120
2455897.509553
2455897.529986
2455897.550419
2455897.570852
2455897.591285
2455897.611718
2455897.632151
2455897.652584
2455897.673017
2455897.693450
2455897.713883
2455897.734316
2455897.754749
2455897.775182
2455897.795614
2455897.816047
2455897.836481
2455897.856913
2455897.877346
2455897.897779
2455897.918212
2455897.938645
2455897.959078
2455897.979511
2455897.999944
2455898.020377
2455898.040810
2455898.061243
2455898.081676
2455898.102109
2455898.122542
2455898.142975
2455898.163408
2455898.183841
2455898.204274
2455898.224707
2455898.245140
2455898.265573
2455898.286006
2455898.306439
2455898.326872
2455898.347305
2455898.367738
2455898.388171
2455898.408604
2455898.429037
2455898.449470
2455898.469903
2455898.490336
2455898.510769
2455898.531202
2455898.551635
2455898.572068
2455898.592501
2455898.612934
2455898.633367
2455898.653800
2455898.674233
2455898.694666
2455898.715099
2455898.735532
2455898.755965
2455898.776398
2455898.796831
2455898.817264
2455898.837697
2455898.858130
2455898.878563
2455898.898996
2455898.919429
2455898.939861
2455898.960295
2455898.980728
2455899.001161
2455899.021594
2455899.042026
2455899.062460
2455899.082892
2455899.103325
2455899.123759
2455899.144191
2455899.164624
2455899.185057
2455899.205490
2455899.225923
2455899.246356
2455899.266789
2455899.287222
2455899.307655
2455899.328088
2455899.348521
2455899.368954
2455899.389387
2455899.409820
2455899.430253
2455899.450686
2455899.471119
2455899.491552
2455899.511985
2455899.532418
2455899.552851
2455899.573284
2455899.593717
2455899.614150
2455899.634583
2455899.655016
2455899.675449
2455899.695882
2455899.716315
2455899.736748
2455899.757181
2455899.777614
2455899.798047
2455899.818480
2455899.838913
2455899.859346
2455899.879779
2455899.900212
2455899.920645
2455899.941078
2455899.961511
2455899.981944
2455900.002377
2455900.022810
2455900.043243
2455900.063676
2455900.084109
2455900.104542
2455900.124975
2455900.145408
2455900.165841
2455900.186274
2455900.206707
2455900.227140
2455900.247573
2455900.268006
2455900.288439
2455900.308872
2455900.329305
2455900.349738
2455900.370171
2455900.390604
2455900.411037
2455900.431470
2455900.451903
2455900.472336
2455900.492769
2455900.513202
2455900.533635
2455900.554067
2455900.574501
2455900.594934
2455900.615366
2455900.635799
2455900.656232
2455900.676666
2455900.697098
2455900.717531
2455900.737965
2455900.758397
2455900.778830
2455900.799263
2455900.819696
2455900.840129
2455900.860562
2455900.880995
2455900.901428
2455900.921861
2455900.942294
2455900.962727
2455900.983160
2455901.003593
2455901.024026
2455901.044459
2455901.064892
2455901.085325
2455901.105758
2455901.126191
2455901.146624
2455901.167057
2455901.187490
2455901.207923
2455901.228356
2455901.248789
2455901.269222
2455901.289655
2455901.310088
2455901.330521
2455901.350954
2455901.371387
2455901.391820
2455901.412253
2455901.432686
2455901.453119
2455901.473552
2455901.493985
2455901.514418
2455901.534851
2455901.555284
2455901.575717
2455901.596150
2455901.616583
2455901.637016
2455901.657449
2455901.677882
2455901.698315
2455901.718748
2455901.739181
2455901.759614
2455901.780047
2455901.800480
2455901.820913
2455901.841346
2455901.861779
2455901.882212
2455901.902645
2455901.923078
2455901.943511
2455901.963944
2455901.984377
2455902.004810
2455902.025243
2455902.045676
2455902.066109
2455902.086542
2455902.106975
2455902.127408
2455902.147841
2455902.168274
2455902.188707
2455902.209140
2455902.229573
2455902.250006
2455902.270439
2455902.290872
2455902.311305
2455902.331738
2455902.352171
2455902.372604
2455902.393037
2455902.413470
2455902.433903
2455902.454336
2455902.474769
2455902.495202
2455902.515635
2455902.536068
2455902.556501
2455902.576934
2455902.597367
2455902.617800
2455902.638233
2455902.658666
2455902.679099
2455902.699532
2455902.719965
2455902.740398
2455902.760831
2455902.781264
2455902.801697
2455902.822130
2455902.842563
2455902.862996
2455902.883429
2455902.903862
2455902.924295
2455902.944728
2455902.965161
2455902.985594
2455903.006027
           NaN
           NaN
           NaN
           NaN
           NaN
           NaN
           NaN
           NaN
           NaN
           NaN
           NaN
           NaN
           NaN
           NaN
           NaN
           NaN
           NaN
           NaN
           NaN
           NaN
           NaN
           NaN
           NaN
           NaN
           NaN
           NaN
           NaN
           NaN
           NaN
           NaN
           NaN
           NaN
           NaN
           NaN
           NaN
           NaN
           NaN
           NaN
           NaN
           NaN
           NaN
           NaN
           NaN
           NaN
           NaN
           NaN
           NaN
           NaN
           NaN
           NaN
           NaN
           NaN
           NaN
           NaN
           NaN
           NaN
           NaN
           NaN
           NaN
           NaN
           NaN
           NaN
           NaN
           NaN
           NaN
           NaN
           NaN
           NaN
           NaN
           NaN
           NaN
           NaN
           NaN
           NaN
           NaN
           NaN
           NaN
           NaN
           NaN
           NaN
           NaN
           NaN
           NaN
           NaN
           NaN
           NaN
           NaN
           NaN
           NaN
           NaN
           NaN
           NaN
           NaN
           NaN
           NaN
           NaN
           NaN
           NaN
           NaN
           NaN
           NaN
           NaN
           NaN
           NaN
           NaN
           NaN
           NaN
           NaN
           NaN
           NaN
           NaN
           NaN
           NaN
           NaN
2455905.355797
2455905.376230
2455905.396663
2455905.417096
2455905.437529
2455905.457962
2455905.478395
2455905.498828
2455905.519261
2455905.539694
2455905.560127
2455905.580560
2455905.600993
2455905.621426
2455905.641859
2455905.662292
2455905.682725
2455905.703158
2455905.723591
2455905.744024
2455905.764457
2455905.784890
2455905.805323
2455905.825756
2455905.846189
2455905.866622
2455905.887055
2455905.907488
2455905.927921
2455905.948354
2455905.968787
2455905.989220
2455906.009653
2455906.030086
2455906.050519
2455906.070952
2455906.091385
2455906.111818
2455906.132251
2455906.152684
2455906.173117
2455906.193550
2455906.213983
2455906.234416
2455906.254849
2455906.275282
2455906.295715
2455906.316148
2455906.336581
2455906.357014
2455906.377447
2455906.397880
2455906.418313
2455906.438746
2455906.459179
2455906.479612
2455906.500045
2455906.520478
2455906.540911
2455906.561344
2455906.581777
2455906.602210
2455906.622643
2455906.643076
2455906.663509
2455906.683942
2455906.704375
2455906.724808
2455906.745241
2455906.765674
2455906.786107
2455906.806541
2455906.826974
2455906.847407
2455906.867840
2455906.888273
2455906.908706
2455906.929139
2455906.949572
2455906.970005
2455906.990438
2455907.010871
2455907.031304
2455907.051737
2455907.072170
2455907.092603
2455907.113036
2455907.133469
2455907.153902
2455907.174335
2455907.194768
2455907.215201
2455907.235634
2455907.256067
2455907.276500
2455907.296933
2455907.317366
2455907.337799
2455907.358232
2455907.378665
2455907.399098
2455907.419531
2455907.439964
2455907.460397
2455907.480830
2455907.501263
2455907.521696
2455907.542129
2455907.562562
2455907.582995
2455907.603428
2455907.623861
2455907.644294
2455907.664727
2455907.685160
2455907.705593
2455907.726026
2455907.746459
2455907.766892
2455907.787325
2455907.807758
2455907.828191
2455907.848624
2455907.869057
2455907.889490
2455907.909923
2455907.930356
2455907.950789
2455907.971222
2455907.991655
2455908.012088
2455908.032521
2455908.052954
2455908.073387
2455908.093820
2455908.114253
2455908.134686
2455908.155119
2455908.175552
2455908.195985
2455908.216418
2455908.236851
2455908.257284
2455908.277717
2455908.298150
2455908.318583
2455908.339016
2455908.359449
2455908.379882
2455908.400315
2455908.420748
2455908.441181
2455908.461614
2455908.482047
2455908.502480
2455908.522913
2455908.543346
2455908.563779
2455908.584212
2455908.604645
2455908.625078
2455908.645511
2455908.665944
2455908.686377
2455908.706810
2455908.727244
2455908.747676
2455908.768110
2455908.788543
2455908.808976
2455908.829409
2455908.849842
2455908.870275
2455908.890708
2455908.911141
2455908.931574
2455908.952007
2455908.972440
2455908.992873
2455909.013306
2455909.033739
2455909.054172
2455909.074605
2455909.095038
2455909.115471
2455909.135904
2455909.156337
2455909.176770
2455909.197203
2455909.217636
2455909.238069
2455909.258502
2455909.278935
2455909.299368
2455909.319801
2455909.340234
2455909.360667
2455909.381100
2455909.401533
2455909.421966
2455909.442399
2455909.462832
2455909.483265
2455909.503698
2455909.524131
2455909.544564
2455909.564997
2455909.585430
2455909.605863
2455909.626296
2455909.646729
2455909.667162
2455909.687595
2455909.708028
2455909.728461
2455909.748894
2455909.769327
2455909.789760
2455909.810193
2455909.830626
2455909.851059
2455909.871492
2455909.891925
2455909.912358
2455909.932791
2455909.953224
2455909.973657
2455909.994091
2455910.014524
2455910.034957
2455910.055390
2455910.075823
2455910.096256
2455910.116689
2455910.137122
2455910.157555
2455910.177988
2455910.198421
2455910.218854
2455910.239287
2455910.259720
2455910.280153
2455910.300586
2455910.321019
2455910.341452
2455910.361885
2455910.382318
2455910.402751
2455910.423184
2455910.443617
2455910.464050
2455910.484483
2455910.504916
2455910.525349
2455910.545782
2455910.566215
2455910.586648
2455910.607081
2455910.627514
2455910.647947
2455910.668380
2455910.688813
2455910.709246
2455910.729679
2455910.750112
2455910.770545
2455910.790978
2455910.811411
2455910.831844
2455910.852277
2455910.872710
2455910.893143
2455910.913576
2455910.934010
2455910.954442
2455910.974875
2455910.995309
2455911.015742
2455911.036175
2455911.056608
2455911.077041
2455911.097474
2455911.117907
2455911.138340
2455911.158773
2455911.179206
2455911.199639
2455911.220072
2455911.240505
2455911.260938
2455911.281371
2455911.301804
2455911.322237
2455911.342670
2455911.363103
2455911.383536
2455911.403969
2455911.424402
2455911.444835
2455911.465268
2455911.485701
2455911.506134
2455911.526567
2455911.547000
2455911.567433
2455911.587866
2455911.608299
2455911.628732
2455911.649165
2455911.669598
2455911.690031
2455911.710464
2455911.730897
2455911.751330
2455911.771764
2455911.792196
2455911.812630
2455911.833063
2455911.853496
2455911.873929
2455911.894362
2455911.914795
2455911.935228
2455911.955661
2455911.976094
2455911.996527
2455912.016960
2455912.037393
2455912.057826
2455912.078259
2455912.098692
2455912.119125
2455912.139558
2455912.159991
2455912.180424
2455912.200857
2455912.221290
2455912.241723
2455912.262156
2455912.282589
2455912.303022
2455912.323455
2455912.343888
2455912.364321
2455912.384754
2455912.405187
2455912.425620
2455912.446053
2455912.466486
2455912.486919
2455912.507352
2455912.527786
2455912.548219
2455912.568652
2455912.589085
2455912.609518
2455912.629951
2455912.650384
2455912.670817
2455912.691250
2455912.711683
2455912.732116
2455912.752549
2455912.772982
2455912.793415
2455912.813848
2455912.834281
2455912.854714
2455912.875147
2455912.895580
2455912.916013
2455912.936446
2455912.956879
2455912.977312
2455912.997745
2455913.018178
2455913.038611
2455913.059044
2455913.079477
2455913.099910
2455913.120343
2455913.140776
2455913.161210
2455913.181643
2455913.202076
2455913.222509
2455913.242942
2455913.263375
2455913.283808
2455913.304241
2455913.324674
2455913.345107
2455913.365540
2455913.385973
2455913.406406
2455913.426839
2455913.447272
2455913.467705
2455913.488138
2455913.508571
2455913.529004
2455913.549437
2455913.569870
2455913.590303
2455913.610736
2455913.631169
2455913.651602
2455913.672035
2455913.692468
2455913.712901
2455913.733334
2455913.753768
2455913.774201
2455913.794634
2455913.815067
2455913.835500
2455913.855933
2455913.876366
2455913.896799
2455913.917232
2455913.937665
2455913.958098
2455913.978531
2455913.998964
2455914.019397
2455914.039830
2455914.060263
2455914.080696
2455914.101129
2455914.121562
2455914.141995
2455914.162428
2455914.182861
2455914.203294
2455914.223727
2455914.244160
2455914.264593
2455914.285027
2455914.305459
2455914.325893
2455914.346326
2455914.366759
2455914.387192
2455914.407625
2455914.428058
2455914.448491
2455914.468924
2455914.489357
2455914.509790
2455914.530223
2455914.550656
2455914.571089
2455914.591522
2455914.611955
2455914.632388
2455914.652821
2455914.673254
2455914.693687
2455914.714120
2455914.734553
2455914.754986
2455914.775420
2455914.795853
2455914.816286
2455914.836719
2455914.857152
2455914.877585
2455914.898018
2455914.918451
2455914.938884
2455914.959317
2455914.979750
2455915.000183
2455915.020616
2455915.041049
2455915.061482
2455915.081915
2455915.102348
2455915.122781
2455915.143214
2455915.163647
2455915.184080
2455915.204513
2455915.224946
2455915.245379
2455915.265812
2455915.286246
2455915.306679
2455915.327112
2455915.347545
2455915.367978
2455915.388411
2455915.408844
2455915.429277
2455915.449710
2455915.470143
2455915.490576
2455915.511009
2455915.531442
2455915.551875
2455915.572308
2455915.592741
2455915.613174
2455915.633607
2455915.654040
2455915.674473
2455915.694906
2455915.715339
2455915.735772
2455915.756206
2455915.776639
2455915.797072
2455915.817505
2455915.837938
2455915.858371
2455915.878804
2455915.899237
2455915.919670
2455915.940103
2455915.960536
2455915.980969
2455916.001402
2455916.021835
2455916.042268
2455916.062701
2455916.083134
2455916.103567
2455916.124000
2455916.144433
2455916.164866
2455916.185300
2455916.205733
2455916.226166
2455916.246599
2455916.267032
2455916.287465
2455916.307898
2455916.328331
2455916.348764
2455916.369197
2455916.389630
2455916.410063
2455916.430496
2455916.450929
2455916.471362
2455916.491795
2455916.512228
2455916.532661
2455916.553094
2455916.573528
2455916.593960
2455916.614394
2455916.634827
2455916.655260
2455916.675693
2455916.696126
2455916.716559
2455916.736992
2455916.757425
2455916.777858
2455916.798291
2455916.818724
2455916.839157
2455916.859590
2455916.880023
2455916.900456
2455916.920889
2455916.941322
2455916.961755
2455916.982188
2455917.002622
2455917.023055
2455917.043488
2455917.063921
2455917.084354
2455917.104787
2455917.125220
2455917.145653
2455917.166086
2455917.186519
2455917.206952
2455917.227385
2455917.247818
2455917.268251
2455917.288684
2455917.309117
2455917.329550
2455917.349984
2455917.370416
2455917.390850
2455917.411283
2455917.431716
2455917.452149
2455917.472582
2455917.493015
2455917.513448
2455917.533881
2455917.554314
2455917.574747
2455917.595180
2455917.615613
2455917.636046
2455917.656479
2455917.676912
2455917.697345
2455917.717778
2455917.738212
2455917.758645
2455917.779078
2455917.799511
2455917.819944
2455917.840377
2455917.860810
2455917.881243
2455917.901676
2455917.922109
2455917.942542
2455917.962975
2455917.983408
2455918.003841
2455918.024274
2455918.044707
2455918.065141
2455918.085573
2455918.106007
2455918.126440
2455918.146873
2455918.167306
2455918.187739
2455918.208172
2455918.228605
2455918.249038
2455918.269471
2455918.289904
2455918.310337
2455918.330770
2455918.351203
2455918.371636
2455918.392069
2455918.412502
2455918.432936
2455918.453369
2455918.473802
2455918.494235
2455918.514668
2455918.535101
2455918.555534
2455918.575967
2455918.596400
2455918.616833
2455918.637266
2455918.657699
2455918.678132
2455918.698565
2455918.718998
2455918.739431
2455918.759865
2455918.780298
2455918.800731
2455918.821164
2455918.841597
2455918.862030
2455918.882463
2455918.902896
2455918.923329
2455918.943762
2455918.964195
2455918.984628
2455919.005061
2455919.025494
2455919.045927
2455919.066361
2455919.086794
2455919.107227
2455919.127660
2455919.148093
2455919.168526
2455919.188959
2455919.209392
2455919.229825
2455919.250258
2455919.270691
2455919.291124
2455919.311557
2455919.331990
2455919.352423
2455919.372856
2455919.393289
2455919.413723
2455919.434156
2455919.454589
2455919.475022
2455919.495455
2455919.515888
2455919.536321
2455919.556754
2455919.577187
2455919.597620
2455919.618053
2455919.638486
2455919.658919
2455919.679353
2455919.699785
2455919.720219
2455919.740652
2455919.761085
2455919.781518
2455919.801951
2455919.822384
2455919.842817
2455919.863250
2455919.883683
2455919.904116
2455919.924549
2455919.944982
2455919.965416
2455919.985848
2455920.006282
2455920.026715
2455920.047148
2455920.067581
2455920.088014
2455920.108447
2455920.128880
2455920.149313
2455920.169746
2455920.190179
2455920.210612
2455920.231045
2455920.251478
2455920.271911
2455920.292345
2455920.312778
2455920.333211
2455920.353644
2455920.374077
2455920.394510
2455920.414943
2455920.435376
2455920.455809
2455920.476242
2455920.496675
2455920.517108
2455920.537541
2455920.557974
2455920.578408
2455920.598841
2455920.619274
2455920.639707
2455920.660140
2455920.680573
2455920.701006
2455920.721439
2455920.741872
2455920.762305
2455920.782738
2455920.803171
2455920.823604
2455920.844037
2455920.864471
2455920.884904
2455920.905337
2455920.925770
2455920.946203
2455920.966636
2455920.987069
2455921.007502
2455921.027935
2455921.048368
2455921.068801
2455921.089234
2455921.109668
2455921.130101
2455921.150534
2455921.170967
2455921.191400
2455921.211833
2455921.232266
2455921.252699
2455921.273132
2455921.293565
2455921.313998
2455921.334431
2455921.354864
2455921.375297
2455921.395731
2455921.416164
2455921.436597
2455921.457030
2455921.477463
2455921.497896
2455921.518329
2455921.538762
2455921.559195
2455921.579628
2455921.600061
2455921.620494
2455921.640928
2455921.661361
2455921.681794
2455921.702227
2455921.722660
2455921.743093
2455921.763526
2455921.783959
2455921.804392
2455921.824825
2455921.845258
2455921.865691
2455921.886125
2455921.906558
2455921.926991
2455921.947424
2455921.967857
2455921.988290
2455922.008723
2455922.029156
2455922.049589
2455922.070022
2455922.090455
2455922.110888
2455922.131322
2455922.151755
2455922.172188
2455922.192621
2455922.213054
2455922.233487
2455922.253920
2455922.274353
2455922.294786
2455922.315219
2455922.335652
2455922.356086
2455922.376518
2455922.396952
2455922.417385
2455922.437818
2455922.458251
2455922.478684
2455922.499117
2455922.519550
2455922.539983
2455922.560416
2455922.580849
2455922.601282
2455922.621715
2455922.642149
2455922.662582
2455922.683015
2455922.703448
2455922.723881
2455922.744314
2455922.764747
2455922.785180
2455922.805613
2455922.826046
2455922.846479
2455922.866913
2455922.887346
2455922.907779
2455922.928212
2455922.948645
2455922.969078
2455922.989511
2455923.009944
2455923.030377
2455923.050810
2455923.071243
2455923.091677
2455923.112110
2455923.132543
2455923.152976
2455923.173409
2455923.193842
2455923.214275
2455923.234708
2455923.255141
2455923.275574
2455923.296007
2455923.316440
2455923.336874
2455923.357307
2455923.377740
2455923.398173
2455923.418606
2455923.439039
2455923.459472
2455923.479905
2455923.500338
2455923.520771
2455923.541205
2455923.561638
2455923.582071
2455923.602504
2455923.622937
2455923.643370
2455923.663803
2455923.684236
2455923.704669
2455923.725102
2455923.745535
2455923.765969
2455923.786402
2455923.806835
2455923.827268
2455923.847701
2455923.868134
2455923.888567
2455923.909000
2455923.929433
2455923.949866
2455923.970299
2455923.990733
2455924.011166
2455924.031599
2455924.052032
2455924.072465
2455924.092898
2455924.113331
2455924.133764
2455924.154197
2455924.174630
2455924.195064
2455924.215497
2455924.235930
2455924.256363
2455924.276796
2455924.297229
2455924.317662
2455924.338095
2455924.358528
2455924.378961
2455924.399394
2455924.419828
2455924.440261
2455924.460694
2455924.481127
2455924.501560
2455924.521993
2455924.542426
2455924.562859
2455924.583292
2455924.603726
2455924.624159
2455924.644592
2455924.665025
2455924.685458
2455924.705891
2455924.726324
2455924.746757
2455924.767190
2455924.787623
2455924.808057
2455924.828490
2455924.848923
2455924.869356
2455924.889789
2455924.910222
2455924.930655
2455924.951088
2455924.971521
2455924.991954
2455925.012387
2455925.032821
2455925.053254
2455925.073687
2455925.094120
2455925.114553
2455925.134986
2455925.155419
2455925.175852
2455925.196285
2455925.216718
2455925.237152
2455925.257585
2455925.278018
2455925.298451
2455925.318884
2455925.339317
2455925.359750
2455925.380183
2455925.400616
2455925.421050
2455925.441483
2455925.461916
2455925.482349
2455925.502782
2455925.523215
2455925.543648
2455925.564081
2455925.584514
2455925.604947
2455925.625381
2455925.645814
2455925.666247
2455925.686680
2455925.707113
2455925.727546
2455925.747979
2455925.768412
2455925.788845
2455925.809279
2455925.829712
2455925.850145
2455925.870578
2455925.891011
2455925.911444
2455925.931877
2455925.952310
2455925.972744
2455925.993177
2455926.013610
2455926.034043
2455926.054476
2455926.074909
2455926.095342
2455926.115775
2455926.136208
2455926.156641
2455926.177074
2455926.197508
2455926.217941
2455926.238374
2455926.258807
2455926.279240
2455926.299673
2455926.320106
2455926.340539
2455926.360973
2455926.381406
2455926.401839
2455926.422272
2455926.442705
2455926.463138
2455926.483571
2455926.504004
2455926.524437
2455926.544871
2455926.565304
2455926.585737
2455926.606170
2455926.626603
2455926.647036
2455926.667469
2455926.687902
2455926.708335
2455926.728769
2455926.749202
2455926.769635
2455926.790068
2455926.810501
2455926.830934
2455926.851367
2455926.871800
2455926.892233
2455926.912667
2455926.933100
2455926.953533
2455926.973966
2455926.994399
2455927.014832
2455927.035265
2455927.055698
2455927.076132
2455927.096565
2455927.116998
2455927.137431
2455927.157864
2455927.178297
2455927.198730
2455927.219163
2455927.239596
2455927.260030
2455927.280463
2455927.300896
2455927.321329
2455927.341762
2455927.362195
2455927.382628
2455927.403061
2455927.423494
2455927.443928
2455927.464361
2455927.484794
2455927.505227
2455927.525660
2455927.546093
2455927.566526
2455927.586960
2455927.607393
2455927.627826
2455927.648259
2455927.668692
2455927.689125
2455927.709558
2455927.729991
2455927.750425
2455927.770858
2455927.791291
2455927.811724
2455927.832157
2455927.852590
2455927.873023
2455927.893456
2455927.913889
2455927.934322
2455927.954756
2455927.975189
2455927.995622
2455928.016055
2455928.036488
2455928.056921
2455928.077354
2455928.097788
2455928.118221
2455928.138654
2455928.159087
2455928.179520
2455928.199953
2455928.220386
2455928.240819
2455928.261253
2455928.281686
2455928.302119
2455928.322552
2455928.342985
2455928.363418
2455928.383851
2455928.404284
2455928.424718
2455928.445151
2455928.465584
2455928.486017
2455928.506450
2455928.526883
2455928.547316
2455928.567749
2455928.588183
2455928.608616
2455928.629049
2455928.649482
2455928.669915
2455928.690348
2455928.710781
2455928.731214
2455928.751648
2455928.772081
2455928.792514
2455928.812947
2455928.833380
2455928.853813
2455928.874246
2455928.894679
2455928.915113
2455928.935546
2455928.955979
2455928.976412
2455928.996845
2455929.017278
2455929.037711
2455929.058144
2455929.078578
2455929.099011
2455929.119444
2455929.139877
2455929.160310
2455929.180743
2455929.201176
2455929.221609
2455929.242043
2455929.262476
2455929.282909
2455929.303342
2455929.323775
2455929.344208
2455929.364641
2455929.385075
2455929.405508
2455929.425941
2455929.446374
2455929.466807
2455929.487240
2455929.507673
2455929.528107
2455929.548540
2455929.568973
2455929.589406
2455929.609839
2455929.630272
2455929.650705
2455929.671138
2455929.691572
2455929.712005
2455929.732438
2455929.752871
2455929.773304
2455929.793737
2455929.814170
2455929.834604
2455929.855037
2455929.875470
2455929.895903
2455929.916336
2455929.936769
2455929.957202
2455929.977636
2455929.998069
2455930.018502
2455930.038935
2455930.059368
2455930.079801
2455930.100234
2455930.120667
2455930.141101
2455930.161534
2455930.181967
2455930.202400
2455930.222833
2455930.243266
2455930.263700
2455930.284133
2455930.304566
2455930.324999
2455930.345432
2455930.365865
2455930.386298
2455930.406731
2455930.427165
2455930.447598
2455930.468031
2455930.488464
2455930.508897
2455930.529330
2455930.549763
2455930.570197
2455930.590630
2455930.611063
2455930.631496
2455930.651929
2455930.672362
2455930.692795
2455930.713229
2455930.733662
2455930.754095
2455930.774528
2455930.794961
2455930.815394
2455930.835827
2455930.856261
2455930.876694
2455930.897127
2455930.917560
2455930.937993
2455930.958426
2455930.978860
2455930.999293
2455931.019726
2455931.040159
2455931.060592
2455931.081025
2455931.101458
2455931.121891
2455931.142325
2455931.162758
2455931.183191
2455931.203624
2455931.224057
2455931.244490
2455931.264923
2455931.285357
2455931.305790
2455931.326223
