2456305.097584
2456305.118017
2456305.138450
2456305.158883
2456305.179317
2456305.199750
2456305.220183
2456305.240616
2456305.261049
2456305.281482
2456305.301916
2456305.322349
2456305.342782
2456305.363215
2456305.383648
2456305.404082
2456305.424515
2456305.444948
2456305.465381
2456305.485814
2456305.506247
2456305.526680
2456305.547114
2456305.567547
2456305.587980
2456305.608413
2456305.628846
2456305.649279
2456305.669713
2456305.690146
2456305.710579
2456305.731012
2456305.751445
2456305.771878
2456305.792312
2456305.812745
2456305.833178
2456305.853611
2456305.874044
2456305.894477
2456305.914911
2456305.935344
2456305.955777
2456305.976210
2456305.996643
2456306.017076
2456306.037510
2456306.057943
2456306.078376
2456306.098809
2456306.119242
2456306.139675
2456306.160109
2456306.180542
2456306.200975
2456306.221408
2456306.241841
2456306.262274
2456306.282708
2456306.303141
2456306.323574
2456306.344007
2456306.364440
2456306.384873
2456306.405307
2456306.425740
2456306.446173
2456306.466606
2456306.487039
2456306.507472
2456306.527906
2456306.548339
2456306.568772
2456306.589205
2456306.609638
2456306.630072
2456306.650505
2456306.670938
2456306.691371
2456306.711804
2456306.732237
2456306.752671
2456306.773104
2456306.793537
2456306.813970
2456306.834403
2456306.854836
2456306.875270
2456306.895703
2456306.916136
2456306.936569
2456306.957002
2456306.977435
2456306.997869
2456307.018302
2456307.038735
2456307.059168
2456307.079601
2456307.100034
2456307.120468
2456307.140901
2456307.161334
2456307.181767
2456307.202200
2456307.222634
2456307.243067
2456307.263500
2456307.283933
2456307.304366
2456307.324799
2456307.345233
2456307.365666
2456307.386099
2456307.406532
2456307.426965
2456307.447398
2456307.467832
2456307.488265
2456307.508698
2456307.529131
2456307.549564
2456307.569998
2456307.590431
2456307.610864
2456307.631297
2456307.651730
2456307.672163
2456307.692597
2456307.713030
2456307.733463
2456307.753896
2456307.774329
2456307.794763
2456307.815196
2456307.835629
2456307.856062
2456307.876495
2456307.896928
2456307.917362
2456307.937795
2456307.958228
2456307.978661
2456307.999094
2456308.019528
2456308.039961
2456308.060394
2456308.080827
2456308.101260
2456308.121694
2456308.142127
2456308.162560
2456308.182993
2456308.203426
2456308.223859
2456308.244293
2456308.264726
2456308.285159
2456308.305592
2456308.326025
2456308.346458
2456308.366892
2456308.387325
2456308.407758
2456308.428191
2456308.448624
2456308.469058
2456308.489491
2456308.509924
2456308.530357
2456308.550790
2456308.571224
2456308.591657
2456308.612090
2456308.632523
2456308.652956
2456308.673389
2456308.693823
2456308.714256
2456308.734689
2456308.755122
2456308.775555
2456308.795989
2456308.816422
2456308.836855
2456308.857288
2456308.877721
2456308.898155
2456308.918588
2456308.939021
2456308.959454
2456308.979887
2456309.000320
2456309.020754
2456309.041187
2456309.061620
2456309.082053
2456309.102486
2456309.122920
2456309.143353
2456309.163786
2456309.184219
2456309.204652
2456309.225086
2456309.245519
2456309.265952
2456309.286385
2456309.306818
2456309.327252
2456309.347685
2456309.368118
2456309.388551
2456309.408984
2456309.429418
2456309.449851
2456309.470284
2456309.490717
2456309.511150
2456309.531584
2456309.552017
2456309.572450
2456309.592883
2456309.613316
2456309.633750
2456309.654183
2456309.674616
2456309.695049
2456309.715482
2456309.735916
2456309.756349
2456309.776782
2456309.797215
2456309.817648
2456309.838081
2456309.858515
2456309.878948
2456309.899381
2456309.919814
2456309.940248
2456309.960681
2456309.981114
2456310.001547
2456310.021980
2456310.042413
2456310.062847
2456310.083280
2456310.103713
2456310.124146
2456310.144580
2456310.165013
2456310.185446
2456310.205879
2456310.226312
2456310.246746
2456310.267179
2456310.287612
2456310.308045
           NaN
           NaN
           NaN
           NaN
           NaN
           NaN
           NaN
           NaN
           NaN
           NaN
           NaN
           NaN
           NaN
           NaN
           NaN
           NaN
           NaN
           NaN
           NaN
           NaN
           NaN
           NaN
           NaN
           NaN
           NaN
           NaN
           NaN
           NaN
           NaN
           NaN
           NaN
           NaN
           NaN
           NaN
           NaN
           NaN
           NaN
           NaN
           NaN
           NaN
           NaN
           NaN
           NaN
           NaN
           NaN
           NaN
           NaN
           NaN
           NaN
           NaN
           NaN
           NaN
           NaN
           NaN
           NaN
           NaN
           NaN
           NaN
           NaN
           NaN
           NaN
           NaN
           NaN
           NaN
           NaN
           NaN
           NaN
           NaN
           NaN
           NaN
           NaN
           NaN
           NaN
           NaN
           NaN
           NaN
           NaN
           NaN
           NaN
           NaN
           NaN
           NaN
           NaN
           NaN
           NaN
           NaN
           NaN
           NaN
           NaN
           NaN
           NaN
           NaN
           NaN
           NaN
           NaN
           NaN
           NaN
           NaN
           NaN
           NaN
           NaN
           NaN
           NaN
           NaN
           NaN
           NaN
           NaN
           NaN
           NaN
           NaN
           NaN
           NaN
           NaN
           NaN
           NaN
           NaN
           NaN
           NaN
           NaN
           NaN
           NaN
           NaN
           NaN
           NaN
           NaN
           NaN
           NaN
           NaN
           NaN
           NaN
           NaN
           NaN
           NaN
           NaN
           NaN
           NaN
           NaN
           NaN
           NaN
           NaN
           NaN
           NaN
           NaN
           NaN
           NaN
           NaN
           NaN
           NaN
           NaN
           NaN
           NaN
           NaN
           NaN
           NaN
           NaN
           NaN
           NaN
           NaN
           NaN
           NaN
           NaN
           NaN
           NaN
           NaN
           NaN
           NaN
           NaN
           NaN
           NaN
           NaN
           NaN
           NaN
           NaN
           NaN
           NaN
           NaN
           NaN
           NaN
           NaN
           NaN
           NaN
           NaN
           NaN
           NaN
           NaN
           NaN
           NaN
           NaN
           NaN
           NaN
           NaN
           NaN
           NaN
           NaN
           NaN
           NaN
           NaN
           NaN
           NaN
           NaN
           NaN
           NaN
           NaN
           NaN
           NaN
           NaN
           NaN
           NaN
           NaN
           NaN
           NaN
           NaN
           NaN
           NaN
           NaN
           NaN
           NaN
           NaN
           NaN
           NaN
           NaN
           NaN
           NaN
           NaN
           NaN
           NaN
           NaN
           NaN
           NaN
           NaN
           NaN
           NaN
           NaN
           NaN
           NaN
           NaN
           NaN
           NaN
           NaN
           NaN
           NaN
           NaN
           NaN
           NaN
           NaN
           NaN
           NaN
           NaN
           NaN
           NaN
           NaN
           NaN
           NaN
           NaN
           NaN
           NaN
           NaN
           NaN
           NaN
           NaN
           NaN
           NaN
           NaN
           NaN
           NaN
           NaN
           NaN
           NaN
           NaN
           NaN
           NaN
           NaN
           NaN
           NaN
           NaN
           NaN
           NaN
           NaN
           NaN
           NaN
           NaN
           NaN
           NaN
           NaN
           NaN
           NaN
           NaN
           NaN
           NaN
           NaN
           NaN
           NaN
           NaN
           NaN
           NaN
           NaN
           NaN
           NaN
           NaN
           NaN
           NaN
           NaN
           NaN
           NaN
           NaN
           NaN
           NaN
           NaN
           NaN
           NaN
           NaN
           NaN
           NaN
           NaN
           NaN
           NaN
           NaN
           NaN
           NaN
           NaN
           NaN
           NaN
           NaN
           NaN
           NaN
           NaN
           NaN
           NaN
           NaN
           NaN
           NaN
           NaN
           NaN
           NaN
           NaN
           NaN
           NaN
           NaN
           NaN
           NaN
           NaN
           NaN
           NaN
           NaN
           NaN
           NaN
           NaN
           NaN
           NaN
           NaN
           NaN
           NaN
           NaN
           NaN
           NaN
           NaN
           NaN
           NaN
           NaN
           NaN
           NaN
           NaN
           NaN
           NaN
           NaN
           NaN
           NaN
           NaN
           NaN
           NaN
           NaN
           NaN
           NaN
           NaN
           NaN
           NaN
           NaN
           NaN
           NaN
           NaN
           NaN
           NaN
           NaN
           NaN
           NaN
           NaN
           NaN
           NaN
           NaN
           NaN
           NaN
           NaN
           NaN
           NaN
           NaN
           NaN
           NaN
           NaN
           NaN
           NaN
           NaN
           NaN
           NaN
           NaN
           NaN
           NaN
           NaN
           NaN
           NaN
           NaN
           NaN
           NaN
           NaN
           NaN
           NaN
           NaN
           NaN
           NaN
           NaN
           NaN
           NaN
           NaN
           NaN
           NaN
           NaN
           NaN
           NaN
           NaN
           NaN
           NaN
           NaN
           NaN
           NaN
           NaN
           NaN
           NaN
           NaN
           NaN
           NaN
           NaN
           NaN
           NaN
           NaN
           NaN
           NaN
           NaN
           NaN
           NaN
           NaN
           NaN
           NaN
           NaN
           NaN
           NaN
           NaN
           NaN
           NaN
           NaN
           NaN
           NaN
           NaN
           NaN
           NaN
           NaN
           NaN
           NaN
           NaN
           NaN
           NaN
           NaN
           NaN
           NaN
           NaN
           NaN
           NaN
           NaN
           NaN
           NaN
           NaN
           NaN
           NaN
           NaN
           NaN
           NaN
           NaN
           NaN
           NaN
           NaN
           NaN
           NaN
           NaN
           NaN
           NaN
           NaN
           NaN
           NaN
           NaN
           NaN
           NaN
           NaN
           NaN
           NaN
           NaN
           NaN
           NaN
           NaN
           NaN
           NaN
           NaN
           NaN
           NaN
           NaN
           NaN
           NaN
           NaN
           NaN
           NaN
           NaN
           NaN
           NaN
           NaN
           NaN
           NaN
           NaN
           NaN
           NaN
           NaN
           NaN
           NaN
           NaN
           NaN
           NaN
           NaN
           NaN
           NaN
           NaN
           NaN
           NaN
           NaN
           NaN
           NaN
           NaN
           NaN
           NaN
           NaN
           NaN
           NaN
           NaN
           NaN
           NaN
           NaN
           NaN
           NaN
           NaN
           NaN
2456321.668929
2456321.689363
2456321.709796
2456321.730229
2456321.750663
2456321.771096
2456321.791529
2456321.811963
2456321.832396
2456321.852829
2456321.873263
2456321.893696
2456321.914129
2456321.934563
2456321.954996
2456321.975429
2456321.995862
2456322.016296
2456322.036729
2456322.057162
2456322.077596
2456322.098029
2456322.118462
2456322.138896
2456322.159329
2456322.179762
2456322.200196
2456322.220629
2456322.241062
2456322.261496
2456322.281929
2456322.302362
2456322.322795
2456322.343229
2456322.363662
2456322.384095
2456322.404529
2456322.424962
2456322.445395
2456322.465829
2456322.486262
2456322.506695
2456322.527129
2456322.547562
2456322.567995
2456322.588429
2456322.608862
2456322.629295
2456322.649729
2456322.670162
2456322.690595
2456322.711029
2456322.731462
2456322.751895
2456322.772328
2456322.792762
2456322.813195
2456322.833628
2456322.854062
2456322.874495
2456322.894928
2456322.915362
2456322.935795
2456322.956228
2456322.976662
2456322.997095
2456323.017528
2456323.037962
2456323.058395
2456323.078828
2456323.099262
2456323.119695
2456323.140128
2456323.160562
2456323.180995
2456323.201428
2456323.221862
2456323.242295
2456323.262728
2456323.283162
2456323.303595
2456323.324028
2456323.344462
2456323.364895
2456323.385328
2456323.405761
2456323.426195
2456323.446628
2456323.467061
2456323.487495
2456323.507928
2456323.528361
2456323.548795
2456323.569228
2456323.589661
2456323.610095
2456323.630528
2456323.650961
2456323.671395
2456323.691828
2456323.712261
2456323.732695
2456323.753128
2456323.773561
2456323.793995
2456323.814428
2456323.834861
2456323.855295
2456323.875728
2456323.896161
2456323.916595
2456323.937028
2456323.957461
2456323.977895
2456323.998328
2456324.018761
2456324.039195
2456324.059628
2456324.080061
2456324.100495
2456324.120928
2456324.141361
2456324.161795
2456324.182228
2456324.202661
2456324.223095
2456324.243528
2456324.263961
2456324.284395
2456324.304828
2456324.325261
2456324.345695
2456324.366128
2456324.386561
2456324.406995
2456324.427428
2456324.447861
2456324.468295
2456324.488728
2456324.509161
2456324.529595
2456324.550028
2456324.570461
2456324.590895
2456324.611328
2456324.631761
2456324.652195
2456324.672628
2456324.693061
2456324.713495
2456324.733928
2456324.754361
2456324.774795
2456324.795228
2456324.815661
2456324.836095
2456324.856528
2456324.876961
2456324.897395
2456324.917828
2456324.938262
2456324.958695
2456324.979128
2456324.999562
2456325.019995
2456325.040428
2456325.060862
2456325.081295
2456325.101728
2456325.122162
2456325.142595
2456325.163028
2456325.183462
2456325.203895
2456325.224328
2456325.244762
2456325.265195
2456325.285628
2456325.306062
2456325.326495
2456325.346928
2456325.367362
2456325.387795
2456325.408228
2456325.428662
2456325.449095
2456325.469528
2456325.489962
2456325.510395
2456325.530829
2456325.551262
2456325.571695
2456325.592129
2456325.612562
2456325.632995
2456325.653429
2456325.673862
2456325.694295
2456325.714729
2456325.735162
2456325.755595
2456325.776029
2456325.796462
2456325.816895
2456325.837329
2456325.857762
2456325.878195
2456325.898629
2456325.919062
2456325.939495
2456325.959929
2456325.980362
2456326.000795
2456326.021229
2456326.041662
2456326.062095
2456326.082529
2456326.102962
2456326.123396
2456326.143829
2456326.164262
2456326.184696
2456326.205129
2456326.225562
2456326.245996
2456326.266429
2456326.286862
2456326.307296
2456326.327729
2456326.348162
2456326.368596
2456326.389029
2456326.409463
2456326.429896
2456326.450329
2456326.470763
2456326.491196
2456326.511629
2456326.532063
2456326.552496
2456326.572929
2456326.593363
2456326.613796
2456326.634229
2456326.654663
2456326.675096
2456326.695530
2456326.715963
2456326.736396
2456326.756830
2456326.777263
2456326.797696
2456326.818130
2456326.838563
2456326.858996
2456326.879430
2456326.899863
2456326.920297
2456326.940730
2456326.961163
2456326.981597
2456327.002030
2456327.022463
2456327.042897
2456327.063330
2456327.083764
2456327.104197
2456327.124630
2456327.145064
2456327.165497
2456327.185930
2456327.206364
2456327.226797
2456327.247230
2456327.267664
2456327.288097
2456327.308530
2456327.328964
2456327.349397
2456327.369831
2456327.390264
2456327.410697
2456327.431131
2456327.451564
2456327.471997
2456327.492431
2456327.512864
2456327.533298
2456327.553731
2456327.574164
2456327.594598
2456327.615031
2456327.635464
2456327.655898
2456327.676331
2456327.696765
2456327.717198
2456327.737631
2456327.758065
2456327.778498
2456327.798931
2456327.819365
2456327.839798
2456327.860231
2456327.880665
2456327.901098
2456327.921532
2456327.941965
2456327.962398
2456327.982832
2456328.003265
2456328.023698
2456328.044132
2456328.064565
2456328.084999
2456328.105432
2456328.125865
2456328.146299
2456328.166732
2456328.187165
2456328.207599
2456328.228032
2456328.248466
2456328.268899
2456328.289332
2456328.309766
2456328.330199
2456328.350632
2456328.371066
2456328.391499
2456328.411932
2456328.432366
2456328.452799
2456328.473233
2456328.493666
2456328.514099
2456328.534533
2456328.554966
2456328.575400
2456328.595833
2456328.616266
2456328.636700
2456328.657133
2456328.677566
2456328.698000
2456328.718433
2456328.738867
2456328.759300
2456328.779733
2456328.800167
2456328.820600
2456328.841034
2456328.861467
2456328.881900
2456328.902334
2456328.922767
2456328.943200
2456328.963634
2456328.984067
2456329.004501
2456329.024934
2456329.045367
2456329.065801
2456329.086234
2456329.106667
2456329.127101
2456329.147534
2456329.167968
2456329.188401
2456329.208834
2456329.229268
2456329.249701
2456329.270135
2456329.290568
2456329.311001
2456329.331435
2456329.351868
2456329.372301
2456329.392735
2456329.413168
2456329.433602
2456329.454035
2456329.474468
2456329.494902
2456329.515335
2456329.535769
2456329.556202
2456329.576635
2456329.597069
2456329.617502
2456329.637936
2456329.658369
2456329.678802
2456329.699236
2456329.719669
2456329.740102
2456329.760536
2456329.780969
2456329.801403
2456329.821836
2456329.842269
2456329.862703
2456329.883136
2456329.903570
2456329.924003
2456329.944436
2456329.964870
2456329.985303
2456330.005737
2456330.026170
2456330.046603
2456330.067037
2456330.087470
2456330.107904
2456330.128337
2456330.148770
2456330.169204
2456330.189637
2456330.210071
2456330.230504
2456330.250937
2456330.271371
2456330.291804
2456330.312238
2456330.332671
2456330.353104
2456330.373538
2456330.393971
2456330.414405
2456330.434838
2456330.455271
2456330.475705
2456330.496138
2456330.516571
2456330.537005
2456330.557438
2456330.577872
2456330.598305
2456330.618738
2456330.639172
2456330.659605
2456330.680039
2456330.700472
2456330.720906
2456330.741339
2456330.761772
2456330.782206
2456330.802639
2456330.823073
2456330.843506
2456330.863939
2456330.884373
2456330.904806
2456330.925240
2456330.945673
2456330.966106
2456330.986540
2456331.006973
2456331.027407
           NaN
           NaN
           NaN
2456331.109140
2456331.129574
2456331.150007
2456331.170440
2456331.190874
2456331.211307
2456331.231741
2456331.252174
2456331.272607
2456331.293041
2456331.313474
2456331.333908
2456331.354341
2456331.374775
2456331.395208
2456331.415641
2456331.436075
2456331.456508
2456331.476942
2456331.497375
2456331.517808
2456331.538242
2456331.558675
2456331.579109
2456331.599542
2456331.619975
2456331.640409
2456331.660842
2456331.681276
2456331.701709
2456331.722142
2456331.742576
2456331.763009
2456331.783443
2456331.803876
2456331.824310
2456331.844743
2456331.865176
2456331.885610
2456331.906043
2456331.926477
2456331.946910
2456331.967343
2456331.987777
2456332.008210
2456332.028644
2456332.049077
2456332.069511
2456332.089944
2456332.110377
2456332.130811
2456332.151244
2456332.171677
2456332.192111
2456332.212544
2456332.232978
2456332.253411
2456332.273845
2456332.294278
2456332.314711
2456332.335145
2456332.355578
2456332.376012
2456332.396445
2456332.416879
2456332.437312
2456332.457745
2456332.478179
2456332.498612
2456332.519046
2456332.539479
2456332.559912
2456332.580346
2456332.600779
2456332.621213
2456332.641646
2456332.662080
2456332.682513
2456332.702946
2456332.723380
2456332.743813
2456332.764247
2456332.784680
2456332.805114
2456332.825547
2456332.845980
2456332.866414
2456332.886847
2456332.907281
2456332.927714
2456332.948148
2456332.968581
2456332.989014
2456333.009448
2456333.029881
2456333.050315
2456333.070748
2456333.091182
2456333.111615
2456333.132048
2456333.152482
2456333.172915
2456333.193349
2456333.213782
2456333.234216
2456333.254649
2456333.275082
2456333.295516
2456333.315949
2456333.336383
2456333.356816
2456333.377250
2456333.397683
2456333.418116
2456333.438550
2456333.458983
2456333.479417
2456333.499850
2456333.520284
2456333.540717
2456333.561150
2456333.581584
2456333.602017
2456333.622451
2456333.642884
2456333.663317
2456333.683751
2456333.704184
2456333.724618
2456333.745051
2456333.765485
2456333.785918
2456333.806352
2456333.826785
2456333.847219
2456333.867652
2456333.888085
2456333.908519
2456333.928952
2456333.949386
2456333.969819
2456333.990252
2456334.010686
2456334.031119
2456334.051553
2456334.071986
2456334.092420
2456334.112853
2456334.133287
2456334.153720
2456334.174154
2456334.194587
2456334.215020
2456334.235454
2456334.255887
2456334.276321
2456334.296754
2456334.317187
2456334.337621
2456334.358054
2456334.378488
2456334.398921
2456334.419355
2456334.439788
2456334.460222
2456334.480655
2456334.501088
2456334.521522
2456334.541955
2456334.562389
2456334.582822
2456334.603256
2456334.623689
2456334.644123
2456334.664556
2456334.684990
2456334.705423
2456334.725856
2456334.746290
2456334.766723
2456334.787157
2456334.807590
2456334.828024
2456334.848457
2456334.868890
2456334.889324
2456334.909757
2456334.930191
2456334.950624
2456334.971058
2456334.991491
2456335.011925
2456335.032358
2456335.052791
2456335.073225
2456335.093658
2456335.114092
2456335.134525
2456335.154959
2456335.175392
2456335.195826
2456335.216259
2456335.236693
2456335.257126
2456335.277559
2456335.297993
2456335.318426
2456335.338860
2456335.359293
2456335.379727
2456335.400160
2456335.420594
2456335.441027
2456335.461461
2456335.481894
2456335.502327
2456335.522761
2456335.543194
2456335.563628
2456335.584061
2456335.604495
2456335.624928
2456335.645362
2456335.665795
2456335.686228
2456335.706662
2456335.727095
2456335.747529
2456335.767962
2456335.788396
2456335.808829
2456335.829263
2456335.849696
2456335.870130
2456335.890563
2456335.910997
2456335.931430
2456335.951863
2456335.972297
2456335.992730
2456336.013164
2456336.033597
2456336.054031
2456336.074464
2456336.094898
2456336.115331
2456336.135765
2456336.156198
2456336.176632
2456336.197065
2456336.217498
2456336.237932
2456336.258365
2456336.278799
2456336.299232
2456336.319666
2456336.340099
2456336.360533
2456336.380966
2456336.401400
2456336.421833
2456336.442266
2456336.462700
2456336.483133
2456336.503567
2456336.524000
2456336.544434
2456336.564867
2456336.585301
2456336.605734
2456336.626168
2456336.646601
2456336.667034
2456336.687468
2456336.707901
2456336.728335
2456336.748768
2456336.769202
2456336.789635
2456336.810069
2456336.830502
2456336.850936
2456336.871369
2456336.891803
2456336.912236
2456336.932670
2456336.953103
2456336.973536
2456336.993970
2456337.014404
2456337.034837
2456337.055270
2456337.075704
2456337.096137
2456337.116571
2456337.137004
2456337.157438
2456337.177871
2456337.198305
2456337.218738
2456337.239172
2456337.259605
2456337.280039
2456337.300472
2456337.320905
2456337.341339
2456337.361773
2456337.382206
2456337.402639
2456337.423073
2456337.443506
2456337.463940
2456337.484373
2456337.504807
2456337.525240
2456337.545674
2456337.566107
2456337.586541
2456337.606974
2456337.627408
2456337.647841
2456337.668275
2456337.688708
2456337.709142
2456337.729575
2456337.750008
2456337.770442
2456337.790875
2456337.811309
2456337.831742
2456337.852176
2456337.872609
2456337.893043
2456337.913476
2456337.933910
2456337.954343
2456337.974777
2456337.995210
2456338.015644
2456338.036077
2456338.056511
2456338.076944
2456338.097378
2456338.117811
2456338.138245
2456338.158678
2456338.179112
2456338.199545
2456338.219979
2456338.240412
2456338.260845
2456338.281279
2456338.301712
2456338.322146
2456338.342579
2456338.363013
2456338.383446
2456338.403880
2456338.424313
2456338.444747
2456338.465180
2456338.485614
2456338.506047
2456338.526481
2456338.546914
2456338.567348
2456338.587781
2456338.608215
2456338.628648
2456338.649082
2456338.669515
2456338.689949
2456338.710382
2456338.730816
2456338.751249
2456338.771683
2456338.792116
2456338.812550
2456338.832983
2456338.853417
2456338.873850
2456338.894284
2456338.914717
2456338.935150
2456338.955584
2456338.976017
2456338.996451
2456339.016884
2456339.037318
2456339.057751
2456339.078185
2456339.098618
2456339.119052
2456339.139485
2456339.159919
2456339.180352
2456339.200786
2456339.221219
2456339.241653
2456339.262086
2456339.282520
2456339.302953
2456339.323387
2456339.343820
2456339.364254
2456339.384687
2456339.405121
2456339.425554
2456339.445988
2456339.466421
2456339.486855
2456339.507288
2456339.527722
2456339.548155
2456339.568589
2456339.589022
2456339.609456
2456339.629889
2456339.650323
2456339.670756
2456339.691190
2456339.711623
2456339.732057
2456339.752490
2456339.772924
2456339.793357
2456339.813791
2456339.834224
2456339.854658
2456339.875091
2456339.895525
2456339.915958
2456339.936392
2456339.956825
2456339.977259
2456339.997692
2456340.018126
2456340.038559
2456340.058993
2456340.079426
2456340.099860
2456340.120293
2456340.140727
2456340.161160
2456340.181594
2456340.202027
2456340.222461
2456340.242894
2456340.263328
2456340.283761
2456340.304195
2456340.324628
2456340.345062
2456340.365495
2456340.385929
2456340.406362
2456340.426796
2456340.447229
2456340.467663
2456340.488096
2456340.508530
2456340.528963
2456340.549397
2456340.569830
2456340.590264
2456340.610698
2456340.631131
2456340.651564
2456340.671998
2456340.692431
2456340.712865
2456340.733298
2456340.753732
2456340.774166
2456340.794599
2456340.815032
2456340.835466
2456340.855899
2456340.876333
2456340.896767
2456340.917200
2456340.937634
2456340.958067
2456340.978501
2456340.998934
2456341.019368
2456341.039801
2456341.060235
2456341.080668
2456341.101102
2456341.121535
2456341.141969
2456341.162402
2456341.182836
2456341.203269
2456341.223703
2456341.244136
2456341.264570
2456341.285003
2456341.305437
2456341.325870
2456341.346304
2456341.366737
2456341.387171
2456341.407604
2456341.428038
2456341.448471
2456341.468905
2456341.489339
2456341.509772
2456341.530205
2456341.550639
2456341.571073
2456341.591506
2456341.611940
2456341.632373
2456341.652807
2456341.673240
2456341.693674
2456341.714107
2456341.734541
2456341.754974
2456341.775408
2456341.795841
2456341.816275
2456341.836708
2456341.857142
2456341.877575
2456341.898009
2456341.918442
2456341.938876
2456341.959309
2456341.979743
2456342.000177
2456342.020610
2456342.041044
2456342.061477
2456342.081910
2456342.102344
2456342.122778
2456342.143211
2456342.163645
2456342.184078
2456342.204512
2456342.224945
2456342.245379
2456342.265812
2456342.286246
2456342.306679
2456342.327113
2456342.347546
2456342.367980
2456342.388413
2456342.408847
2456342.429281
2456342.449714
2456342.470148
2456342.490581
2456342.511015
2456342.531448
2456342.551882
2456342.572315
2456342.592749
2456342.613182
2456342.633616
2456342.654049
2456342.674483
2456342.694916
2456342.715350
2456342.735783
2456342.756217
2456342.776651
2456342.797084
2456342.817518
2456342.837951
2456342.858385
2456342.878818
2456342.899252
2456342.919685
2456342.940119
2456342.960552
2456342.980986
2456343.001419
2456343.021853
2456343.042287
2456343.062720
2456343.083153
2456343.103587
2456343.124021
2456343.144454
2456343.164888
2456343.185321
2456343.205755
2456343.226188
2456343.246622
2456343.267055
2456343.287489
2456343.307922
2456343.328356
2456343.348789
2456343.369223
2456343.389657
2456343.410090
2456343.430524
2456343.450957
2456343.471391
2456343.491824
2456343.512258
2456343.532691
2456343.553125
2456343.573558
2456343.593992
2456343.614426
2456343.634859
2456343.655293
2456343.675726
2456343.696160
2456343.716593
2456343.737027
2456343.757460
2456343.777894
2456343.798327
2456343.818761
2456343.839195
2456343.859628
2456343.880062
2456343.900495
2456343.920929
2456343.941362
2456343.961796
2456343.982229
2456344.002663
2456344.023096
2456344.043530
2456344.063963
2456344.084397
2456344.104831
2456344.125264
2456344.145698
2456344.166131
2456344.186565
2456344.206998
2456344.227432
2456344.247865
2456344.268299
2456344.288732
2456344.309166
2456344.329600
2456344.350033
2456344.370467
2456344.390900
2456344.411334
2456344.431767
2456344.452201
2456344.472634
2456344.493068
2456344.513501
2456344.533935
2456344.554369
2456344.574802
2456344.595236
2456344.615669
2456344.636103
2456344.656536
2456344.676970
2456344.697404
2456344.717837
2456344.738271
2456344.758704
2456344.779138
2456344.799571
2456344.820005
2456344.840438
2456344.860872
2456344.881306
2456344.901739
2456344.922173
2456344.942606
2456344.963040
2456344.983473
2456345.003907
2456345.024340
2456345.044774
2456345.065207
2456345.085641
2456345.106075
2456345.126508
2456345.146942
2456345.167375
2456345.187809
2456345.208242
2456345.228676
2456345.249110
2456345.269543
2456345.289977
2456345.310410
2456345.330844
2456345.351277
2456345.371711
2456345.392144
2456345.412578
2456345.433012
2456345.453445
2456345.473879
2456345.494312
2456345.514746
2456345.535179
2456345.555613
2456345.576046
2456345.596480
2456345.616914
2456345.637347
2456345.657781
2456345.678214
2456345.698648
2456345.719081
2456345.739515
2456345.759949
2456345.780382
2456345.800816
2456345.821249
2456345.841683
2456345.862116
2456345.882550
2456345.902983
2456345.923417
2456345.943851
2456345.964284
2456345.984718
2456346.005151
2456346.025585
2456346.046019
2456346.066452
2456346.086886
2456346.107319
2456346.127753
2456346.148186
2456346.168620
2456346.189054
2456346.209487
2456346.229921
2456346.250354
2456346.270788
2456346.291221
2456346.311655
2456346.332088
2456346.352522
2456346.372956
2456346.393389
2456346.413823
2456346.434256
2456346.454690
2456346.475123
2456346.495557
2456346.515991
2456346.536424
2456346.556858
2456346.577291
2456346.597725
2456346.618158
2456346.638592
2456346.659026
2456346.679459
2456346.699893
2456346.720326
2456346.740760
2456346.761194
2456346.781627
2456346.802061
2456346.822494
2456346.842928
2456346.863361
2456346.883795
2456346.904228
2456346.924662
2456346.945096
2456346.965529
2456346.985963
2456347.006396
2456347.026830
2456347.047264
2456347.067697
2456347.088131
2456347.108564
2456347.128998
2456347.149431
2456347.169865
2456347.190299
2456347.210732
2456347.231166
2456347.251599
2456347.272033
2456347.292466
2456347.312900
2456347.333334
2456347.353767
2456347.374201
2456347.394634
2456347.415068
2456347.435502
2456347.455935
2456347.476369
2456347.496802
2456347.517236
2456347.537670
2456347.558103
2456347.578537
2456347.598970
2456347.619404
2456347.639837
2456347.660271
2456347.680705
2456347.701138
2456347.721572
2456347.742005
2456347.762439
2456347.782873
2456347.803306
2456347.823740
2456347.844173
2456347.864607
2456347.885040
2456347.905474
2456347.925908
2456347.946341
2456347.966775
2456347.987208
2456348.007642
2456348.028076
2456348.048509
2456348.068943
2456348.089376
2456348.109810
2456348.130244
2456348.150677
2456348.171111
2456348.191544
2456348.211978
2456348.232411
2456348.252845
2456348.273279
2456348.293712
2456348.314146
2456348.334579
2456348.355013
2456348.375447
2456348.395880
2456348.416314
2456348.436747
2456348.457181
2456348.477615
2456348.498048
2456348.518482
2456348.538915
2456348.559349
2456348.579783
2456348.600216
2456348.620650
2456348.641083
2456348.661517
2456348.681951
2456348.702384
2456348.722818
2456348.743251
2456348.763685
2456348.784118
2456348.804552
2456348.824986
2456348.845419
2456348.865853
2456348.886287
2456348.906720
2456348.927154
2456348.947587
2456348.968021
2456348.988455
2456349.008888
2456349.029322
2456349.049755
2456349.070189
2456349.090623
2456349.111056
2456349.131490
2456349.151923
2456349.172357
2456349.192791
2456349.213224
2456349.233658
2456349.254091
2456349.274525
2456349.294959
2456349.315392
2456349.335826
2456349.356259
2456349.376693
2456349.397127
2456349.417560
2456349.437994
2456349.458427
2456349.478861
2456349.499295
2456349.519728
2456349.540162
2456349.560596
2456349.581029
2456349.601463
2456349.621896
2456349.642330
2456349.662763
2456349.683197
2456349.703631
2456349.724064
2456349.744498
2456349.764931
2456349.785365
2456349.805799
2456349.826232
2456349.846666
2456349.867100
2456349.887533
2456349.907967
2456349.928400
2456349.948834
2456349.969268
2456349.989701
2456350.010135
2456350.030568
2456350.051002
2456350.071436
2456350.091869
2456350.112303
2456350.132737
2456350.153170
2456350.173604
2456350.194037
2456350.214471
2456350.234905
2456350.255338
2456350.275772
2456350.296205
2456350.316639
2456350.337073
2456350.357506
2456350.377940
2456350.398374
2456350.418807
2456350.439241
2456350.459674
2456350.480108
2456350.500542
2456350.520975
2456350.541409
2456350.561842
2456350.582276
2456350.602710
2456350.623143
2456350.643577
2456350.664010
2456350.684444
2456350.704878
2456350.725311
2456350.745745
2456350.766179
2456350.786612
2456350.807046
2456350.827479
2456350.847913
2456350.868347
2456350.888780
2456350.909214
2456350.929648
2456350.950081
2456350.970515
2456350.990948
2456351.011382
2456351.031816
2456351.052249
2456351.072683
2456351.093116
2456351.113550
2456351.133984
2456351.154417
2456351.174851
2456351.195285
2456351.215718
2456351.236152
2456351.256585
2456351.277019
2456351.297453
2456351.317886
2456351.338320
2456351.358754
2456351.379187
2456351.399621
2456351.420054
2456351.440488
2456351.460922
2456351.481355
2456351.501789
2456351.522223
2456351.542656
2456351.563090
2456351.583524
2456351.603957
2456351.624391
2456351.644824
2456351.665258
2456351.685692
2456351.706125
2456351.726559
2456351.746993
2456351.767426
2456351.787860
2456351.808293
2456351.828727
2456351.849161
2456351.869594
2456351.890028
2456351.910462
2456351.930895
2456351.951329
2456351.971762
2456351.992196
2456352.012630
2456352.033063
2456352.053497
2456352.073931
2456352.094364
2456352.114798
2456352.135232
2456352.155665
2456352.176099
2456352.196532
2456352.216966
2456352.237400
2456352.257833
2456352.278267
2456352.298701
2456352.319134
2456352.339568
2456352.360001
2456352.380435
2456352.400869
2456352.421302
2456352.441736
2456352.462170
2456352.482603
2456352.503037
2456352.523471
2456352.543904
2456352.564338
2456352.584772
2456352.605205
2456352.625639
2456352.646072
2456352.666506
2456352.686940
2456352.707373
2456352.727807
2456352.748241
2456352.768674
2456352.789108
2456352.809542
2456352.829975
2456352.850409
2456352.870843
2456352.891276
2456352.911710
2456352.932144
2456352.952577
2456352.973011
2456352.993444
2456353.013878
2456353.034312
2456353.054745
2456353.075179
2456353.095613
2456353.116046
2456353.136480
2456353.156914
2456353.177347
2456353.197781
2456353.218215
2456353.238648
2456353.259082
2456353.279515
2456353.299949
2456353.320383
2456353.340816
2456353.361250
2456353.381684
2456353.402117
2456353.422551
2456353.442985
2456353.463418
2456353.483852
2456353.504286
2456353.524719
2456353.545153
2456353.565587
2456353.586020
2456353.606454
2456353.626887
2456353.647321
2456353.667755
2456353.688188
2456353.708622
2456353.729056
2456353.749489
2456353.769923
2456353.790357
2456353.810790
2456353.831224
2456353.851658
2456353.872091
2456353.892525
2456353.912959
2456353.933392
2456353.953826
2456353.974260
2456353.994693
2456354.015127
2456354.035561
2456354.055994
2456354.076428
2456354.096862
2456354.117295
2456354.137729
2456354.158163
2456354.178596
2456354.199030
2456354.219463
2456354.239897
2456354.260331
2456354.280764
2456354.301198
2456354.321632
2456354.342065
2456354.362499
2456354.382933
2456354.403366
2456354.423800
2456354.444234
2456354.464667
2456354.485101
2456354.505535
2456354.525968
2456354.546402
2456354.566836
2456354.587269
2456354.607703
2456354.628137
2456354.648570
2456354.669004
2456354.689438
2456354.709871
2456354.730305
2456354.750739
2456354.771172
2456354.791606
2456354.812040
2456354.832473
2456354.852907
2456354.873341
2456354.893774
2456354.914208
2456354.934642
2456354.955075
2456354.975509
2456354.995943
2456355.016376
2456355.036810
2456355.057244
2456355.077677
2456355.098111
2456355.118545
2456355.138978
2456355.159412
2456355.179846
2456355.200279
2456355.220713
2456355.241147
2456355.261580
2456355.282014
2456355.302447
2456355.322881
2456355.343315
2456355.363748
2456355.384182
2456355.404616
2456355.425050
2456355.445483
2456355.465917
2456355.486351
2456355.506784
2456355.527218
2456355.547652
2456355.568085
2456355.588519
2456355.608953
2456355.629386
2456355.649820
2456355.670254
2456355.690687
2456355.711121
2456355.731555
2456355.751988
2456355.772422
2456355.792856
2456355.813289
2456355.833723
2456355.854157
2456355.874590
2456355.895024
2456355.915458
2456355.935891
2456355.956325
2456355.976759
2456355.997192
2456356.017626
2456356.038060
2456356.058493
2456356.078927
2456356.099361
2456356.119794
2456356.140228
2456356.160662
2456356.181095
2456356.201529
2456356.221963
2456356.242396
2456356.262830
2456356.283264
2456356.303698
2456356.324131
2456356.344565
2456356.364999
2456356.385432
2456356.405866
2456356.426300
2456356.446733
2456356.467167
2456356.487601
2456356.508034
2456356.528468
2456356.548902
2456356.569335
2456356.589769
2456356.610203
2456356.630636
2456356.651070
2456356.671504
2456356.691937
2456356.712371
2456356.732805
2456356.753239
2456356.773672
2456356.794106
2456356.814540
2456356.834973
2456356.855407
2456356.875841
2456356.896274
2456356.916708
2456356.937142
2456356.957575
2456356.978009
2456356.998443
2456357.018876
2456357.039310
2456357.059744
2456357.080178
2456357.100611
2456357.121045
2456357.141479
2456357.161912
2456357.182346
2456357.202780
2456357.223213
2456357.243647
2456357.264081
2456357.284514
2456357.304948
2456357.325382
2456357.345816
2456357.366249
2456357.386683
2456357.407117
2456357.427550
2456357.447984
2456357.468418
2456357.488851
2456357.509285
2456357.529719
2456357.550152
2456357.570586
2456357.591020
2456357.611454
2456357.631887
2456357.652321
2456357.672755
2456357.693188
2456357.713622
2456357.734056
2456357.754489
2456357.774923
2456357.795357
2456357.815791
2456357.836224
2456357.856658
2456357.877092
2456357.897525
2456357.917959
2456357.938393
2456357.958826
           NaN
           NaN
           NaN
           NaN
           NaN
           NaN
           NaN
           NaN
           NaN
           NaN
           NaN
           NaN
           NaN
           NaN
           NaN
           NaN
           NaN
           NaN
           NaN
           NaN
           NaN
           NaN
           NaN
           NaN
           NaN
           NaN
           NaN
           NaN
           NaN
           NaN
           NaN
           NaN
           NaN
           NaN
           NaN
           NaN
           NaN
           NaN
           NaN
           NaN
           NaN
           NaN
           NaN
           NaN
           NaN
           NaN
           NaN
           NaN
           NaN
           NaN
           NaN
           NaN
           NaN
           NaN
           NaN
           NaN
2456359.123547
2456359.143981
2456359.164415
2456359.184848
2456359.205282
2456359.225716
2456359.246150
2456359.266583
2456359.287017
2456359.307451
2456359.327884
2456359.348318
2456359.368752
2456359.389186
2456359.409619
2456359.430053
2456359.450487
2456359.470921
2456359.491354
2456359.511788
2456359.532222
2456359.552655
2456359.573089
2456359.593523
2456359.613957
2456359.634390
2456359.654824
2456359.675258
2456359.695691
2456359.716125
2456359.736559
2456359.756993
2456359.777426
2456359.797860
2456359.818294
2456359.838727
2456359.859161
2456359.879595
2456359.900028
2456359.920462
2456359.940896
2456359.961330
2456359.981763
2456360.002197
2456360.022631
2456360.043065
2456360.063498
2456360.083932
2456360.104366
2456360.124799
2456360.145233
2456360.165667
2456360.186101
2456360.206534
2456360.226968
2456360.247402
2456360.267836
2456360.288269
2456360.308703
2456360.329137
2456360.349570
2456360.370004
2456360.390438
2456360.410871
2456360.431305
2456360.451739
2456360.472173
2456360.492606
2456360.513040
2456360.533474
2456360.553908
2456360.574341
2456360.594775
2456360.615209
2456360.635643
2456360.656076
2456360.676510
2456360.696944
2456360.717377
2456360.737811
2456360.758245
2456360.778679
2456360.799112
2456360.819546
2456360.839980
2456360.860414
2456360.880847
2456360.901281
2456360.921715
2456360.942148
2456360.962582
2456360.983016
2456361.003450
2456361.023883
2456361.044317
2456361.064751
2456361.085185
2456361.105618
2456361.126052
2456361.146486
2456361.166919
2456361.187353
2456361.207787
2456361.228221
2456361.248654
2456361.269088
2456361.289522
2456361.309956
2456361.330389
2456361.350823
2456361.371257
2456361.391690
2456361.412124
2456361.432558
2456361.452992
2456361.473425
2456361.493859
2456361.514293
2456361.534727
2456361.555160
2456361.575594
2456361.596028
2456361.616462
2456361.636895
2456361.657329
2456361.677763
2456361.698197
2456361.718630
2456361.739064
2456361.759498
2456361.779931
2456361.800365
2456361.820799
2456361.841233
2456361.861666
2456361.882100
2456361.902534
2456361.922968
2456361.943401
2456361.963835
2456361.984269
2456362.004703
2456362.025136
2456362.045570
2456362.066004
2456362.086438
2456362.106871
2456362.127305
2456362.147739
2456362.168172
2456362.188606
2456362.209040
2456362.229474
2456362.249908
2456362.270341
2456362.290775
2456362.311209
2456362.331642
2456362.352076
2456362.372510
2456362.392944
2456362.413378
2456362.433811
2456362.454245
2456362.474679
2456362.495112
2456362.515546
2456362.535980
2456362.556414
2456362.576847
2456362.597281
2456362.617715
2456362.638149
2456362.658582
2456362.679016
2456362.699450
2456362.719884
2456362.740317
2456362.760751
2456362.781185
2456362.801619
2456362.822052
2456362.842486
2456362.862920
2456362.883354
2456362.903787
2456362.924221
2456362.944655
2456362.965089
2456362.985522
2456363.005956
2456363.026390
2456363.046824
2456363.067257
2456363.087691
2456363.108125
2456363.128559
2456363.148992
2456363.169426
2456363.189860
2456363.210294
2456363.230727
2456363.251161
2456363.271595
2456363.292029
2456363.312462
2456363.332896
2456363.353330
2456363.373764
2456363.394197
2456363.414631
2456363.435065
2456363.455499
2456363.475932
2456363.496366
2456363.516800
2456363.537234
2456363.557667
2456363.578101
2456363.598535
2456363.618969
2456363.639403
2456363.659836
2456363.680270
2456363.700704
2456363.721138
2456363.741571
2456363.762005
2456363.782439
2456363.802873
2456363.823306
2456363.843740
2456363.864174
2456363.884608
2456363.905041
2456363.925475
2456363.945909
2456363.966342
2456363.986776
2456364.007210
2456364.027644
2456364.048078
2456364.068511
2456364.088945
2456364.109379
2456364.129813
2456364.150246
2456364.170680
2456364.191114
2456364.211548
2456364.231982
2456364.252415
2456364.272849
2456364.293283
2456364.313717
2456364.334150
2456364.354584
2456364.375018
2456364.395452
2456364.415885
2456364.436319
2456364.456753
2456364.477187
2456364.497620
2456364.518054
2456364.538488
2456364.558922
2456364.579356
2456364.599789
2456364.620223
2456364.640657
2456364.661091
2456364.681524
2456364.701958
2456364.722392
2456364.742826
2456364.763259
2456364.783693
2456364.804127
2456364.824561
2456364.844994
2456364.865428
2456364.885862
2456364.906296
2456364.926730
2456364.947163
2456364.967597
2456364.988031
2456365.008465
2456365.028899
2456365.049332
2456365.069766
2456365.090200
2456365.110634
2456365.131067
2456365.151501
2456365.171935
2456365.192369
2456365.212802
2456365.233236
2456365.253670
2456365.274104
2456365.294537
2456365.314971
2456365.335405
2456365.355839
2456365.376273
2456365.396706
2456365.417140
2456365.437574
2456365.458008
2456365.478441
2456365.498875
2456365.519309
2456365.539743
2456365.560177
2456365.580610
2456365.601044
2456365.621478
2456365.641912
2456365.662345
2456365.682779
2456365.703213
2456365.723647
2456365.744080
2456365.764514
2456365.784948
2456365.805382
2456365.825816
2456365.846249
2456365.866683
2456365.887117
2456365.907551
2456365.927985
2456365.948418
2456365.968852
2456365.989286
2456366.009720
2456366.030154
2456366.050587
2456366.071021
2456366.091455
2456366.111889
2456366.132322
2456366.152756
2456366.173190
2456366.193624
2456366.214058
2456366.234491
2456366.254925
2456366.275359
2456366.295793
2456366.316227
2456366.336660
2456366.357094
2456366.377528
2456366.397962
2456366.418395
2456366.438829
2456366.459263
2456366.479697
2456366.500130
2456366.520564
2456366.540998
2456366.561432
2456366.581866
2456366.602299
2456366.622733
2456366.643167
2456366.663601
2456366.684035
2456366.704468
2456366.724902
2456366.745336
2456366.765770
2456366.786203
2456366.806637
2456366.827071
2456366.847505
2456366.867939
2456366.888373
2456366.908806
2456366.929240
2456366.949674
2456366.970108
2456366.990541
2456367.010975
2456367.031409
2456367.051843
2456367.072277
2456367.092710
2456367.113144
2456367.133578
2456367.154012
2456367.174446
2456367.194879
2456367.215313
2456367.235747
2456367.256181
2456367.276615
2456367.297048
2456367.317482
2456367.337916
2456367.358350
2456367.378784
2456367.399217
2456367.419651
2456367.440085
2456367.460519
2456367.480953
2456367.501386
2456367.521820
2456367.542254
2456367.562688
2456367.583122
2456367.603555
2456367.623989
2456367.644423
2456367.664857
2456367.685290
2456367.705724
2456367.726158
2456367.746592
2456367.767026
2456367.787459
2456367.807893
2456367.828327
2456367.848761
2456367.869195
2456367.889628
2456367.910062
2456367.930496
2456367.950930
2456367.971364
2456367.991798
2456368.012231
2456368.032665
2456368.053099
2456368.073533
2456368.093966
2456368.114400
2456368.134834
2456368.155268
2456368.175702
2456368.196136
2456368.216569
2456368.237003
2456368.257437
2456368.277871
2456368.298305
2456368.318738
2456368.339172
2456368.359606
2456368.380040
2456368.400473
2456368.420907
2456368.441341
2456368.461775
2456368.482209
2456368.502643
2456368.523076
2456368.543510
2456368.563944
2456368.584378
2456368.604812
2456368.625245
2456368.645679
2456368.666113
2456368.686547
2456368.706981
2456368.727414
2456368.747848
2456368.768282
2456368.788716
2456368.809150
2456368.829584
2456368.850017
2456368.870451
2456368.890885
2456368.911319
2456368.931753
2456368.952186
2456368.972620
2456368.993054
2456369.013488
2456369.033922
2456369.054355
2456369.074789
2456369.095223
2456369.115657
2456369.136091
2456369.156525
2456369.176958
2456369.197392
2456369.217826
2456369.238260
2456369.258694
2456369.279127
2456369.299561
2456369.319995
2456369.340429
2456369.360863
2456369.381296
2456369.401730
2456369.422164
2456369.442598
2456369.463032
2456369.483466
2456369.503899
2456369.524333
2456369.544767
2456369.565201
2456369.585635
2456369.606068
2456369.626502
2456369.646936
2456369.667370
2456369.687804
2456369.708238
2456369.728671
2456369.749105
2456369.769539
2456369.789973
2456369.810407
2456369.830840
2456369.851274
2456369.871708
2456369.892142
2456369.912576
2456369.933010
2456369.953443
2456369.973877
2456369.994311
2456370.014745
2456370.035179
2456370.055612
2456370.076046
2456370.096480
2456370.116914
2456370.137348
2456370.157782
2456370.178215
2456370.198649
2456370.219083
2456370.239517
2456370.259951
2456370.280385
2456370.300818
2456370.321252
2456370.341686
2456370.362120
2456370.382554
2456370.402988
2456370.423421
2456370.443855
2456370.464289
2456370.484723
2456370.505157
2456370.525591
2456370.546024
2456370.566458
2456370.586892
2456370.607326
2456370.627760
2456370.648193
2456370.668627
2456370.689061
2456370.709495
2456370.729929
2456370.750363
2456370.770796
2456370.791230
2456370.811664
2456370.832098
2456370.852532
2456370.872966
2456370.893399
2456370.913833
2456370.934267
2456370.954701
2456370.975135
2456370.995568
2456371.016002
2456371.036436
2456371.056870
2456371.077304
2456371.097738
2456371.118171
2456371.138605
2456371.159039
2456371.179473
2456371.199907
2456371.220341
2456371.240775
2456371.261208
2456371.281642
2456371.302076
2456371.322510
2456371.342944
2456371.363378
2456371.383811
2456371.404245
2456371.424679
2456371.445113
2456371.465547
2456371.485981
2456371.506414
2456371.526848
2456371.547282
2456371.567716
2456371.588150
2456371.608584
2456371.629017
2456371.649451
2456371.669885
2456371.690319
2456371.710753
2456371.731187
2456371.751620
2456371.772054
2456371.792488
2456371.812922
2456371.833356
2456371.853790
2456371.874223
2456371.894657
2456371.915091
2456371.935525
2456371.955959
2456371.976393
2456371.996827
2456372.017260
2456372.037694
2456372.058128
2456372.078562
2456372.098996
2456372.119430
2456372.139863
2456372.160297
2456372.180731
2456372.201165
2456372.221599
2456372.242033
2456372.262466
2456372.282900
2456372.303334
2456372.323768
2456372.344202
2456372.364636
2456372.385070
2456372.405503
2456372.425937
2456372.446371
2456372.466805
2456372.487239
2456372.507673
2456372.528107
2456372.548540
2456372.568974
2456372.589408
2456372.609842
2456372.630276
2456372.650710
2456372.671143
2456372.691577
2456372.712011
2456372.732445
2456372.752879
2456372.773313
2456372.793747
2456372.814180
2456372.834614
2456372.855048
2456372.875482
2456372.895916
2456372.916350
2456372.936783
2456372.957217
2456372.977651
2456372.998085
2456373.018519
2456373.038953
2456373.059386
2456373.079820
2456373.100254
2456373.120688
2456373.141122
2456373.161556
2456373.181990
2456373.202423
2456373.222857
2456373.243291
2456373.263725
2456373.284159
2456373.304593
2456373.325027
2456373.345461
2456373.365894
2456373.386328
2456373.406762
2456373.427196
2456373.447630
2456373.468064
2456373.488497
2456373.508931
2456373.529365
2456373.549799
2456373.570233
2456373.590667
2456373.611101
2456373.631535
2456373.651968
2456373.672402
2456373.692836
2456373.713270
2456373.733704
2456373.754138
2456373.774571
2456373.795005
2456373.815439
2456373.835873
2456373.856307
2456373.876741
2456373.897175
2456373.917608
2456373.938042
2456373.958476
2456373.978910
2456373.999344
2456374.019778
2456374.040212
2456374.060646
2456374.081079
2456374.101513
2456374.121947
2456374.142381
2456374.162815
2456374.183249
2456374.203683
2456374.224116
2456374.244550
2456374.264984
2456374.285418
2456374.305852
2456374.326286
2456374.346720
2456374.367153
2456374.387587
2456374.408021
2456374.428455
2456374.448889
2456374.469323
2456374.489757
2456374.510191
2456374.530624
2456374.551058
2456374.571492
2456374.591926
2456374.612360
2456374.632794
2456374.653228
2456374.673662
2456374.694095
2456374.714529
2456374.734963
2456374.755397
2456374.775831
2456374.796265
2456374.816698
2456374.837132
2456374.857566
2456374.878000
2456374.898434
2456374.918868
2456374.939302
2456374.959736
2456374.980169
2456375.000603
2456375.021037
2456375.041471
2456375.061905
2456375.082339
2456375.102773
2456375.123207
2456375.143641
2456375.164074
2456375.184508
2456375.204942
2456375.225376
2456375.245810
2456375.266244
2456375.286678
2456375.307111
2456375.327545
2456375.347979
2456375.368413
2456375.388847
2456375.409281
2456375.429715
2456375.450149
2456375.470582
2456375.491016
2456375.511450
2456375.531884
2456375.552318
2456375.572752
2456375.593186
2456375.613620
2456375.634053
2456375.654487
2456375.674921
2456375.695355
2456375.715789
2456375.736223
2456375.756657
2456375.777091
2456375.797524
2456375.817958
2456375.838392
2456375.858826
2456375.879260
2456375.899694
2456375.920128
2456375.940562
2456375.960996
2456375.981429
2456376.001863
2456376.022297
2456376.042731
2456376.063165
2456376.083599
2456376.104033
2456376.124467
2456376.144900
2456376.165334
2456376.185768
2456376.206202
2456376.226636
2456376.247070
2456376.267504
2456376.287938
2456376.308371
2456376.328805
2456376.349239
2456376.369673
2456376.390107
2456376.410541
2456376.430975
2456376.451409
2456376.471843
2456376.492276
2456376.512710
2456376.533144
2456376.553578
2456376.574012
2456376.594446
2456376.614880
2456376.635314
2456376.655747
2456376.676181
2456376.696615
2456376.717049
2456376.737483
2456376.757917
2456376.778351
2456376.798785
2456376.819219
2456376.839652
2456376.860086
2456376.880520
2456376.900954
2456376.921388
2456376.941822
2456376.962256
2456376.982690
2456377.003124
2456377.023558
2456377.043991
2456377.064425
2456377.084859
2456377.105293
2456377.125727
2456377.146161
2456377.166595
2456377.187029
2456377.207463
2456377.227896
2456377.248330
2456377.268764
2456377.289198
2456377.309632
2456377.330066
2456377.350500
2456377.370934
2456377.391368
2456377.411801
2456377.432235
2456377.452669
2456377.473103
2456377.493537
2456377.513971
2456377.534405
2456377.554839
2456377.575273
2456377.595706
2456377.616140
2456377.636574
2456377.657008
2456377.677442
2456377.697876
2456377.718310
2456377.738744
2456377.759178
2456377.779612
2456377.800045
2456377.820479
2456377.840913
2456377.861347
2456377.881781
2456377.902215
2456377.922649
2456377.943083
2456377.963517
2456377.983951
2456378.004384
2456378.024818
2456378.045252
2456378.065686
2456378.086120
2456378.106554
2456378.126988
2456378.147422
2456378.167856
2456378.188289
2456378.208723
2456378.229157
2456378.249591
2456378.270025
2456378.290459
2456378.310893
2456378.331327
2456378.351761
2456378.372195
2456378.392629
2456378.413062
2456378.433496
2456378.453930
2456378.474364
2456378.494798
2456378.515232
2456378.535666
2456378.556100
2456378.576534
2456378.596967
2456378.617401
2456378.637835
2456378.658269
2456378.678703
2456378.699137
2456378.719571
2456378.740005
2456378.760439
2456378.780873
2456378.801307
2456378.821740
2456378.842174
2456378.862608
2456378.883042
2456378.903476
2456378.923910
2456378.944344
2456378.964778
2456378.985212
2456379.005646
2456379.026080
2456379.046513
2456379.066947
2456379.087381
2456379.107815
2456379.128249
2456379.148683
2456379.169117
2456379.189551
2456379.209985
2456379.230419
2456379.250853
2456379.271286
2456379.291720
2456379.312154
2456379.332588
2456379.353022
2456379.373456
2456379.393890
2456379.414324
2456379.434758
2456379.455192
2456379.475626
2456379.496059
2456379.516493
2456379.536927
2456379.557361
2456379.577795
2456379.598229
2456379.618663
2456379.639097
2456379.659531
2456379.679965
2456379.700399
2456379.720833
2456379.741266
2456379.761700
2456379.782134
2456379.802568
2456379.823002
2456379.843436
2456379.863870
2456379.884304
2456379.904738
2456379.925172
2456379.945606
2456379.966039
2456379.986473
2456380.006907
2456380.027341
2456380.047775
2456380.068209
2456380.088643
2456380.109077
2456380.129511
2456380.149945
2456380.170379
2456380.190813
2456380.211246
2456380.231680
2456380.252114
2456380.272548
2456380.292982
2456380.313416
2456380.333850
2456380.354284
2456380.374718
2456380.395152
2456380.415586
2456380.436020
2456380.456454
2456380.476887
2456380.497321
2456380.517755
2456380.538189
2456380.558623
2456380.579057
2456380.599491
2456380.619925
2456380.640359
2456380.660793
2456380.681227
2456380.701661
2456380.722095
2456380.742528
2456380.762962
2456380.783396
2456380.803830
2456380.824264
2456380.844698
2456380.865132
2456380.885566
2456380.906000
2456380.926434
2456380.946868
2456380.967302
2456380.987735
2456381.008169
2456381.028603
2456381.049037
2456381.069471
2456381.089905
2456381.110339
2456381.130773
2456381.151207
2456381.171641
2456381.192075
2456381.212509
2456381.232943
2456381.253377
2456381.273811
2456381.294244
2456381.314678
2456381.335112
2456381.355546
2456381.375980
2456381.396414
2456381.416848
2456381.437282
2456381.457716
2456381.478150
2456381.498584
2456381.519018
2456381.539452
2456381.559886
2456381.580319
2456381.600753
2456381.621187
2456381.641621
2456381.662055
2456381.682489
2456381.702923
2456381.723357
2456381.743791
2456381.764225
2456381.784659
2456381.805093
2456381.825527
2456381.845961
2456381.866395
2456381.886828
2456381.907262
2456381.927696
2456381.948130
2456381.968564
2456381.988998
2456382.009432
2456382.029866
2456382.050300
2456382.070734
2456382.091168
2456382.111602
2456382.132036
2456382.152470
2456382.172904
2456382.193337
2456382.213772
2456382.234205
2456382.254639
2456382.275073
2456382.295507
2456382.315941
2456382.336375
2456382.356809
2456382.377243
2456382.397677
2456382.418111
2456382.438545
2456382.458979
2456382.479413
2456382.499847
2456382.520280
2456382.540714
2456382.561148
2456382.581582
2456382.602016
2456382.622450
2456382.642884
2456382.663318
2456382.683752
2456382.704186
2456382.724620
2456382.745054
2456382.765488
2456382.785922
2456382.806356
2456382.826790
2456382.847224
2456382.867657
2456382.888091
2456382.908525
2456382.928959
2456382.949393
2456382.969827
2456382.990261
2456383.010695
2456383.031129
2456383.051563
2456383.071997
2456383.092431
2456383.112865
2456383.133299
2456383.153733
2456383.174167
2456383.194600
2456383.215035
2456383.235468
2456383.255902
2456383.276336
2456383.296770
2456383.317204
2456383.337638
2456383.358072
2456383.378506
2456383.398940
2456383.419374
2456383.439808
2456383.460242
2456383.480676
2456383.501110
2456383.521544
2456383.541978
2456383.562412
2456383.582845
2456383.603280
2456383.623713
2456383.644147
2456383.664581
2456383.685015
2456383.705449
2456383.725883
2456383.746317
2456383.766751
2456383.787185
2456383.807619
2456383.828053
2456383.848487
2456383.868921
2456383.889355
2456383.909789
2456383.930223
2456383.950657
2456383.971091
2456383.991525
2456384.011959
2456384.032392
2456384.052826
2456384.073260
2456384.093694
2456384.114128
2456384.134562
2456384.154996
2456384.175430
2456384.195864
2456384.216298
2456384.236732
2456384.257166
2456384.277600
2456384.298034
2456384.318468
2456384.338902
2456384.359336
2456384.379770
2456384.400204
2456384.420638
2456384.441072
2456384.461505
2456384.481940
2456384.502373
2456384.522807
2456384.543241
2456384.563675
2456384.584109
2456384.604543
2456384.624977
2456384.645411
2456384.665845
2456384.686279
2456384.706713
2456384.727147
2456384.747581
2456384.768015
2456384.788449
2456384.808883
2456384.829317
2456384.849751
2456384.870185
2456384.890619
2456384.911053
2456384.931487
2456384.951921
2456384.972354
2456384.992788
2456385.013222
2456385.033656
2456385.054090
2456385.074524
2456385.094958
2456385.115392
2456385.135826
2456385.156260
2456385.176694
2456385.197128
2456385.217562
2456385.237996
2456385.258430
2456385.278864
2456385.299298
2456385.319732
2456385.340166
2456385.360600
2456385.381034
2456385.401468
2456385.421902
2456385.442336
2456385.462770
2456385.483204
2456385.503637
2456385.524071
2456385.544505
2456385.564939
2456385.585373
2456385.605807
2456385.626241
2456385.646675
2456385.667109
2456385.687543
2456385.707977
2456385.728411
2456385.748845
2456385.769279
2456385.789713
2456385.810147
2456385.830581
2456385.851015
2456385.871449
2456385.891883
2456385.912317
2456385.932751
2456385.953185
2456385.973619
2456385.994053
2456386.014487
2456386.034921
2456386.055355
2456386.075788
2456386.096223
2456386.116657
2456386.137090
2456386.157524
2456386.177958
2456386.198392
2456386.218826
2456386.239260
2456386.259694
2456386.280128
2456386.300562
2456386.320996
2456386.341430
2456386.361864
2456386.382298
2456386.402732
2456386.423166
2456386.443600
2456386.464034
2456386.484468
2456386.504902
2456386.525336
2456386.545770
2456386.566204
2456386.586638
2456386.607072
2456386.627506
2456386.647940
2456386.668374
2456386.688808
2456386.709242
2456386.729676
2456386.750110
2456386.770544
2456386.790978
2456386.811412
2456386.831846
2456386.852280
2456386.872714
2456386.893147
2456386.913581
2456386.934015
2456386.954449
2456386.974883
2456386.995317
2456387.015751
2456387.036185
2456387.056619
2456387.077053
2456387.097487
2456387.117921
2456387.138355
2456387.158789
2456387.179223
2456387.199657
2456387.220091
2456387.240525
2456387.260959
2456387.281393
2456387.301827
2456387.322261
2456387.342695
2456387.363129
2456387.383563
2456387.403997
2456387.424431
2456387.444865
2456387.465299
2456387.485733
2456387.506167
2456387.526601
2456387.547035
2456387.567469
2456387.587903
2456387.608337
2456387.628771
2456387.649205
2456387.669639
2456387.690073
2456387.710507
2456387.730941
2456387.751375
2456387.771809
2456387.792243
2456387.812677
2456387.833111
2456387.853545
2456387.873978
2456387.894412
2456387.914847
2456387.935280
2456387.955714
2456387.976148
2456387.996582
2456388.017016
2456388.037450
2456388.057884
2456388.078318
2456388.098752
2456388.119186
2456388.139620
2456388.160054
2456388.180488
2456388.200922
2456388.221356
2456388.241790
2456388.262224
2456388.282658
2456388.303092
2456388.323526
2456388.343960
2456388.364394
2456388.384828
2456388.405262
2456388.425696
2456388.446130
2456388.466564
2456388.486998
2456388.507432
2456388.527866
2456388.548300
2456388.568734
2456388.589168
2456388.609602
2456388.630036
2456388.650470
2456388.670904
2456388.691338
2456388.711772
2456388.732206
2456388.752640
2456388.773074
2456388.793508
2456388.813942
2456388.834376
2456388.854810
2456388.875244
2456388.895678
2456388.916112
2456388.936546
2456388.956980
2456388.977414
2456388.997848
2456389.018282
2456389.038716
2456389.059150
2456389.079584
2456389.100018
2456389.120452
2456389.140886
2456389.161320
2456389.181754
2456389.202188
2456389.222622
2456389.243056
2456389.263490
2456389.283924
2456389.304358
2456389.324792
2456389.345226
2456389.365660
2456389.386094
2456389.406528
2456389.426962
2456389.447396
2456389.467830
2456389.488264
2456389.508698
2456389.529132
2456389.549566
2456389.570000
2456389.590434
2456389.610868
2456389.631302
2456389.651736
2456389.672170
2456389.692604
2456389.713038
2456389.733472
2456389.753906
2456389.774340
2456389.794774
2456389.815208
2456389.835642
2456389.856076
2456389.876510
2456389.896944
2456389.917378
2456389.937812
2456389.958246
2456389.978680
2456389.999114
2456390.019548
2456390.039982
2456390.060416
2456390.080850
2456390.101284
2456390.121718
2456390.142152
2456390.162586
2456390.183020
2456390.203454
2456390.223888
2456390.244322
2456390.264756
2456390.285190
2456390.305624
2456390.326058
2456390.346492
2456390.366926
2456390.387360
2456390.407794
2456390.428228
2456390.448662
2456390.469096
2456390.489530
2456390.509964
2456390.530398
2456390.550832
2456390.571266
2456390.591700
2456390.612134
2456390.632568
2456390.653002
2456390.673436
2456390.693870
2456390.714304
2456390.734738
2456390.755172
2456390.775606
2456390.796040
2456390.816474
2456390.836908
2456390.857342
2456390.877776
2456390.898210
2456390.918644
2456390.939078
2456390.959512
