2455276.490645
2455276.511079
2455276.531513
2455276.551947
2455276.572382
2455276.592815
2455276.613249
2455276.633684
2455276.654118
2455276.674552
2455276.694986
2455276.715420
2455276.735854
2455276.756288
2455276.776722
2455276.797156
2455276.817590
2455276.838024
2455276.858458
2455276.878892
2455276.899326
2455276.919760
2455276.940194
2455276.960628
2455276.981062
2455277.001496
2455277.021930
2455277.042364
2455277.062798
2455277.083232
2455277.103666
2455277.124100
2455277.144534
2455277.164968
2455277.185402
2455277.205836
2455277.226270
2455277.246704
2455277.267138
2455277.287572
2455277.308006
2455277.328440
2455277.348874
2455277.369308
2455277.389742
2455277.410176
2455277.430610
2455277.451044
2455277.471478
2455277.491912
2455277.512346
2455277.532780
2455277.553214
2455277.573648
2455277.594082
2455277.614517
2455277.634951
2455277.655385
2455277.675819
2455277.696253
2455277.716687
2455277.737121
2455277.757555
2455277.777989
2455277.798423
2455277.818857
2455277.839291
2455277.859725
2455277.880159
2455277.900593
2455277.921027
2455277.941461
2455277.961895
2455277.982329
2455278.002763
2455278.023197
2455278.043631
2455278.064065
2455278.084499
2455278.104933
2455278.125367
2455278.145801
2455278.166235
2455278.186669
2455278.207103
2455278.227537
2455278.247971
2455278.268405
2455278.288839
2455278.309273
2455278.329708
2455278.350142
2455278.370575
2455278.391010
2455278.411444
2455278.431878
2455278.452312
2455278.472746
2455278.493180
2455278.513614
2455278.534048
2455278.554482
2455278.574916
2455278.595350
2455278.615784
2455278.636218
2455278.656652
2455278.677086
2455278.697520
2455278.717954
2455278.738388
2455278.758822
2455278.779256
2455278.799690
2455278.820124
2455278.840558
2455278.860992
2455278.881426
2455278.901860
2455278.922294
2455278.942728
2455278.963163
2455278.983596
2455279.004031
2455279.024465
2455279.044899
2455279.065333
2455279.085767
2455279.106201
2455279.126635
2455279.147069
2455279.167503
2455279.187937
2455279.208371
2455279.228805
2455279.249239
2455279.269673
2455279.290107
2455279.310541
2455279.330975
2455279.351409
2455279.371843
2455279.392277
2455279.412711
2455279.433145
2455279.453579
2455279.474013
2455279.494447
2455279.514881
2455279.535316
2455279.555750
2455279.576184
2455279.596618
2455279.617052
2455279.637486
2455279.657920
2455279.678354
2455279.698788
2455279.719222
2455279.739656
2455279.760090
2455279.780524
2455279.800958
2455279.821392
2455279.841826
2455279.862260
2455279.882694
2455279.903128
2455279.923562
2455279.943996
2455279.964430
2455279.984864
2455280.005298
2455280.025732
2455280.046167
2455280.066601
2455280.087035
2455280.107469
2455280.127903
2455280.148337
2455280.168771
2455280.189205
2455280.209639
2455280.230073
2455280.250507
2455280.270941
2455280.291375
2455280.311809
2455280.332243
2455280.352677
2455280.373111
2455280.393545
2455280.413979
2455280.434413
2455280.454847
2455280.475281
2455280.495716
2455280.516150
2455280.536584
2455280.557018
2455280.577452
2455280.597886
2455280.618320
2455280.638754
2455280.659188
2455280.679622
2455280.700056
2455280.720490
2455280.740924
2455280.761358
2455280.781792
2455280.802226
2455280.822660
2455280.843094
2455280.863528
2455280.883962
2455280.904396
2455280.924830
2455280.945265
2455280.965699
2455280.986133
2455281.006567
2455281.027001
2455281.047435
2455281.067869
2455281.088303
2455281.108737
2455281.129171
2455281.149605
2455281.170039
2455281.190473
2455281.210907
2455281.231341
2455281.251775
2455281.272209
2455281.292643
2455281.313077
2455281.333511
2455281.353946
2455281.374380
2455281.394814
2455281.415248
2455281.435682
2455281.456116
2455281.476550
2455281.496984
2455281.517418
2455281.537852
2455281.558286
2455281.578720
2455281.599154
2455281.619588
2455281.640022
2455281.660456
2455281.680890
2455281.701324
2455281.721758
2455281.742193
2455281.762627
2455281.783061
2455281.803495
2455281.823929
2455281.844363
2455281.864797
2455281.885231
2455281.905665
2455281.926099
2455281.946533
2455281.966967
2455281.987401
2455282.007835
2455282.028269
2455282.048703
2455282.069137
2455282.089571
2455282.110006
2455282.130440
2455282.150874
2455282.171308
2455282.191742
2455282.212176
2455282.232610
2455282.253044
2455282.273478
2455282.293912
2455282.314346
2455282.334780
2455282.355214
2455282.375648
2455282.396082
2455282.416516
2455282.436950
2455282.457385
2455282.477819
2455282.498253
2455282.518687
2455282.539121
2455282.559555
2455282.579989
2455282.600423
2455282.620857
2455282.641291
2455282.661725
2455282.682159
2455282.702593
2455282.723027
2455282.743461
2455282.763895
2455282.784329
2455282.804764
2455282.825198
2455282.845632
2455282.866066
2455282.886500
2455282.906934
2455282.927368
2455282.947802
2455282.968236
2455282.988670
2455283.009104
2455283.029538
2455283.049972
2455283.070406
2455283.090840
2455283.111274
2455283.131709
2455283.152143
2455283.172577
2455283.193011
2455283.213445
2455283.233879
2455283.254313
2455283.274747
2455283.295181
2455283.315615
2455283.336049
2455283.356483
2455283.376917
2455283.397351
2455283.417785
2455283.438220
2455283.458654
2455283.479088
2455283.499522
2455283.519956
2455283.540390
2455283.560824
2455283.581258
2455283.601692
2455283.622126
2455283.642560
2455283.662994
2455283.683428
2455283.703862
2455283.724296
2455283.744730
2455283.765165
2455283.785599
2455283.806033
2455283.826467
2455283.846901
2455283.867335
2455283.887769
2455283.908203
2455283.928637
2455283.949071
2455283.969505
2455283.989939
2455284.010373
2455284.030807
2455284.051242
2455284.071676
2455284.092110
2455284.112544
2455284.132978
2455284.153412
2455284.173846
2455284.194280
2455284.214714
2455284.235148
2455284.255582
2455284.276016
2455284.296450
2455284.316884
2455284.337319
2455284.357753
2455284.378187
2455284.398621
2455284.419055
2455284.439489
2455284.459923
2455284.480357
2455284.500791
2455284.521225
2455284.541659
2455284.562093
2455284.582527
2455284.602961
2455284.623395
2455284.643830
2455284.664264
2455284.684698
2455284.705132
2455284.725566
2455284.746000
2455284.766434
2455284.786868
2455284.807302
2455284.827736
2455284.848170
2455284.868604
2455284.889038
2455284.909473
2455284.929907
2455284.950341
2455284.970775
2455284.991209
2455285.011643
2455285.032077
2455285.052511
2455285.072945
2455285.093379
2455285.113813
2455285.134247
2455285.154681
2455285.175116
2455285.195550
2455285.215984
2455285.236418
2455285.256852
2455285.277286
2455285.297720
2455285.318154
2455285.338588
2455285.359022
2455285.379456
2455285.399890
2455285.420325
2455285.440759
2455285.461193
2455285.481627
2455285.502061
2455285.522495
2455285.542929
2455285.563363
2455285.583797
2455285.604231
2455285.624665
2455285.645099
2455285.665533
2455285.685968
2455285.706402
2455285.726836
2455285.747270
2455285.767704
2455285.788138
2455285.808572
2455285.829006
2455285.849440
2455285.869874
2455285.890308
2455285.910742
2455285.931177
2455285.951610
2455285.972045
2455285.992479
2455286.012913
2455286.033347
2455286.053781
2455286.074215
2455286.094649
2455286.115083
2455286.135517
2455286.155951
2455286.176385
2455286.196820
2455286.217254
2455286.237688
2455286.258122
2455286.278556
2455286.298990
2455286.319424
2455286.339858
2455286.360292
2455286.380726
2455286.401160
2455286.421594
2455286.442029
2455286.462463
2455286.482897
2455286.503331
2455286.523765
2455286.544199
2455286.564633
2455286.585067
2455286.605501
2455286.625935
2455286.646369
2455286.666803
2455286.687238
2455286.707672
2455286.728106
2455286.748540
2455286.768974
2455286.789408
2455286.809842
2455286.830276
2455286.850710
2455286.871144
2455286.891578
2455286.912012
2455286.932447
2455286.952881
2455286.973315
2455286.993749
2455287.014183
2455287.034617
2455287.055051
2455287.075485
2455287.095919
2455287.116353
2455287.136788
2455287.157222
2455287.177656
2455287.198090
2455287.218524
2455287.238958
2455287.259392
2455287.279826
2455287.300260
2455287.320694
2455287.341128
2455287.361562
2455287.381997
2455287.402431
2455287.422865
2455287.443299
2455287.463733
2455287.484167
2455287.504601
2455287.525035
2455287.545469
2455287.565903
2455287.586338
2455287.606772
2455287.627206
2455287.647640
2455287.668074
2455287.688508
2455287.708942
2455287.729376
2455287.749810
2455287.770244
2455287.790678
2455287.811112
2455287.831547
2455287.851981
2455287.872415
2455287.892849
2455287.913283
2455287.933717
2455287.954151
2455287.974585
2455287.995019
2455288.015453
2455288.035888
2455288.056322
2455288.076756
2455288.097190
2455288.117624
2455288.138058
2455288.158492
2455288.178926
2455288.199360
2455288.219794
2455288.240228
2455288.260662
2455288.281097
2455288.301531
2455288.321965
2455288.342399
2455288.362833
2455288.383267
2455288.403701
2455288.424135
2455288.444569
2455288.465004
2455288.485438
2455288.505872
2455288.526306
2455288.546740
2455288.567174
2455288.587608
2455288.608042
2455288.628476
2455288.648910
2455288.669345
2455288.689779
2455288.710213
2455288.730647
2455288.751081
2455288.771515
2455288.791949
2455288.812383
2455288.832817
2455288.853251
2455288.873686
2455288.894120
2455288.914554
2455288.934988
2455288.955422
2455288.975856
2455288.996290
2455289.016724
2455289.037158
2455289.057592
2455289.078026
2455289.098461
2455289.118895
2455289.139329
2455289.159763
2455289.180197
2455289.200631
2455289.221065
2455289.241499
2455289.261933
2455289.282367
2455289.302802
2455289.323236
2455289.343670
2455289.364104
2455289.384538
2455289.404972
2455289.425406
2455289.445840
2455289.466274
2455289.486709
2455289.507143
2455289.527577
2455289.548011
2455289.568445
2455289.588879
2455289.609313
2455289.629747
2455289.650181
2455289.670615
2455289.691050
2455289.711484
2455289.731918
2455289.752352
2455289.772786
2455289.793220
2455289.813654
2455289.834088
2455289.854522
2455289.874956
2455289.895390
2455289.915825
2455289.936259
2455289.956693
2455289.977127
2455289.997561
2455290.017995
2455290.038429
2455290.058863
2455290.079297
2455290.099732
2455290.120166
2455290.140600
2455290.161034
2455290.181468
2455290.201902
2455290.222336
2455290.242770
2455290.263204
2455290.283638
2455290.304073
2455290.324507
2455290.344941
2455290.365375
2455290.385809
2455290.406243
2455290.426677
2455290.447111
2455290.467545
2455290.487980
2455290.508414
2455290.528848
2455290.549282
2455290.569716
2455290.590150
2455290.610584
2455290.631018
2455290.651452
2455290.671887
2455290.692321
2455290.712755
2455290.733189
2455290.753623
2455290.774057
2455290.794491
2455290.814925
2455290.835359
2455290.855794
2455290.876228
2455290.896662
2455290.917096
2455290.937530
2455290.957964
2455290.978398
2455290.998832
2455291.019267
2455291.039701
2455291.060135
2455291.080569
2455291.101003
2455291.121437
2455291.141871
2455291.162305
2455291.182739
2455291.203174
2455291.223608
2455291.244042
2455291.264476
2455291.284910
2455291.305344
2455291.325778
2455291.346212
2455291.366646
2455291.387081
2455291.407515
2455291.427949
2455291.448383
2455291.468817
2455291.489251
2455291.509685
2455291.530119
2455291.550553
2455291.570988
2455291.591422
2455291.611856
2455291.632290
2455291.652724
2455291.673158
2455291.693592
2455291.714026
2455291.734460
2455291.754894
2455291.775329
2455291.795763
2455291.816197
2455291.836631
2455291.857065
2455291.877499
2455291.897933
2455291.918367
2455291.938801
2455291.959236
2455291.979670
2455292.000104
2455292.020538
2455292.040972
2455292.061406
2455292.081840
2455292.102275
2455292.122709
2455292.143143
2455292.163577
2455292.184011
2455292.204445
2455292.224879
2455292.245313
2455292.265747
2455292.286182
2455292.306616
2455292.327050
2455292.347484
2455292.367918
2455292.388352
2455292.408786
2455292.429220
2455292.449654
2455292.470089
2455292.490523
2455292.510957
2455292.531391
2455292.551825
2455292.572259
2455292.592693
2455292.613127
2455292.633561
2455292.653996
2455292.674430
2455292.694864
2455292.715298
2455292.735732
2455292.756166
2455292.776600
2455292.797035
2455292.817469
2455292.837903
2455292.858337
2455292.878771
2455292.899205
2455292.919639
2455292.940073
2455292.960507
2455292.980942
2455293.001376
2455293.021810
2455293.042244
2455293.062678
2455293.083112
2455293.103546
2455293.123980
2455293.144414
2455293.164849
2455293.185283
2455293.205717
2455293.226151
2455293.246585
2455293.267019
2455293.287453
2455293.307888
2455293.328322
2455293.348756
2455293.369190
2455293.389624
2455293.410058
2455293.430492
2455293.450926
2455293.471360
2455293.491795
2455293.512229
2455293.532663
2455293.553097
2455293.573531
2455293.593965
2455293.614399
2455293.634834
2455293.655268
2455293.675702
2455293.696136
2455293.716570
2455293.737004
2455293.757438
2455293.777872
2455293.798307
2455293.818741
2455293.839175
2455293.859609
2455293.880043
2455293.900477
2455293.920911
2455293.941345
2455293.961779
2455293.982214
2455294.002648
2455294.023082
2455294.043516
2455294.063950
2455294.084384
2455294.104818
2455294.125253
2455294.145687
2455294.166121
2455294.186555
2455294.206989
2455294.227423
2455294.247857
2455294.268291
2455294.288725
2455294.309160
2455294.329594
2455294.350028
2455294.370462
2455294.390896
2455294.411330
2455294.431764
2455294.452199
2455294.472633
2455294.493067
2455294.513501
2455294.533935
2455294.554369
2455294.574803
2455294.595237
2455294.615672
2455294.636106
2455294.656540
2455294.676974
2455294.697408
2455294.717842
2455294.738276
2455294.758711
2455294.779145
2455294.799579
2455294.820013
2455294.840447
2455294.860881
2455294.881315
2455294.901749
2455294.922183
2455294.942618
2455294.963052
2455294.983486
2455295.003920
2455295.024354
2455295.044788
2455295.065222
2455295.085657
2455295.106091
2455295.126525
2455295.146959
2455295.167393
2455295.187827
2455295.208261
2455295.228695
2455295.249130
2455295.269564
2455295.289998
2455295.310432
2455295.330866
2455295.351300
2455295.371734
2455295.392169
2455295.412603
2455295.433037
2455295.453471
2455295.473905
2455295.494339
2455295.514773
2455295.535207
2455295.555642
2455295.576076
2455295.596510
2455295.616944
2455295.637378
2455295.657812
2455295.678246
2455295.698681
2455295.719115
2455295.739549
2455295.759983
2455295.780417
2455295.800851
2455295.821285
2455295.841720
2455295.862154
2455295.882588
2455295.903022
2455295.923456
2455295.943890
2455295.964324
2455295.984758
2455296.005193
2455296.025627
2455296.046061
2455296.066495
2455296.086929
2455296.107363
2455296.127797
2455296.148232
2455296.168666
2455296.189100
2455296.209534
2455296.229968
2455296.250402
2455296.270836
2455296.291270
2455296.311705
2455296.332139
2455296.352573
2455296.373007
2455296.393441
2455296.413875
2455296.434309
2455296.454744
2455296.475178
2455296.495612
2455296.516046
2455296.536480
2455296.556914
2455296.577348
2455296.597783
2455296.618217
2455296.638651
2455296.659085
2455296.679519
2455296.699953
2455296.720387
2455296.740822
2455296.761256
2455296.781690
2455296.802124
2455296.822558
2455296.842992
2455296.863426
2455296.883860
2455296.904295
2455296.924729
2455296.945163
2455296.965597
2455296.986031
2455297.006465
2455297.026900
2455297.047334
2455297.067768
2455297.088202
2455297.108636
2455297.129070
2455297.149504
2455297.169938
2455297.190373
2455297.210807
2455297.231241
2455297.251675
2455297.272109
2455297.292543
2455297.312977
2455297.333412
2455297.353846
2455297.374280
2455297.394714
2455297.415148
2455297.435582
2455297.456016
2455297.476451
2455297.496885
2455297.517319
2455297.537753
2455297.558187
2455297.578621
2455297.599055
2455297.619490
2455297.639924
2455297.660358
2455297.680792
2455297.701226
2455297.721660
2455297.742094
2455297.762529
2455297.782963
2455297.803397
2455297.823831
2455297.844265
2455297.864699
2455297.885133
2455297.905568
2455297.926002
2455297.946436
2455297.966870
2455297.987304
2455298.007738
2455298.028172
2455298.048607
2455298.069041
2455298.089475
2455298.109909
2455298.130343
2455298.150777
2455298.171211
2455298.191646
2455298.212080
2455298.232514
2455298.252948
2455298.273382
2455298.293816
2455298.314251
2455298.334685
2455298.355119
2455298.375553
2455298.395987
2455298.416421
2455298.436855
2455298.457290
2455298.477724
2455298.498158
2455298.518592
2455298.539026
2455298.559460
2455298.579894
2455298.600328
2455298.620763
2455298.641197
2455298.661631
2455298.682065
2455298.702499
2455298.722933
2455298.743368
2455298.763802
2455298.784236
2455298.804670
2455298.825104
2455298.845538
2455298.865972
2455298.886407
2455298.906841
2455298.927275
2455298.947709
2455298.968143
2455298.988577
2455299.009012
2455299.029446
2455299.049880
2455299.070314
2455299.090748
2455299.111182
2455299.131616
2455299.152051
2455299.172485
2455299.192919
2455299.213353
2455299.233787
2455299.254221
2455299.274655
2455299.295090
2455299.315524
2455299.335958
2455299.356392
2455299.376826
2455299.397260
2455299.417694
2455299.438129
2455299.458563
2455299.478997
2455299.499431
2455299.519865
2455299.540299
2455299.560734
2455299.581168
2455299.601602
2455299.622036
2455299.642470
2455299.662904
2455299.683338
2455299.703773
2455299.724207
2455299.744641
2455299.765075
2455299.785509
2455299.805943
2455299.826378
2455299.846812
2455299.867246
2455299.887680
2455299.908114
2455299.928548
2455299.948982
2455299.969417
2455299.989851
2455300.010285
2455300.030719
2455300.051153
2455300.071587
2455300.092022
2455300.112456
2455300.132890
2455300.153324
2455300.173758
2455300.194192
2455300.214626
2455300.235060
2455300.255495
2455300.275929
2455300.296363
2455300.316797
2455300.337231
2455300.357665
2455300.378100
2455300.398534
2455300.418968
2455300.439402
2455300.459836
2455300.480270
2455300.500704
2455300.521139
2455300.541573
2455300.562007
2455300.582441
2455300.602875
2455300.623309
2455300.643744
2455300.664178
2455300.684612
2455300.705046
2455300.725480
2455300.745914
2455300.766349
2455300.786783
2455300.807217
2455300.827651
2455300.848085
2455300.868519
2455300.888954
2455300.909388
2455300.929822
2455300.950256
2455300.970690
2455300.991124
2455301.011558
2455301.031993
2455301.052427
2455301.072861
2455301.093295
2455301.113729
2455301.134163
2455301.154598
2455301.175032
2455301.195466
2455301.215900
2455301.236334
2455301.256768
2455301.277203
2455301.297637
2455301.318071
2455301.338505
2455301.358939
2455301.379373
2455301.399807
2455301.420242
2455301.440676
2455301.461110
2455301.481544
2455301.501978
2455301.522412
2455301.542847
2455301.563281
2455301.583715
2455301.604149
2455301.624583
2455301.645017
2455301.665452
2455301.685886
2455301.706320
2455301.726754
2455301.747188
2455301.767622
2455301.788056
2455301.808491
2455301.828925
2455301.849359
2455301.869793
2455301.890227
2455301.910661
2455301.931096
2455301.951530
2455301.971964
2455301.992398
2455302.012832
2455302.033266
2455302.053701
2455302.074135
2455302.094569
2455302.115003
2455302.135437
2455302.155871
2455302.176306
2455302.196740
2455302.217174
2455302.237608
2455302.258042
2455302.278476
2455302.298910
2455302.319345
2455302.339779
2455302.360213
2455302.380647
2455302.401081
2455302.421515
2455302.441950
2455302.462384
2455302.482818
2455302.503252
2455302.523686
2455302.544120
2455302.564555
2455302.584989
2455302.605423
2455302.625857
2455302.646291
2455302.666725
2455302.687160
2455302.707594
2455302.728028
2455302.748462
2455302.768896
2455302.789330
2455302.809765
2455302.830199
2455302.850633
2455302.871067
2455302.891501
2455302.911935
2455302.932370
2455302.952804
2455302.973238
2455302.993672
2455303.014106
2455303.034540
2455303.054974
2455303.075409
2455303.095843
2455303.116277
2455303.136711
2455303.157145
2455303.177579
2455303.198014
2455303.218448
2455303.238882
2455303.259316
2455303.279750
2455303.300184
2455303.320619
2455303.341053
2455303.361487
2455303.381921
2455303.402355
2455303.422789
2455303.443224
2455303.463658
2455303.484092
2455303.504526
2455303.524960
2455303.545394
2455303.565829
2455303.586263
2455303.606697
2455303.627131
2455303.647565
2455303.667999
2455303.688434
2455303.708868
2455303.729302
2455303.749736
2455303.770170
2455303.790604
2455303.811039
2455303.831473
2455303.851907
2455303.872341
2455303.892775
2455303.913209
2455303.933644
2455303.954078
2455303.974512
2455303.994946
2455304.015380
2455304.035814
2455304.056249
2455304.076683
2455304.097117
2455304.117551
2455304.137985
2455304.158419
2455304.178854
2455304.199288
2455304.219722
2455304.240156
2455304.260590
2455304.281024
2455304.301459
2455304.321893
2455304.342327
2455304.362761
2455304.383195
2455304.403629
2455304.424064
2455304.444498
2455304.464932
2455304.485366
2455304.505800
2455304.526234
2455304.546669
2455304.567103
2455304.587537
2455304.607971
2455304.628405
2455304.648839
2455304.669274
2455304.689708
2455304.710142
2455304.730576
2455304.751010
2455304.771445
2455304.791879
2455304.812313
2455304.832747
2455304.853181
2455304.873615
2455304.894050
2455304.914484
2455304.934918
2455304.955352
2455304.975786
2455304.996220
2455305.016655
2455305.037089
2455305.057523
2455305.077957
2455305.098391
2455305.118825
2455305.139260
2455305.159694
2455305.180128
2455305.200562
2455305.220996
2455305.241431
2455305.261865
2455305.282299
2455305.302733
2455305.323167
2455305.343601
2455305.364036
2455305.384470
2455305.404904
2455305.425338
2455305.445772
2455305.466206
2455305.486641
2455305.507075
2455305.527509
2455305.547943
2455305.568377
2455305.588811
2455305.609246
2455305.629680
2455305.650114
2455305.670548
2455305.690982
2455305.711416
2455305.731851
2455305.752285
2455305.772719
2455305.793153
2455305.813587
2455305.834022
2455305.854456
2455305.874890
2455305.895324
2455305.915758
2455305.936192
2455305.956627
2455305.977061
2455305.997495
2455306.017929
2455306.038363
2455306.058798
2455306.079232
2455306.099666
2455306.120100
2455306.140534
2455306.160968
2455306.181403
2455306.201837
2455306.222271
2455306.242705
2455306.263139
2455306.283573
2455306.304008
2455306.324442
2455306.344876
2455306.365310
2455306.385744
2455306.406178
2455306.426613
2455306.447047
2455306.467481
2455306.487915
2455306.508349
2455306.528784
2455306.549218
2455306.569652
2455306.590086
2455306.610520
2455306.630954
2455306.651389
2455306.671823
2455306.692257
2455306.712691
2455306.733125
2455306.753559
2455306.773994
2455306.794428
2455306.814862
2455306.835296
2455306.855730
2455306.876165
2455306.896599
2455306.917033
2455306.937467
2455306.957901
2455306.978335
2455306.998770
2455307.019204
2455307.039638
2455307.060072
2455307.080506
2455307.100940
2455307.121375
2455307.141809
2455307.162243
2455307.182677
2455307.203111
2455307.223546
2455307.243980
2455307.264414
2455307.284848
2455307.305282
2455307.325716
2455307.346151
2455307.366585
2455307.387019
2455307.407453
2455307.427887
2455307.448322
2455307.468756
2455307.489190
2455307.509624
2455307.530058
2455307.550493
2455307.570927
2455307.591361
2455307.611795
2455307.632229
2455307.652663
2455307.673098
2455307.693532
2455307.713966
2455307.734400
2455307.754834
2455307.775268
2455307.795703
2455307.816137
2455307.836571
2455307.857005
2455307.877439
2455307.897873
2455307.918308
2455307.938742
2455307.959176
2455307.979610
2455308.000044
           NaN
           NaN
           NaN
           NaN
           NaN
           NaN
           NaN
           NaN
           NaN
           NaN
           NaN
           NaN
           NaN
           NaN
           NaN
           NaN
           NaN
           NaN
           NaN
           NaN
           NaN
           NaN
           NaN
           NaN
           NaN
           NaN
           NaN
           NaN
           NaN
           NaN
           NaN
           NaN
           NaN
           NaN
           NaN
           NaN
           NaN
           NaN
           NaN
           NaN
           NaN
           NaN
           NaN
           NaN
           NaN
           NaN
           NaN
           NaN
           NaN
           NaN
           NaN
           NaN
           NaN
           NaN
           NaN
           NaN
           NaN
           NaN
           NaN
           NaN
           NaN
           NaN
2455309.287394
2455309.307829
2455309.328263
2455309.348697
2455309.369131
2455309.389565
2455309.410000
2455309.430434
2455309.450868
2455309.471302
2455309.491736
2455309.512170
2455309.532605
2455309.553039
2455309.573473
2455309.593907
2455309.614341
2455309.634776
2455309.655210
2455309.675644
2455309.696078
2455309.716512
2455309.736946
2455309.757381
2455309.777815
2455309.798249
2455309.818683
2455309.839117
2455309.859551
2455309.879986
2455309.900420
2455309.920854
2455309.941288
2455309.961723
2455309.982157
2455310.002591
2455310.023025
2455310.043459
2455310.063894
2455310.084328
2455310.104762
2455310.125196
2455310.145630
2455310.166064
2455310.186499
2455310.206933
2455310.227367
2455310.247801
2455310.268235
2455310.288670
2455310.309104
2455310.329538
2455310.349972
2455310.370406
2455310.390840
2455310.411275
2455310.431709
2455310.452143
2455310.472577
2455310.493011
2455310.513446
2455310.533880
2455310.554314
2455310.574748
2455310.595182
2455310.615617
2455310.636051
2455310.656485
2455310.676919
2455310.697353
2455310.717787
2455310.738222
2455310.758656
2455310.779090
2455310.799524
2455310.819958
2455310.840393
2455310.860827
2455310.881261
2455310.901695
2455310.922129
2455310.942564
2455310.962998
2455310.983432
2455311.003866
2455311.024300
2455311.044734
2455311.065169
2455311.085603
2455311.106037
2455311.126471
2455311.146905
2455311.167340
2455311.187774
2455311.208208
2455311.228642
2455311.249076
2455311.269511
2455311.289945
2455311.310379
2455311.330813
2455311.351247
2455311.371682
2455311.392116
2455311.412550
2455311.432984
2455311.453418
2455311.473852
2455311.494287
2455311.514721
2455311.535155
2455311.555589
2455311.576023
2455311.596458
2455311.616892
2455311.637326
2455311.657760
2455311.678194
2455311.698629
2455311.719063
2455311.739497
2455311.759931
2455311.780365
2455311.800800
2455311.821234
2455311.841668
2455311.862102
2455311.882536
2455311.902970
2455311.923405
2455311.943839
2455311.964273
2455311.984707
2455312.005141
2455312.025576
2455312.046010
2455312.066444
2455312.086878
2455312.107312
2455312.127747
2455312.148181
2455312.168615
2455312.189049
2455312.209483
2455312.229918
2455312.250352
2455312.270786
2455312.291220
2455312.311654
2455312.332088
2455312.352523
2455312.372957
2455312.393391
2455312.413825
2455312.434259
2455312.454694
2455312.475128
2455312.495562
2455312.515996
2455312.536430
2455312.556865
2455312.577299
2455312.597733
2455312.618167
2455312.638601
2455312.659036
2455312.679470
2455312.699904
2455312.720338
2455312.740772
2455312.761206
2455312.781641
2455312.802075
2455312.822509
2455312.842943
2455312.863377
2455312.883812
2455312.904246
2455312.924680
2455312.945114
2455312.965548
2455312.985983
2455313.006417
2455313.026851
2455313.047285
2455313.067719
2455313.088154
2455313.108588
2455313.129022
2455313.149456
2455313.169890
2455313.190325
2455313.210759
2455313.231193
2455313.251627
2455313.272061
2455313.292495
2455313.312930
2455313.333364
2455313.353798
2455313.374232
2455313.394666
2455313.415101
2455313.435535
2455313.455969
2455313.476403
2455313.496837
2455313.517272
2455313.537706
2455313.558140
2455313.578574
2455313.599008
2455313.619443
2455313.639877
2455313.660311
2455313.680745
2455313.701179
2455313.721613
2455313.742048
2455313.762482
2455313.782916
2455313.803350
2455313.823785
2455313.844219
2455313.864653
2455313.885087
2455313.905521
2455313.925956
2455313.946390
2455313.966824
2455313.987258
2455314.007692
2455314.028127
2455314.048561
2455314.068995
2455314.089429
2455314.109863
2455314.130297
2455314.150732
2455314.171166
2455314.191600
2455314.212034
2455314.232468
2455314.252903
2455314.273337
2455314.293771
2455314.314205
2455314.334639
2455314.355074
2455314.375508
2455314.395942
2455314.416376
2455314.436810
2455314.457245
2455314.477679
2455314.498113
2455314.518547
2455314.538981
2455314.559416
2455314.579850
2455314.600284
2455314.620718
2455314.641152
2455314.661587
2455314.682021
2455314.702455
2455314.722889
2455314.743323
2455314.763758
2455314.784192
2455314.804626
2455314.825060
2455314.845494
2455314.865929
2455314.886363
2455314.906797
2455314.927231
2455314.947665
2455314.968100
2455314.988534
2455315.008968
2455315.029402
2455315.049836
2455315.070270
2455315.090705
2455315.111139
2455315.131573
2455315.152007
2455315.172441
2455315.192876
2455315.213310
2455315.233744
2455315.254178
2455315.274612
2455315.295047
2455315.315481
2455315.335915
2455315.356349
2455315.376783
2455315.397218
2455315.417652
2455315.438086
2455315.458520
2455315.478954
2455315.499389
2455315.519823
2455315.540257
2455315.560691
2455315.581125
2455315.601560
2455315.621994
2455315.642428
2455315.662862
2455315.683296
2455315.703731
2455315.724165
2455315.744599
2455315.765033
2455315.785467
2455315.805902
2455315.826336
2455315.846770
2455315.867204
2455315.887638
2455315.908073
2455315.928507
2455315.948941
2455315.969375
2455315.989809
2455316.010244
2455316.030678
2455316.051112
2455316.071546
2455316.091980
2455316.112415
2455316.132849
2455316.153283
2455316.173717
2455316.194151
2455316.214586
2455316.235020
2455316.255454
2455316.275888
2455316.296322
2455316.316756
2455316.337191
2455316.357625
2455316.378059
2455316.398493
2455316.418927
2455316.439362
2455316.459796
2455316.480230
2455316.500664
2455316.521099
2455316.541533
2455316.561967
2455316.582401
2455316.602835
2455316.623270
2455316.643704
2455316.664138
2455316.684572
2455316.705006
2455316.725441
2455316.745875
2455316.766309
2455316.786743
2455316.807177
2455316.827611
2455316.848046
2455316.868480
2455316.888914
2455316.909348
2455316.929782
2455316.950217
2455316.970651
2455316.991085
2455317.011519
2455317.031954
2455317.052388
2455317.072822
2455317.093256
2455317.113690
2455317.134124
2455317.154559
2455317.174993
2455317.195427
2455317.215861
2455317.236296
2455317.256730
2455317.277164
2455317.297598
2455317.318032
2455317.338467
2455317.358901
2455317.379335
2455317.399769
2455317.420203
2455317.440638
2455317.461072
2455317.481506
2455317.501940
2455317.522374
2455317.542808
2455317.563243
2455317.583677
2455317.604111
2455317.624545
2455317.644980
2455317.665414
2455317.685848
2455317.706282
2455317.726716
2455317.747151
2455317.767585
2455317.788019
2455317.808453
2455317.828887
2455317.849321
2455317.869756
2455317.890190
2455317.910624
2455317.931058
2455317.951493
2455317.971927
2455317.992361
2455318.012795
2455318.033229
2455318.053664
2455318.074098
2455318.094532
2455318.114966
2455318.135400
2455318.155835
2455318.176269
2455318.196703
2455318.217137
2455318.237571
2455318.258005
2455318.278440
2455318.298874
2455318.319308
2455318.339742
2455318.360176
2455318.380611
2455318.401045
2455318.421479
2455318.441913
2455318.462348
2455318.482782
2455318.503216
2455318.523650
2455318.544084
2455318.564519
2455318.584953
2455318.605387
2455318.625821
2455318.646255
2455318.666689
2455318.687124
2455318.707558
2455318.727992
2455318.748426
2455318.768861
2455318.789295
2455318.809729
2455318.830163
2455318.850597
2455318.871032
2455318.891466
2455318.911900
2455318.932334
2455318.952768
2455318.973203
2455318.993637
2455319.014071
2455319.034505
2455319.054939
2455319.075374
2455319.095808
2455319.116242
2455319.136676
2455319.157110
2455319.177545
2455319.197979
2455319.218413
2455319.238847
2455319.259281
2455319.279716
2455319.300150
2455319.320584
2455319.341018
2455319.361452
2455319.381887
2455319.402321
2455319.422755
2455319.443189
2455319.463623
2455319.484058
2455319.504492
2455319.524926
2455319.545360
2455319.565794
2455319.586229
2455319.606663
2455319.627097
2455319.647531
2455319.667965
2455319.688400
2455319.708834
2455319.729268
2455319.749702
2455319.770136
2455319.790571
2455319.811005
2455319.831439
2455319.851873
2455319.872307
2455319.892742
2455319.913176
2455319.933610
2455319.954044
2455319.974478
2455319.994913
2455320.015347
2455320.035781
2455320.056215
2455320.076649
2455320.097084
2455320.117518
2455320.137952
2455320.158386
2455320.178820
2455320.199255
2455320.219689
2455320.240123
2455320.260557
2455320.280992
2455320.301426
2455320.321860
2455320.342294
2455320.362728
2455320.383163
2455320.403597
2455320.424031
2455320.444465
2455320.464899
2455320.485333
2455320.505768
2455320.526202
2455320.546636
2455320.567070
2455320.587505
2455320.607939
2455320.628373
2455320.648807
2455320.669241
2455320.689676
2455320.710110
2455320.730544
2455320.750978
2455320.771412
2455320.791847
2455320.812281
2455320.832715
2455320.853149
2455320.873583
2455320.894018
2455320.914452
2455320.934886
2455320.955320
2455320.975754
2455320.996189
2455321.016623
2455321.037057
2455321.057491
2455321.077925
2455321.098360
2455321.118794
2455321.139228
2455321.159662
2455321.180096
2455321.200531
2455321.220965
2455321.241399
2455321.261833
2455321.282267
2455321.302702
2455321.323136
2455321.343570
2455321.364004
2455321.384438
2455321.404873
2455321.425307
2455321.445741
2455321.466175
2455321.486609
2455321.507044
2455321.527478
2455321.547912
2455321.568346
2455321.588780
2455321.609215
2455321.629649
2455321.650083
2455321.670517
2455321.690952
2455321.711386
2455321.731820
2455321.752254
2455321.772688
2455321.793123
2455321.813557
2455321.833991
2455321.854425
2455321.874859
2455321.895293
2455321.915728
2455321.936162
2455321.956596
2455321.977030
2455321.997465
2455322.017899
2455322.038333
2455322.058767
2455322.079201
2455322.099636
2455322.120070
2455322.140504
2455322.160938
2455322.181372
2455322.201806
2455322.222241
2455322.242675
2455322.263109
2455322.283543
2455322.303978
2455322.324412
2455322.344846
2455322.365280
2455322.385714
2455322.406149
2455322.426583
2455322.447017
2455322.467451
2455322.487885
2455322.508320
2455322.528754
2455322.549188
2455322.569622
2455322.590056
2455322.610491
2455322.630925
2455322.651359
2455322.671793
2455322.692227
2455322.712662
2455322.733096
2455322.753530
2455322.773964
2455322.794398
2455322.814833
2455322.835267
2455322.855701
2455322.876135
2455322.896569
2455322.917004
2455322.937438
2455322.957872
2455322.978306
2455322.998741
2455323.019175
2455323.039609
2455323.060043
2455323.080477
2455323.100912
2455323.121346
2455323.141780
2455323.162214
2455323.182648
2455323.203083
2455323.223517
2455323.243951
2455323.264385
2455323.284819
2455323.305254
2455323.325688
2455323.346122
2455323.366556
2455323.386990
2455323.407425
2455323.427859
2455323.448293
2455323.468727
2455323.489161
2455323.509596
2455323.530030
2455323.550464
2455323.570898
2455323.591332
2455323.611767
2455323.632201
2455323.652635
2455323.673069
2455323.693503
2455323.713938
2455323.734372
2455323.754806
2455323.775240
2455323.795675
2455323.816109
2455323.836543
2455323.856977
2455323.877411
2455323.897845
2455323.918280
2455323.938714
2455323.959148
2455323.979582
2455324.000017
2455324.020451
2455324.040885
2455324.061319
2455324.081753
2455324.102188
2455324.122622
2455324.143056
2455324.163490
2455324.183924
2455324.204359
2455324.224793
2455324.245227
2455324.265661
2455324.286095
2455324.306530
2455324.326964
2455324.347398
2455324.367832
2455324.388266
2455324.408701
2455324.429135
2455324.449569
2455324.470003
2455324.490437
2455324.510872
2455324.531306
2455324.551740
2455324.572174
2455324.592608
2455324.613043
2455324.633477
2455324.653911
2455324.674345
2455324.694779
2455324.715214
2455324.735648
2455324.756082
2455324.776516
2455324.796950
2455324.817385
2455324.837819
2455324.858253
2455324.878687
2455324.899121
2455324.919556
2455324.939990
2455324.960424
2455324.980858
2455325.001292
2455325.021727
2455325.042161
2455325.062595
2455325.083029
2455325.103463
2455325.123898
2455325.144332
2455325.164766
2455325.185200
2455325.205635
2455325.226069
2455325.246503
2455325.266937
2455325.287371
2455325.307806
2455325.328240
2455325.348674
2455325.369108
2455325.389542
2455325.409977
2455325.430411
2455325.450845
2455325.471279
2455325.491713
2455325.512148
2455325.532582
2455325.553016
2455325.573450
2455325.593884
2455325.614319
2455325.634753
2455325.655187
2455325.675621
2455325.696055
2455325.716490
2455325.736924
2455325.757358
2455325.777792
2455325.798227
2455325.818661
2455325.839095
2455325.859529
2455325.879963
2455325.900397
2455325.920832
2455325.941266
2455325.961700
2455325.982134
2455326.002569
2455326.023003
2455326.043437
2455326.063871
2455326.084305
2455326.104740
2455326.125174
2455326.145608
2455326.166042
2455326.186476
2455326.206911
2455326.227345
2455326.247779
2455326.268213
2455326.288647
2455326.309081
2455326.329516
2455326.349950
2455326.370384
2455326.390818
2455326.411253
2455326.431687
2455326.452121
2455326.472555
2455326.492989
2455326.513424
2455326.533858
2455326.554292
2455326.574726
2455326.595160
2455326.615595
2455326.636029
2455326.656463
2455326.676897
2455326.697331
2455326.717766
2455326.738200
2455326.758634
2455326.779068
2455326.799502
2455326.819937
2455326.840371
2455326.860805
2455326.881239
2455326.901673
2455326.922108
2455326.942542
2455326.962976
2455326.983410
2455327.003844
2455327.024279
2455327.044713
2455327.065147
2455327.085581
2455327.106015
2455327.126450
2455327.146884
2455327.167318
2455327.187752
2455327.208187
2455327.228621
2455327.249055
2455327.269489
2455327.289923
2455327.310357
2455327.330792
2455327.351226
2455327.371660
2455327.392094
2455327.412529
2455327.432963
2455327.453397
2455327.473831
2455327.494265
2455327.514700
2455327.535134
2455327.555568
2455327.576002
2455327.596436
2455327.616871
2455327.637305
2455327.657739
2455327.678173
2455327.698607
2455327.719042
2455327.739476
2455327.759910
2455327.780344
2455327.800778
2455327.821213
2455327.841647
2455327.862081
2455327.882515
2455327.902949
2455327.923384
2455327.943818
2455327.964252
2455327.984686
2455328.005120
2455328.025555
2455328.045989
2455328.066423
2455328.086857
2455328.107291
2455328.127726
2455328.148160
2455328.168594
2455328.189028
2455328.209462
2455328.229897
2455328.250331
2455328.270765
2455328.291199
2455328.311633
2455328.332068
2455328.352502
2455328.372936
2455328.393370
2455328.413804
2455328.434239
2455328.454673
2455328.475107
2455328.495541
2455328.515975
2455328.536410
2455328.556844
2455328.577278
2455328.597712
2455328.618147
2455328.638581
2455328.659015
2455328.679449
2455328.699883
2455328.720317
2455328.740752
2455328.761186
2455328.781620
2455328.802054
2455328.822489
2455328.842923
2455328.863357
2455328.883791
2455328.904225
2455328.924660
2455328.945094
2455328.965528
2455328.985962
2455329.006396
2455329.026831
2455329.047265
2455329.067699
2455329.088133
2455329.108567
2455329.129002
2455329.149436
2455329.169870
2455329.190304
2455329.210738
2455329.231173
2455329.251607
2455329.272041
2455329.292475
2455329.312909
2455329.333344
2455329.353778
2455329.374212
2455329.394646
2455329.415080
2455329.435515
2455329.455949
2455329.476383
2455329.496817
2455329.517251
2455329.537686
2455329.558120
2455329.578554
2455329.598988
2455329.619422
2455329.639857
2455329.660291
2455329.680725
2455329.701159
2455329.721593
2455329.742028
2455329.762462
2455329.782896
2455329.803330
2455329.823764
2455329.844199
2455329.864633
2455329.885067
2455329.905501
2455329.925935
2455329.946370
2455329.966804
2455329.987238
2455330.007672
2455330.028106
2455330.048541
2455330.068975
2455330.089409
2455330.109843
2455330.130277
2455330.150712
2455330.171146
2455330.191580
2455330.212014
2455330.232448
2455330.252883
2455330.273317
2455330.293751
2455330.314185
2455330.334619
2455330.355054
2455330.375488
2455330.395922
2455330.416356
2455330.436790
2455330.457225
2455330.477659
2455330.498093
2455330.518527
2455330.538961
2455330.559396
2455330.579830
2455330.600264
2455330.620698
2455330.641132
2455330.661567
2455330.682001
2455330.702435
2455330.722869
2455330.743304
2455330.763738
2455330.784172
2455330.804606
2455330.825040
2455330.845474
2455330.865909
2455330.886343
2455330.906777
2455330.927211
2455330.947646
2455330.968080
2455330.988514
2455331.008948
2455331.029382
2455331.049816
2455331.070251
2455331.090685
2455331.111119
2455331.131553
2455331.151987
2455331.172422
2455331.192856
2455331.213290
2455331.233724
2455331.254158
2455331.274593
2455331.295027
2455331.315461
2455331.335895
2455331.356329
2455331.376764
2455331.397198
2455331.417632
2455331.438066
2455331.458501
2455331.478935
2455331.499369
2455331.519803
2455331.540237
2455331.560671
2455331.581106
2455331.601540
2455331.621974
2455331.642408
2455331.662842
2455331.683277
2455331.703711
2455331.724145
2455331.744579
2455331.765013
2455331.785448
2455331.805882
2455331.826316
2455331.846750
2455331.867184
2455331.887619
2455331.908053
2455331.928487
2455331.948921
2455331.969355
2455331.989790
2455332.010224
2455332.030658
2455332.051092
2455332.071526
2455332.091961
2455332.112395
2455332.132829
2455332.153263
2455332.173697
2455332.194132
2455332.214566
2455332.235000
2455332.255434
2455332.275869
2455332.296303
2455332.316737
2455332.337171
2455332.357605
2455332.378039
2455332.398474
2455332.418908
2455332.439342
2455332.459776
2455332.480210
2455332.500645
2455332.521079
2455332.541513
2455332.561947
2455332.582381
2455332.602816
2455332.623250
2455332.643684
2455332.664118
2455332.684552
2455332.704987
2455332.725421
2455332.745855
2455332.766289
2455332.786723
2455332.807158
2455332.827592
2455332.848026
2455332.868460
2455332.888894
2455332.909329
2455332.929763
2455332.950197
2455332.970631
2455332.991065
2455333.011500
2455333.031934
2455333.052368
2455333.072802
2455333.093236
2455333.113671
2455333.134105
2455333.154539
2455333.174973
2455333.195407
2455333.215841
2455333.236276
2455333.256710
2455333.277144
2455333.297578
2455333.318012
2455333.338447
2455333.358881
2455333.379315
2455333.399749
2455333.420184
2455333.440618
2455333.461052
2455333.481486
2455333.501920
2455333.522355
2455333.542789
2455333.563223
2455333.583657
2455333.604091
2455333.624525
2455333.644960
2455333.665394
2455333.685828
2455333.706262
2455333.726696
2455333.747131
2455333.767565
2455333.787999
2455333.808433
2455333.828868
2455333.849302
2455333.869736
2455333.890170
2455333.910604
2455333.931038
2455333.951473
2455333.971907
2455333.992341
2455334.012775
2455334.033209
2455334.053644
2455334.074078
2455334.094512
2455334.114946
2455334.135380
2455334.155815
2455334.176249
2455334.196683
2455334.217117
2455334.237551
2455334.257986
2455334.278420
2455334.298854
2455334.319288
2455334.339722
2455334.360157
2455334.380591
2455334.401025
2455334.421459
2455334.441893
2455334.462328
2455334.482762
2455334.503196
2455334.523630
2455334.544064
2455334.564498
2455334.584933
2455334.605367
2455334.625801
2455334.646235
2455334.666669
2455334.687104
2455334.707538
2455334.727972
2455334.748406
2455334.768841
2455334.789275
2455334.809709
2455334.830143
2455334.850577
2455334.871011
2455334.891446
2455334.911880
2455334.932314
2455334.952748
2455334.973182
2455334.993617
2455335.014051
2455335.034485
2455335.054919
2455335.075353
2455335.095788
2455335.116222
2455335.136656
2455335.157090
2455335.177524
2455335.197959
2455335.218393
2455335.238827
2455335.259261
2455335.279695
2455335.300130
2455335.320564
2455335.340998
2455335.361432
2455335.381866
2455335.402301
2455335.422735
2455335.443169
2455335.463603
2455335.484037
2455335.504471
2455335.524906
2455335.545340
2455335.565774
2455335.586208
2455335.606642
2455335.627077
2455335.647511
2455335.667945
2455335.688379
2455335.708813
2455335.729248
2455335.749682
2455335.770116
2455335.790550
2455335.810984
2455335.831419
2455335.851853
2455335.872287
2455335.892721
2455335.913155
2455335.933590
2455335.954024
2455335.974458
2455335.994892
2455336.015326
2455336.035760
2455336.056195
2455336.076629
2455336.097063
2455336.117497
2455336.137931
2455336.158366
2455336.178800
2455336.199234
2455336.219668
2455336.240102
2455336.260537
2455336.280971
2455336.301405
2455336.321839
2455336.342273
2455336.362708
2455336.383142
2455336.403576
2455336.424010
2455336.444444
2455336.464879
2455336.485313
2455336.505747
2455336.526181
2455336.546615
2455336.567050
2455336.587484
2455336.607918
2455336.628352
2455336.648786
2455336.669221
2455336.689655
2455336.710089
2455336.730523
2455336.750957
2455336.771392
2455336.791826
2455336.812260
2455336.832694
2455336.853128
2455336.873562
2455336.893997
           NaN
           NaN
           NaN
           NaN
           NaN
           NaN
           NaN
           NaN
           NaN
           NaN
           NaN
           NaN
           NaN
           NaN
           NaN
           NaN
           NaN
           NaN
           NaN
           NaN
           NaN
           NaN
           NaN
           NaN
           NaN
           NaN
           NaN
           NaN
           NaN
           NaN
           NaN
           NaN
           NaN
           NaN
2455337.609193
2455337.629628
2455337.650062
2455337.670496
2455337.690930
2455337.711364
2455337.731799
2455337.752233
2455337.772667
2455337.793101
2455337.813535
2455337.833969
2455337.854404
2455337.874838
2455337.895272
2455337.915706
2455337.936140
2455337.956575
2455337.977009
2455337.997443
2455338.017877
2455338.038311
2455338.058746
2455338.079180
2455338.099614
2455338.120048
2455338.140482
2455338.160916
2455338.181351
2455338.201785
2455338.222219
2455338.242653
2455338.263087
2455338.283522
2455338.303956
2455338.324390
2455338.344824
2455338.365258
2455338.385693
2455338.406127
2455338.426561
2455338.446995
2455338.467429
2455338.487864
2455338.508298
2455338.528732
2455338.549166
2455338.569600
2455338.590034
2455338.610469
2455338.630903
2455338.651337
2455338.671771
2455338.692205
2455338.712640
2455338.733074
2455338.753508
2455338.773942
2455338.794376
2455338.814810
2455338.835245
2455338.855679
2455338.876113
2455338.896547
2455338.916981
2455338.937416
2455338.957850
2455338.978284
2455338.998718
2455339.019152
2455339.039587
2455339.060021
2455339.080455
2455339.100889
2455339.121323
2455339.141758
2455339.162192
2455339.182626
2455339.203060
2455339.223494
2455339.243928
2455339.264363
2455339.284797
2455339.305231
2455339.325665
2455339.346099
2455339.366534
2455339.386968
2455339.407402
2455339.427836
2455339.448270
2455339.468705
2455339.489139
2455339.509573
2455339.530007
2455339.550441
2455339.570875
2455339.591310
2455339.611744
2455339.632178
2455339.652612
2455339.673046
2455339.693480
2455339.713915
2455339.734349
2455339.754783
2455339.775217
2455339.795652
2455339.816086
2455339.836520
2455339.856954
2455339.877388
2455339.897822
2455339.918257
2455339.938691
2455339.959125
2455339.979559
2455339.999993
2455340.020428
2455340.040862
2455340.061296
2455340.081730
2455340.102164
2455340.122599
2455340.143033
2455340.163467
2455340.183901
2455340.204335
2455340.224769
2455340.245204
2455340.265638
2455340.286072
2455340.306506
2455340.326940
2455340.347375
2455340.367809
2455340.388243
2455340.408677
2455340.429111
2455340.449545
2455340.469980
2455340.490414
2455340.510848
2455340.531282
2455340.551716
2455340.572151
2455340.592585
2455340.613019
2455340.633453
2455340.653887
2455340.674321
2455340.694756
2455340.715190
2455340.735624
2455340.756058
2455340.776492
2455340.796926
2455340.817361
2455340.837795
2455340.858229
2455340.878663
2455340.899097
2455340.919532
2455340.939966
2455340.960400
2455340.980834
2455341.001268
2455341.021703
2455341.042137
2455341.062571
2455341.083005
2455341.103439
2455341.123873
2455341.144308
2455341.164742
2455341.185176
2455341.205610
2455341.226044
2455341.246479
2455341.266913
2455341.287347
2455341.307781
2455341.328215
2455341.348650
2455341.369084
2455341.389518
2455341.409952
2455341.430386
2455341.450820
2455341.471255
2455341.491689
2455341.512123
2455341.532557
2455341.552991
2455341.573425
2455341.593860
2455341.614294
2455341.634728
2455341.655162
2455341.675596
2455341.696031
2455341.716465
2455341.736899
2455341.757333
2455341.777767
2455341.798202
2455341.818636
2455341.839070
2455341.859504
2455341.879938
2455341.900372
2455341.920807
2455341.941241
2455341.961675
2455341.982109
2455342.002543
2455342.022977
2455342.043412
2455342.063846
2455342.084280
2455342.104714
2455342.125148
2455342.145583
2455342.166017
2455342.186451
2455342.206885
2455342.227319
2455342.247753
2455342.268188
2455342.288622
2455342.309056
2455342.329490
2455342.349924
2455342.370359
2455342.390793
2455342.411227
2455342.431661
2455342.452095
2455342.472529
2455342.492964
2455342.513398
2455342.533832
2455342.554266
2455342.574700
2455342.595134
2455342.615569
2455342.636003
2455342.656437
2455342.676871
2455342.697305
2455342.717740
2455342.738174
2455342.758608
2455342.779042
2455342.799476
2455342.819910
2455342.840345
2455342.860779
2455342.881213
2455342.901647
2455342.922081
2455342.942515
2455342.962950
2455342.983384
2455343.003818
2455343.024252
2455343.044686
2455343.065121
2455343.085555
2455343.105989
2455343.126423
2455343.146857
2455343.167291
2455343.187726
2455343.208160
2455343.228594
2455343.249028
2455343.269462
2455343.289896
2455343.310331
2455343.330765
2455343.351199
2455343.371633
2455343.392067
2455343.412502
2455343.432936
2455343.453370
2455343.473804
2455343.494238
2455343.514672
2455343.535107
2455343.555541
2455343.575975
2455343.596409
2455343.616843
2455343.637277
2455343.657712
2455343.678146
2455343.698580
2455343.719014
2455343.739448
2455343.759883
2455343.780317
2455343.800751
2455343.821185
2455343.841619
2455343.862053
2455343.882488
2455343.902922
2455343.923356
2455343.943790
2455343.964224
2455343.984658
2455344.005093
2455344.025527
2455344.045961
2455344.066395
2455344.086829
2455344.107264
2455344.127698
2455344.148132
2455344.168566
2455344.189000
2455344.209434
2455344.229869
2455344.250303
2455344.270737
2455344.291171
2455344.311605
2455344.332039
2455344.352474
2455344.372908
2455344.393342
2455344.413776
2455344.434210
2455344.454645
2455344.475079
2455344.495513
2455344.515947
2455344.536381
2455344.556815
2455344.577250
2455344.597684
2455344.618118
2455344.638552
2455344.658986
2455344.679420
2455344.699855
2455344.720289
2455344.740723
2455344.761157
2455344.781591
2455344.802025
2455344.822460
2455344.842894
2455344.863328
2455344.883762
2455344.904196
2455344.924630
2455344.945065
2455344.965499
2455344.985933
2455345.006367
2455345.026801
2455345.047235
2455345.067670
2455345.088104
2455345.108538
2455345.128972
2455345.149406
2455345.169841
2455345.190275
2455345.210709
2455345.231143
2455345.251577
2455345.272011
2455345.292446
2455345.312880
2455345.333314
2455345.353748
2455345.374182
2455345.394616
2455345.415051
2455345.435485
2455345.455919
2455345.476353
2455345.496787
2455345.517221
2455345.537656
2455345.558090
2455345.578524
2455345.598958
2455345.619392
2455345.639826
2455345.660261
2455345.680695
2455345.701129
2455345.721563
2455345.741997
2455345.762431
2455345.782866
2455345.803300
2455345.823734
2455345.844168
2455345.864602
2455345.885036
2455345.905471
2455345.925905
2455345.946339
2455345.966773
2455345.987207
2455346.007641
2455346.028076
2455346.048510
2455346.068944
2455346.089378
2455346.109812
2455346.130247
2455346.150681
2455346.171115
2455346.191549
2455346.211983
2455346.232417
2455346.252852
2455346.273286
2455346.293720
2455346.314154
2455346.334588
2455346.355022
2455346.375456
2455346.395891
2455346.416325
2455346.436759
2455346.457193
2455346.477627
2455346.498062
2455346.518496
2455346.538930
2455346.559364
2455346.579798
2455346.600232
2455346.620667
2455346.641101
2455346.661535
2455346.681969
2455346.702403
2455346.722837
2455346.743271
2455346.763706
2455346.784140
2455346.804574
2455346.825008
2455346.845442
2455346.865876
2455346.886311
2455346.906745
2455346.927179
2455346.947613
2455346.968047
2455346.988481
2455347.008916
2455347.029350
2455347.049784
2455347.070218
2455347.090652
2455347.111086
2455347.131521
2455347.151955
2455347.172389
2455347.192823
2455347.213257
2455347.233691
2455347.254126
2455347.274560
2455347.294994
2455347.315428
2455347.335862
2455347.356296
2455347.376731
2455347.397165
2455347.417599
2455347.438033
2455347.458467
2455347.478901
2455347.499336
2455347.519770
2455347.540204
2455347.560638
2455347.581072
2455347.601506
2455347.621941
2455347.642375
2455347.662809
2455347.683243
2455347.703677
2455347.724111
2455347.744546
2455347.764980
2455347.785414
2455347.805848
2455347.826282
2455347.846716
2455347.867151
2455347.887585
2455347.908019
2455347.928453
2455347.948887
2455347.969321
2455347.989756
2455348.010190
2455348.030624
2455348.051058
2455348.071492
2455348.091926
2455348.112361
2455348.132795
2455348.153229
2455348.173663
2455348.194097
2455348.214531
2455348.234965
2455348.255400
2455348.275834
2455348.296268
2455348.316702
2455348.337136
2455348.357570
2455348.378005
2455348.398439
2455348.418873
2455348.439307
2455348.459741
2455348.480175
2455348.500609
2455348.521044
2455348.541478
2455348.561912
2455348.582346
2455348.602780
2455348.623215
2455348.643649
2455348.664083
2455348.684517
2455348.704951
2455348.725385
2455348.745819
2455348.766254
2455348.786688
2455348.807122
2455348.827556
2455348.847990
2455348.868424
2455348.888859
2455348.909293
2455348.929727
2455348.950161
2455348.970595
2455348.991029
2455349.011463
2455349.031898
2455349.052332
2455349.072766
2455349.093200
2455349.113634
2455349.134068
2455349.154503
2455349.174937
2455349.195371
2455349.215805
2455349.236239
2455349.256673
2455349.277108
2455349.297542
2455349.317976
2455349.338410
2455349.358844
2455349.379278
2455349.399712
2455349.420147
2455349.440581
2455349.461015
2455349.481449
2455349.501883
2455349.522317
2455349.542751
2455349.563186
2455349.583620
2455349.604054
2455349.624488
2455349.644922
2455349.665357
2455349.685791
2455349.706225
2455349.726659
2455349.747093
2455349.767527
2455349.787961
2455349.808396
2455349.828830
2455349.849264
2455349.869698
2455349.890132
2455349.910566
2455349.931000
2455349.951435
2455349.971869
2455349.992303
2455350.012737
2455350.033171
2455350.053605
2455350.074040
2455350.094474
2455350.114908
2455350.135342
2455350.155776
2455350.176210
2455350.196644
2455350.217079
2455350.237513
2455350.257947
2455350.278381
2455350.298815
2455350.319249
2455350.339684
2455350.360118
2455350.380552
2455350.400986
2455350.421420
2455350.441854
2455350.462288
2455350.482723
2455350.503157
2455350.523591
2455350.544025
2455350.564459
2455350.584893
2455350.605328
2455350.625762
2455350.646196
2455350.666630
2455350.687064
2455350.707498
2455350.727932
2455350.748367
2455350.768801
2455350.789235
2455350.809669
2455350.830103
2455350.850537
2455350.870971
2455350.891406
2455350.911840
2455350.932274
2455350.952708
2455350.973142
2455350.993576
2455351.014011
2455351.034445
2455351.054879
2455351.075313
2455351.095747
2455351.116181
2455351.136615
2455351.157050
2455351.177484
2455351.197918
2455351.218352
2455351.238786
2455351.259220
2455351.279654
2455351.300089
2455351.320523
2455351.340957
2455351.361391
2455351.381825
2455351.402259
2455351.422694
2455351.443128
2455351.463562
2455351.483996
2455351.504430
2455351.524864
2455351.545298
2455351.565733
2455351.586167
2455351.606601
2455351.627035
2455351.647469
2455351.667903
2455351.688337
2455351.708772
2455351.729206
2455351.749640
2455351.770074
2455351.790508
2455351.810942
2455351.831376
2455351.851811
2455351.872245
2455351.892679
2455351.913113
2455351.933547
2455351.953981
2455351.974415
2455351.994850
2455352.015284
2455352.035718
2455352.056152
2455352.076586
2455352.097020
2455352.117454
2455352.137889
2455352.158323
2455352.178757
2455352.199191
2455352.219625
2455352.240059
2455352.260493
2455352.280928
2455352.301362
2455352.321796
2455352.342230
2455352.362664
2455352.383098
2455352.403533
2455352.423967
2455352.444401
2455352.464835
2455352.485269
2455352.505703
2455352.526137
2455352.546572
2455352.567006
2455352.587440
2455352.607874
2455352.628308
2455352.648742
2455352.669176
2455352.689611
2455352.710045
2455352.730479
2455352.750913
2455352.771347
2455352.791781
2455352.812215
2455352.832649
2455352.853084
2455352.873518
2455352.893952
2455352.914386
2455352.934820
2455352.955254
2455352.975689
2455352.996123
2455353.016557
2455353.036991
2455353.057425
2455353.077859
2455353.098293
2455353.118728
2455353.139162
2455353.159596
2455353.180030
2455353.200464
2455353.220898
2455353.241332
2455353.261767
2455353.282201
2455353.302635
2455353.323069
2455353.343503
2455353.363937
2455353.384371
2455353.404805
2455353.425240
2455353.445674
2455353.466108
2455353.486542
2455353.506976
2455353.527410
2455353.547844
2455353.568279
2455353.588713
2455353.609147
2455353.629581
2455353.650015
2455353.670449
2455353.690883
2455353.711318
2455353.731752
2455353.752186
2455353.772620
2455353.793054
2455353.813488
2455353.833922
2455353.854357
2455353.874791
2455353.895225
2455353.915659
2455353.936093
2455353.956527
2455353.976961
2455353.997396
2455354.017830
2455354.038264
2455354.058698
2455354.079132
2455354.099566
2455354.120000
2455354.140434
2455354.160869
2455354.181303
2455354.201737
2455354.222171
2455354.242605
2455354.263039
2455354.283473
2455354.303907
2455354.324342
2455354.344776
2455354.365210
2455354.385644
2455354.406078
2455354.426512
2455354.446946
2455354.467381
2455354.487815
2455354.508249
2455354.528683
2455354.549117
2455354.569551
2455354.589985
2455354.610420
2455354.630854
2455354.651288
2455354.671722
2455354.692156
2455354.712590
2455354.733024
2455354.753458
2455354.773893
2455354.794327
2455354.814761
2455354.835195
2455354.855629
2455354.876063
2455354.896497
2455354.916932
2455354.937366
2455354.957800
2455354.978234
2455354.998668
2455355.019102
2455355.039536
2455355.059970
2455355.080405
2455355.100839
2455355.121273
2455355.141707
2455355.162141
2455355.182575
2455355.203009
2455355.223444
2455355.243878
2455355.264312
2455355.284746
2455355.305180
2455355.325614
2455355.346048
2455355.366483
2455355.386917
2455355.407351
2455355.427785
2455355.448219
2455355.468653
2455355.489087
2455355.509521
2455355.529956
2455355.550390
2455355.570824
2455355.591258
2455355.611692
2455355.632126
2455355.652560
2455355.672994
2455355.693429
2455355.713863
2455355.734297
2455355.754731
2455355.775165
2455355.795599
2455355.816033
2455355.836468
2455355.856902
2455355.877336
2455355.897770
2455355.918204
2455355.938638
2455355.959072
2455355.979506
2455355.999941
2455356.020375
2455356.040809
2455356.061243
2455356.081677
2455356.102111
2455356.122545
2455356.142979
2455356.163413
2455356.183848
2455356.204282
2455356.224716
2455356.245150
2455356.265584
2455356.286018
2455356.306452
2455356.326887
2455356.347321
2455356.367755
2455356.388189
2455356.408623
2455356.429057
2455356.449491
2455356.469925
2455356.490360
2455356.510794
2455356.531228
2455356.551662
2455356.572096
2455356.592530
2455356.612964
2455356.633398
2455356.653833
2455356.674267
2455356.694701
2455356.715135
2455356.735569
2455356.756003
2455356.776437
2455356.796871
2455356.817306
2455356.837740
2455356.858174
2455356.878608
2455356.899042
2455356.919476
2455356.939910
2455356.960344
2455356.980778
2455357.001213
2455357.021647
2455357.042081
2455357.062515
2455357.082949
2455357.103383
2455357.123817
2455357.144251
2455357.164686
2455357.185120
2455357.205554
2455357.225988
2455357.246422
2455357.266856
2455357.287290
2455357.307725
2455357.328159
2455357.348593
2455357.369027
2455357.389461
2455357.409895
2455357.430329
2455357.450763
2455357.471198
2455357.491632
2455357.512066
2455357.532500
2455357.552934
2455357.573368
2455357.593802
2455357.614236
2455357.634670
2455357.655105
2455357.675539
2455357.695973
2455357.716407
2455357.736841
2455357.757275
2455357.777709
2455357.798143
2455357.818578
2455357.839012
2455357.859446
2455357.879880
2455357.900314
2455357.920748
2455357.941182
2455357.961616
2455357.982051
2455358.002485
2455358.022919
2455358.043353
2455358.063787
2455358.084221
2455358.104655
2455358.125089
2455358.145523
2455358.165958
2455358.186392
2455358.206826
2455358.227260
2455358.247694
2455358.268128
2455358.288562
2455358.308996
2455358.329431
2455358.349865
2455358.370299
2455358.390733
2455358.411167
2455358.431601
2455358.452035
2455358.472469
2455358.492903
2455358.513338
2455358.533772
2455358.554206
2455358.574640
2455358.595074
2455358.615508
2455358.635942
2455358.656376
2455358.676811
2455358.697245
2455358.717679
2455358.738113
2455358.758547
2455358.778981
2455358.799415
2455358.819849
2455358.840283
2455358.860718
2455358.881152
2455358.901586
2455358.922020
2455358.942454
2455358.962888
2455358.983322
2455359.003756
2455359.024190
2455359.044625
2455359.065059
2455359.085493
2455359.105927
2455359.126361
2455359.146795
2455359.167229
2455359.187663
2455359.208097
2455359.228531
2455359.248966
2455359.269400
2455359.289834
2455359.310268
2455359.330702
2455359.351136
2455359.371570
2455359.392004
2455359.412438
2455359.432873
2455359.453307
2455359.473741
2455359.494175
2455359.514609
2455359.535043
2455359.555477
2455359.575911
2455359.596345
2455359.616780
2455359.637214
2455359.657648
2455359.678082
2455359.698516
2455359.718950
2455359.739384
2455359.759818
2455359.780252
2455359.800687
2455359.821121
2455359.841555
2455359.861989
2455359.882423
2455359.902857
2455359.923291
2455359.943725
2455359.964160
2455359.984594
2455360.005028
2455360.025462
2455360.045896
2455360.066330
2455360.086764
2455360.107198
2455360.127632
2455360.148066
2455360.168501
2455360.188935
2455360.209369
2455360.229803
2455360.250237
2455360.270671
2455360.291105
2455360.311539
2455360.331973
2455360.352407
2455360.372842
2455360.393276
2455360.413710
2455360.434144
2455360.454578
2455360.475012
2455360.495446
2455360.515880
2455360.536314
2455360.556749
2455360.577183
2455360.597617
2455360.618051
2455360.638485
2455360.658919
2455360.679353
2455360.699787
2455360.720221
2455360.740656
2455360.761090
2455360.781524
2455360.801958
2455360.822392
2455360.842826
2455360.863260
2455360.883694
2455360.904128
2455360.924562
2455360.944997
2455360.965431
2455360.985865
2455361.006299
2455361.026733
2455361.047167
2455361.067601
2455361.088035
2455361.108469
2455361.128903
2455361.149338
2455361.169772
2455361.190206
2455361.210640
2455361.231074
2455361.251508
2455361.271942
2455361.292376
2455361.312810
2455361.333244
2455361.353679
2455361.374113
2455361.394547
2455361.414981
2455361.435415
2455361.455849
2455361.476283
2455361.496717
2455361.517151
2455361.537586
2455361.558020
2455361.578454
2455361.598888
2455361.619322
2455361.639756
2455361.660190
2455361.680624
2455361.701058
2455361.721492
2455361.741926
2455361.762360
2455361.782795
2455361.803229
2455361.823663
2455361.844097
2455361.864531
2455361.884965
2455361.905399
2455361.925833
2455361.946268
2455361.966702
2455361.987136
2455362.007570
2455362.028004
2455362.048438
2455362.068872
2455362.089306
2455362.109740
2455362.130174
2455362.150608
2455362.171042
2455362.191477
2455362.211911
2455362.232345
2455362.252779
2455362.273213
2455362.293647
2455362.314081
2455362.334515
2455362.354949
2455362.375383
2455362.395818
2455362.416252
2455362.436686
2455362.457120
2455362.477554
2455362.497988
2455362.518422
2455362.538856
2455362.559290
2455362.579724
2455362.600159
2455362.620593
2455362.641027
2455362.661461
2455362.681895
2455362.702329
2455362.722763
2455362.743197
2455362.763631
2455362.784065
2455362.804499
2455362.824934
2455362.845368
2455362.865802
2455362.886236
2455362.906670
2455362.927104
2455362.947538
2455362.967972
2455362.988406
2455363.008840
2455363.029274
2455363.049709
2455363.070143
2455363.090577
2455363.111011
2455363.131445
2455363.151879
2455363.172313
2455363.192747
2455363.213181
2455363.233615
2455363.254049
2455363.274484
2455363.294918
2455363.315352
2455363.335786
2455363.356220
2455363.376654
2455363.397088
2455363.417522
2455363.437956
2455363.458390
2455363.478824
2455363.499259
2455363.519693
2455363.540127
2455363.560561
2455363.580995
2455363.601429
2455363.621863
2455363.642297
2455363.662731
2455363.683165
2455363.703600
2455363.724034
2455363.744468
2455363.764902
2455363.785336
2455363.805770
2455363.826204
2455363.846638
2455363.867072
2455363.887506
2455363.907940
2455363.928374
2455363.948809
2455363.969243
2455363.989677
2455364.010111
2455364.030545
2455364.050979
2455364.071413
2455364.091847
2455364.112281
2455364.132715
2455364.153149
2455364.173583
2455364.194018
2455364.214452
2455364.234886
2455364.255320
2455364.275754
2455364.296188
2455364.316622
2455364.337056
2455364.357490
2455364.377924
2455364.398358
2455364.418793
2455364.439226
2455364.459661
2455364.480095
2455364.500529
2455364.520963
2455364.541397
2455364.561831
2455364.582265
2455364.602699
2455364.623133
2455364.643567
2455364.664001
2455364.684435
2455364.704870
2455364.725304
2455364.745738
2455364.766172
2455364.786606
2455364.807040
2455364.827474
2455364.847908
2455364.868342
2455364.888776
2455364.909210
2455364.929645
2455364.950079
2455364.970513
2455364.990947
2455365.011381
2455365.031815
2455365.052249
2455365.072683
2455365.093117
2455365.113551
2455365.133985
2455365.154419
2455365.174854
2455365.195287
2455365.215722
2455365.236156
2455365.256590
2455365.277024
2455365.297458
2455365.317892
2455365.338326
2455365.358760
2455365.379194
2455365.399628
2455365.420062
2455365.440496
2455365.460931
2455365.481365
2455365.501799
2455365.522233
2455365.542667
2455365.563101
2455365.583535
2455365.603969
2455365.624403
2455365.644837
2455365.665271
2455365.685705
2455365.706140
2455365.726574
2455365.747008
2455365.767442
2455365.787876
2455365.808310
2455365.828744
2455365.849178
2455365.869612
2455365.890046
2455365.910480
2455365.930914
2455365.951348
2455365.971782
2455365.992217
2455366.012651
2455366.033085
2455366.053519
2455366.073953
2455366.094387
2455366.114821
2455366.135255
2455366.155689
2455366.176123
2455366.196557
2455366.216991
2455366.237425
2455366.257859
2455366.278294
2455366.298728
2455366.319162
2455366.339596
2455366.360030
2455366.380464
2455366.400898
2455366.421332
2455366.441766
2455366.462200
2455366.482634
2455366.503068
2455366.523502
2455366.543937
2455366.564371
2455366.584805
2455366.605239
2455366.625673
2455366.646107
2455366.666541
2455366.686975
2455366.707409
2455366.727843
2455366.748277
2455366.768711
2455366.789145
2455366.809579
2455366.830013
2455366.850448
2455366.870882
2455366.891316
2455366.911750
2455366.932184
2455366.952618
2455366.973052
2455366.993486
2455367.013920
2455367.034354
2455367.054788
2455367.075222
2455367.095656
2455367.116091
2455367.136524
2455367.156959
2455367.177393
2455367.197827
2455367.218261
2455367.238695
2455367.259129
2455367.279563
2455367.299997
2455367.320431
2455367.340865
2455367.361299
2455367.381733
2455367.402167
2455367.422601
2455367.443036
2455367.463470
2455367.483904
2455367.504338
2455367.524772
2455367.545206
2455367.565640
2455367.586074
2455367.606508
2455367.626942
2455367.647376
2455367.667810
2455367.688244
2455367.708678
2455367.729112
2455367.749547
2455367.769981
2455367.790415
2455367.810849
2455367.831283
2455367.851717
2455367.872151
2455367.892585
2455367.913019
2455367.933453
2455367.953887
2455367.974321
2455367.994755
2455368.015189
2455368.035623
2455368.056057
2455368.076492
2455368.096926
2455368.117360
2455368.137794
2455368.158228
2455368.178662
2455368.199096
2455368.219530
2455368.239964
2455368.260398
2455368.280832
2455368.301266
2455368.321700
2455368.342134
2455368.362568
2455368.383002
2455368.403436
2455368.423871
2455368.444305
2455368.464739
2455368.485173
2455368.505607
2455368.526041
2455368.546475
2455368.566909
2455368.587343
2455368.607777
2455368.628211
2455368.648645
2455368.669079
2455368.689513
2455368.709947
2455368.730381
2455368.750815
2455368.771249
2455368.791684
2455368.812118
2455368.832552
2455368.852986
2455368.873420
2455368.893854
2455368.914288
2455368.934722
2455368.955156
2455368.975590
2455368.996024
2455369.016458
2455369.036892
2455369.057326
2455369.077760
2455369.098194
2455369.118628
2455369.139063
2455369.159497
2455369.179931
2455369.200365
2455369.220799
2455369.241233
2455369.261667
2455369.282101
2455369.302535
2455369.322969
2455369.343403
2455369.363837
2455369.384271
2455369.404705
2455369.425139
2455369.445573
2455369.466007
2455369.486441
2455369.506875
2455369.527310
2455369.547744
2455369.568178
2455369.588612
2455369.609046
2455369.629480
2455369.649914
2455369.670348
2455369.690782
2455369.711216
2455369.731650
2455369.752084
2455369.772518
2455369.792952
2455369.813386
2455369.833820
2455369.854254
2455369.874688
2455369.895123
2455369.915557
2455369.935991
2455369.956425
2455369.976859
2455369.997293
2455370.017727
2455370.038161
2455370.058595
2455370.079029
2455370.099463
2455370.119897
2455370.140331
2455370.160765
2455370.181199
2455370.201633
2455370.222067
2455370.242501
2455370.262935
2455370.283369
2455370.303804
2455370.324237
2455370.344672
2455370.365106
2455370.385540
2455370.405974
2455370.426408
2455370.446842
2455370.467276
2455370.487710
2455370.508144
2455370.528578
2455370.549012
2455370.569446
2455370.589880
2455370.610314
2455370.630748
2455370.651182
2455370.671616
2455370.692050
2455370.712484
2455370.732918
2455370.753352
2455370.773787
2455370.794221
2455370.814655
2455370.835089
2455370.855523
2455370.875957
2455370.896391
2455370.916825
2455370.937259
2455370.957693
2455370.978127
2455370.998561
2455371.018995
2455371.039429
2455371.059863
2455371.080297
2455371.100731
2455371.121165
2455371.141599
2455371.162033
