2455641.516321
2455641.536755
2455641.557189
2455641.577623
2455641.598057
2455641.618491
2455641.638925
2455641.659359
2455641.679793
2455641.700227
2455641.720661
2455641.741095
2455641.761529
2455641.781963
2455641.802397
2455641.822831
2455641.843265
2455641.863699
2455641.884133
2455641.904567
2455641.925001
2455641.945435
2455641.965869
2455641.986303
2455642.006737
2455642.027170
2455642.047604
2455642.068039
2455642.088472
2455642.108906
2455642.129340
2455642.149774
2455642.170208
2455642.190642
2455642.211076
2455642.231510
2455642.251944
2455642.272378
2455642.292812
2455642.313246
2455642.333680
2455642.354114
2455642.374548
2455642.394982
2455642.415416
2455642.435850
2455642.456284
2455642.476718
2455642.497152
2455642.517586
2455642.538020
2455642.558454
2455642.578888
2455642.599322
2455642.619756
2455642.640190
2455642.660624
2455642.681058
2455642.701492
2455642.721926
2455642.742360
2455642.762794
2455642.783228
2455642.803662
2455642.824096
2455642.844530
2455642.864964
2455642.885398
2455642.905832
2455642.926266
2455642.946699
2455642.967134
2455642.987567
2455643.008002
2455643.028435
2455643.048869
2455643.069303
2455643.089737
2455643.110171
2455643.130605
2455643.151039
2455643.171473
2455643.191907
2455643.212341
2455643.232775
2455643.253209
2455643.273643
2455643.294077
2455643.314511
2455643.334945
2455643.355379
2455643.375813
2455643.396247
2455643.416681
2455643.437115
2455643.457549
2455643.477983
2455643.498417
2455643.518851
2455643.539285
2455643.559719
2455643.580153
2455643.600587
2455643.621021
2455643.641455
2455643.661889
2455643.682323
2455643.702757
2455643.723191
2455643.743625
2455643.764059
2455643.784493
2455643.804927
2455643.825361
2455643.845795
2455643.866229
2455643.886663
2455643.907097
2455643.927531
2455643.947965
2455643.968399
2455643.988833
2455644.009267
2455644.029701
2455644.050135
2455644.070569
2455644.091003
2455644.111437
2455644.131871
2455644.152305
2455644.172739
2455644.193173
2455644.213607
2455644.234041
2455644.254475
2455644.274909
2455644.295343
2455644.315777
2455644.336211
2455644.356645
2455644.377079
2455644.397513
2455644.417947
2455644.438381
2455644.458815
2455644.479249
2455644.499682
2455644.520117
2455644.540550
2455644.560984
2455644.581419
2455644.601853
2455644.622287
2455644.642720
2455644.663154
2455644.683588
2455644.704022
2455644.724456
2455644.744891
2455644.765324
2455644.785759
2455644.806193
2455644.826626
2455644.847060
2455644.867494
2455644.887928
2455644.908362
2455644.928796
2455644.949230
2455644.969664
2455644.990098
2455645.010533
2455645.030966
2455645.051400
2455645.071834
2455645.092268
2455645.112702
2455645.133136
2455645.153570
2455645.174004
2455645.194438
2455645.214872
2455645.235306
2455645.255740
2455645.276174
2455645.296608
2455645.317042
2455645.337476
2455645.357910
2455645.378344
2455645.398779
2455645.419212
2455645.439646
2455645.460080
2455645.480514
2455645.500948
2455645.521382
2455645.541816
2455645.562250
2455645.582684
2455645.603118
2455645.623552
2455645.643986
2455645.664420
2455645.684854
2455645.705288
2455645.725722
2455645.746156
2455645.766590
2455645.787024
2455645.807458
2455645.827892
2455645.848326
2455645.868760
2455645.889194
2455645.909629
2455645.930062
2455645.950497
2455645.970931
2455645.991364
2455646.011799
2455646.032233
2455646.052666
2455646.073101
2455646.093535
2455646.113968
2455646.134403
2455646.154837
2455646.175271
2455646.195705
2455646.216139
2455646.236573
2455646.257007
2455646.277441
2455646.297875
2455646.318309
2455646.338743
2455646.359177
2455646.379611
2455646.400045
2455646.420479
2455646.440913
2455646.461347
2455646.481781
2455646.502215
2455646.522649
2455646.543083
2455646.563517
2455646.583951
2455646.604385
2455646.624819
2455646.645253
2455646.665687
2455646.686121
2455646.706555
2455646.726989
2455646.747423
2455646.767857
2455646.788291
2455646.808725
2455646.829159
2455646.849593
2455646.870027
2455646.890461
2455646.910895
2455646.931329
2455646.951763
2455646.972197
2455646.992631
2455647.013065
2455647.033499
2455647.053933
2455647.074367
2455647.094801
2455647.115235
2455647.135669
2455647.156103
2455647.176537
2455647.196971
2455647.217405
2455647.237839
2455647.258273
2455647.278707
2455647.299141
2455647.319575
2455647.340009
2455647.360443
2455647.380877
2455647.401311
2455647.421745
2455647.442179
2455647.462613
2455647.483047
2455647.503481
2455647.523915
2455647.544349
2455647.564783
2455647.585217
2455647.605651
2455647.626085
2455647.646519
2455647.666953
2455647.687387
2455647.707821
2455647.728256
2455647.748690
2455647.769124
2455647.789558
2455647.809992
2455647.830426
2455647.850860
2455647.871294
2455647.891728
2455647.912162
2455647.932596
2455647.953030
2455647.973464
2455647.993898
2455648.014332
2455648.034766
2455648.055200
2455648.075634
2455648.096068
2455648.116502
2455648.136936
2455648.157370
2455648.177804
2455648.198238
2455648.218672
2455648.239106
2455648.259540
2455648.279974
2455648.300408
2455648.320842
2455648.341276
2455648.361710
2455648.382144
2455648.402578
2455648.423012
2455648.443446
2455648.463880
2455648.484314
2455648.504748
2455648.525182
2455648.545616
2455648.566050
2455648.586484
2455648.606918
2455648.627353
2455648.647786
2455648.668220
2455648.688655
2455648.709089
2455648.729523
2455648.749957
2455648.770391
2455648.790825
2455648.811259
2455648.831693
2455648.852127
2455648.872561
2455648.892995
2455648.913429
2455648.933863
2455648.954297
2455648.974731
2455648.995165
2455649.015599
2455649.036033
2455649.056467
2455649.076901
2455649.097335
2455649.117769
2455649.138203
2455649.158637
2455649.179071
2455649.199505
2455649.219939
2455649.240373
2455649.260807
2455649.281241
2455649.301675
2455649.322109
2455649.342544
2455649.362977
2455649.383411
2455649.403846
2455649.424280
2455649.444714
2455649.465148
2455649.485582
2455649.506016
2455649.526450
2455649.546884
2455649.567318
2455649.587752
2455649.608186
2455649.628620
2455649.649054
2455649.669488
2455649.689922
2455649.710356
2455649.730790
2455649.751224
2455649.771658
2455649.792092
2455649.812526
2455649.832960
2455649.853394
2455649.873828
2455649.894262
2455649.914696
2455649.935130
2455649.955564
2455649.975998
2455649.996432
2455650.016867
2455650.037301
2455650.057735
2455650.078169
2455650.098603
2455650.119037
2455650.139471
2455650.159905
2455650.180339
2455650.200773
2455650.221207
2455650.241641
2455650.262075
2455650.282509
2455650.302943
2455650.323377
2455650.343811
2455650.364245
2455650.384679
2455650.405113
2455650.425547
2455650.445981
2455650.466415
2455650.486849
2455650.507283
2455650.527717
2455650.548151
2455650.568586
2455650.589020
2455650.609454
2455650.629888
2455650.650322
2455650.670756
2455650.691190
2455650.711624
2455650.732058
2455650.752492
2455650.772926
2455650.793360
2455650.813794
2455650.834228
2455650.854662
2455650.875096
2455650.895530
2455650.915964
2455650.936398
2455650.956832
2455650.977266
2455650.997700
2455651.018134
2455651.038568
2455651.059003
2455651.079437
2455651.099871
2455651.120305
2455651.140739
2455651.161173
2455651.181607
2455651.202041
2455651.222475
2455651.242909
2455651.263343
2455651.283777
2455651.304211
2455651.324645
2455651.345079
2455651.365513
2455651.385947
2455651.406381
2455651.426815
2455651.447249
2455651.467683
2455651.488117
2455651.508552
2455651.528986
2455651.549419
2455651.569854
2455651.590288
2455651.610722
2455651.631156
2455651.651590
2455651.672024
2455651.692458
2455651.712892
2455651.733326
2455651.753760
2455651.774194
2455651.794628
2455651.815062
2455651.835496
2455651.855930
2455651.876364
2455651.896798
2455651.917232
2455651.937666
2455651.958101
2455651.978535
2455651.998969
2455652.019403
2455652.039837
2455652.060271
2455652.080705
2455652.101139
2455652.121573
2455652.142007
2455652.162441
2455652.182875
2455652.203309
2455652.223743
2455652.244177
2455652.264611
2455652.285045
2455652.305479
2455652.325913
2455652.346347
2455652.366782
2455652.387216
2455652.407650
2455652.428084
2455652.448518
2455652.468952
2455652.489386
2455652.509820
2455652.530254
2455652.550688
2455652.571122
2455652.591556
2455652.611990
2455652.632424
2455652.652858
2455652.673292
2455652.693726
2455652.714160
2455652.734595
2455652.755029
2455652.775463
2455652.795897
2455652.816331
2455652.836765
2455652.857199
2455652.877633
2455652.898067
2455652.918501
2455652.938935
2455652.959369
2455652.979803
2455653.000237
2455653.020671
2455653.041105
2455653.061539
2455653.081973
2455653.102408
2455653.122842
2455653.143276
2455653.163710
2455653.184144
2455653.204578
2455653.225012
2455653.245446
2455653.265880
2455653.286314
2455653.306748
2455653.327182
2455653.347616
2455653.368050
2455653.388484
2455653.408918
2455653.429352
2455653.449787
2455653.470221
2455653.490655
2455653.511089
2455653.531523
2455653.551957
2455653.572391
2455653.592825
2455653.613259
2455653.633693
2455653.654127
2455653.674561
2455653.694995
2455653.715429
2455653.735863
2455653.756297
2455653.776731
2455653.797166
2455653.817600
2455653.838034
2455653.858468
2455653.878902
2455653.899336
2455653.919770
2455653.940204
2455653.960638
2455653.981072
2455654.001506
2455654.021940
2455654.042374
2455654.062808
2455654.083242
2455654.103676
2455654.124111
2455654.144545
2455654.164979
2455654.185413
2455654.205847
2455654.226281
2455654.246715
2455654.267149
2455654.287583
2455654.308017
2455654.328451
2455654.348885
2455654.369319
2455654.389753
2455654.410187
2455654.430621
2455654.451056
2455654.471490
2455654.491924
2455654.512358
2455654.532792
2455654.553226
2455654.573660
2455654.594094
2455654.614528
2455654.634962
2455654.655396
2455654.675830
2455654.696264
2455654.716698
2455654.737132
2455654.757567
2455654.778001
2455654.798435
2455654.818869
2455654.839303
2455654.859737
2455654.880171
2455654.900605
2455654.921039
2455654.941473
2455654.961907
2455654.982341
2455655.002775
2455655.023209
2455655.043644
2455655.064078
2455655.084512
2455655.104946
2455655.125380
2455655.145814
2455655.166248
2455655.186682
2455655.207116
2455655.227550
2455655.247984
2455655.268418
2455655.288852
2455655.309286
2455655.329720
2455655.350155
2455655.370589
2455655.391023
2455655.411457
2455655.431891
2455655.452325
2455655.472759
2455655.493193
2455655.513627
2455655.534061
2455655.554495
2455655.574929
2455655.595363
2455655.615798
2455655.636232
2455655.656666
2455655.677100
2455655.697534
2455655.717968
2455655.738402
2455655.758836
2455655.779270
2455655.799704
2455655.820138
2455655.840572
2455655.861006
2455655.881440
2455655.901875
2455655.922309
2455655.942743
2455655.963177
2455655.983611
2455656.004045
2455656.024479
2455656.044913
2455656.065347
2455656.085781
2455656.106215
2455656.126649
2455656.147084
2455656.167518
2455656.187952
2455656.208386
2455656.228820
2455656.249254
2455656.269688
2455656.290122
2455656.310556
2455656.330990
2455656.351424
2455656.371858
2455656.392292
2455656.412727
2455656.433161
2455656.453595
2455656.474029
2455656.494463
2455656.514897
2455656.535331
2455656.555765
2455656.576199
2455656.596633
2455656.617067
2455656.637501
2455656.657935
2455656.678370
2455656.698804
2455656.719238
2455656.739672
2455656.760106
2455656.780540
2455656.800974
2455656.821408
2455656.841842
2455656.862276
2455656.882710
2455656.903144
2455656.923579
2455656.944013
2455656.964447
2455656.984881
2455657.005315
2455657.025749
2455657.046183
2455657.066617
2455657.087051
2455657.107485
2455657.127919
2455657.148353
2455657.168788
2455657.189222
2455657.209656
2455657.230090
2455657.250524
2455657.270958
2455657.291392
2455657.311826
2455657.332260
2455657.352694
2455657.373128
2455657.393562
2455657.413996
2455657.434431
2455657.454865
2455657.475299
2455657.495733
2455657.516167
2455657.536601
2455657.557035
2455657.577469
2455657.597903
2455657.618337
2455657.638771
2455657.659205
2455657.679640
2455657.700074
2455657.720508
2455657.740942
2455657.761376
2455657.781810
2455657.802244
2455657.822678
2455657.843112
2455657.863546
2455657.883980
2455657.904415
2455657.924849
2455657.945283
2455657.965717
2455657.986151
2455658.006585
2455658.027019
2455658.047453
2455658.067887
2455658.088321
2455658.108756
2455658.129190
2455658.149624
2455658.170058
2455658.190492
2455658.210926
2455658.231360
2455658.251794
2455658.272228
2455658.292662
2455658.313096
2455658.333531
2455658.353965
2455658.374399
2455658.394833
2455658.415267
2455658.435701
2455658.456135
2455658.476569
2455658.497003
2455658.517437
2455658.537871
2455658.558305
2455658.578740
2455658.599174
2455658.619608
2455658.640042
2455658.660476
2455658.680910
2455658.701344
2455658.721778
2455658.742212
2455658.762646
2455658.783081
2455658.803515
2455658.823949
2455658.844383
2455658.864817
2455658.885251
2455658.905685
2455658.926119
2455658.946553
2455658.966987
2455658.987421
2455659.007856
2455659.028290
2455659.048724
2455659.069158
2455659.089592
2455659.110026
2455659.130460
2455659.150894
2455659.171328
2455659.191762
2455659.212196
2455659.232631
2455659.253065
2455659.273499
2455659.293933
2455659.314367
2455659.334801
2455659.355235
2455659.375669
2455659.396103
2455659.416537
2455659.436971
2455659.457406
2455659.477840
2455659.498274
2455659.518708
2455659.539142
2455659.559576
2455659.580010
2455659.600444
2455659.620878
2455659.641313
2455659.661747
2455659.682181
2455659.702615
2455659.723049
2455659.743483
2455659.763917
2455659.784351
2455659.804785
2455659.825219
2455659.845654
2455659.866088
2455659.886522
2455659.906956
2455659.927390
2455659.947824
2455659.968258
2455659.988692
2455660.009126
2455660.029560
2455660.049994
2455660.070429
2455660.090863
2455660.111297
2455660.131731
2455660.152165
2455660.172599
2455660.193033
2455660.213467
2455660.233901
2455660.254336
2455660.274770
2455660.295204
2455660.315638
2455660.336072
2455660.356506
2455660.376940
2455660.397374
2455660.417808
2455660.438242
2455660.458677
2455660.479111
2455660.499545
2455660.519979
2455660.540413
2455660.560847
2455660.581281
2455660.601715
2455660.622149
2455660.642583
2455660.663017
2455660.683452
2455660.703886
2455660.724320
2455660.744754
2455660.765188
2455660.785622
2455660.806056
2455660.826490
2455660.846924
2455660.867359
2455660.887793
2455660.908227
2455660.928661
2455660.949095
2455660.969529
2455660.989963
2455661.010397
2455661.030831
2455661.051265
2455661.071700
2455661.092134
2455661.112568
2455661.133002
2455661.153436
2455661.173870
2455661.194304
2455661.214738
2455661.235173
2455661.255607
2455661.276041
2455661.296475
2455661.316909
2455661.337343
2455661.357777
2455661.378211
2455661.398645
2455661.419079
2455661.439514
2455661.459948
2455661.480382
2455661.500816
2455661.521250
2455661.541684
2455661.562118
2455661.582552
2455661.602986
2455661.623421
2455661.643855
2455661.664289
2455661.684723
2455661.705157
2455661.725591
2455661.746025
2455661.766459
2455661.786893
2455661.807328
2455661.827762
2455661.848196
2455661.868630
2455661.889064
2455661.909498
2455661.929932
2455661.950366
2455661.970800
2455661.991235
2455662.011669
2455662.032103
2455662.052537
2455662.072971
2455662.093405
2455662.113839
2455662.134273
2455662.154707
2455662.175142
2455662.195576
2455662.216010
2455662.236444
2455662.256878
2455662.277312
2455662.297746
2455662.318180
2455662.338614
2455662.359049
2455662.379483
2455662.399917
2455662.420351
2455662.440785
2455662.461219
2455662.481653
2455662.502087
2455662.522521
2455662.542956
2455662.563390
2455662.583824
2455662.604258
2455662.624692
2455662.645126
2455662.665560
2455662.685994
2455662.706429
2455662.726863
2455662.747297
2455662.767731
2455662.788165
2455662.808599
2455662.829033
2455662.849467
2455662.869901
2455662.890336
2455662.910770
2455662.931204
2455662.951638
2455662.972072
2455662.992506
2455663.012940
2455663.033374
2455663.053808
2455663.074243
2455663.094677
2455663.115111
2455663.135545
2455663.155979
2455663.176413
2455663.196847
2455663.217281
2455663.237716
2455663.258150
2455663.278584
2455663.299018
2455663.319452
2455663.339886
2455663.360320
2455663.380754
2455663.401189
2455663.421623
2455663.442057
2455663.462491
2455663.482925
2455663.503359
2455663.523793
2455663.544227
2455663.564661
2455663.585096
2455663.605530
2455663.625964
2455663.646398
2455663.666832
2455663.687266
2455663.707700
2455663.728134
2455663.748568
2455663.769003
2455663.789437
2455663.809871
2455663.830305
2455663.850739
2455663.871173
2455663.891607
2455663.912042
2455663.932476
2455663.952910
2455663.973344
2455663.993778
2455664.014212
2455664.034646
2455664.055080
2455664.075515
2455664.095949
2455664.116383
2455664.136817
2455664.157251
2455664.177685
2455664.198119
2455664.218553
2455664.238987
2455664.259422
2455664.279856
2455664.300290
2455664.320724
2455664.341158
2455664.361592
2455664.382026
2455664.402460
2455664.422895
2455664.443329
2455664.463763
2455664.484197
2455664.504631
2455664.525065
2455664.545499
2455664.565933
2455664.586368
2455664.606802
2455664.627236
2455664.647670
2455664.668104
2455664.688538
2455664.708972
2455664.729407
2455664.749841
2455664.770275
2455664.790709
2455664.811143
2455664.831577
2455664.852011
2455664.872445
2455664.892880
2455664.913314
2455664.933748
2455664.954182
2455664.974616
2455664.995050
2455665.015484
2455665.035918
2455665.056352
2455665.076787
2455665.097221
2455665.117655
2455665.138089
2455665.158523
2455665.178957
2455665.199391
2455665.219825
2455665.240260
2455665.260694
2455665.281128
2455665.301562
2455665.321996
2455665.342430
2455665.362864
2455665.383298
2455665.403733
2455665.424167
2455665.444601
2455665.465035
2455665.485469
2455665.505903
2455665.526337
2455665.546771
2455665.567206
2455665.587640
2455665.608074
2455665.628508
2455665.648942
2455665.669376
2455665.689811
2455665.710245
2455665.730679
2455665.751113
2455665.771547
2455665.791981
2455665.812415
2455665.832849
2455665.853284
2455665.873718
2455665.894152
2455665.914586
2455665.935020
2455665.955454
2455665.975888
2455665.996322
2455666.016757
2455666.037191
2455666.057625
2455666.078059
2455666.098493
2455666.118927
2455666.139361
2455666.159795
2455666.180230
2455666.200664
2455666.221098
2455666.241532
2455666.261966
2455666.282400
2455666.302834
2455666.323269
2455666.343703
2455666.364137
2455666.384571
2455666.405005
2455666.425439
2455666.445873
2455666.466308
2455666.486742
2455666.507176
2455666.527610
2455666.548044
2455666.568478
2455666.588912
2455666.609346
2455666.629781
2455666.650215
2455666.670649
2455666.691083
2455666.711517
2455666.731951
2455666.752385
2455666.772820
2455666.793254
2455666.813688
2455666.834122
2455666.854556
2455666.874990
2455666.895424
2455666.915859
2455666.936293
2455666.956727
2455666.977161
2455666.997595
2455667.018029
2455667.038463
2455667.058897
2455667.079332
2455667.099766
2455667.120200
2455667.140634
2455667.161068
2455667.181502
2455667.201936
2455667.222371
2455667.242805
2455667.263239
2455667.283673
2455667.304107
2455667.324541
2455667.344975
2455667.365410
2455667.385844
2455667.406278
2455667.426712
2455667.447146
2455667.467580
2455667.488014
2455667.508448
2455667.528883
2455667.549317
2455667.569751
2455667.590185
2455667.610619
2455667.631053
2455667.651487
2455667.671922
2455667.692356
2455667.712790
2455667.733224
2455667.753658
2455667.774092
2455667.794526
2455667.814961
2455667.835395
2455667.855829
2455667.876263
2455667.896697
2455667.917131
2455667.937565
2455667.958000
2455667.978434
2455667.998868
2455668.019302
2455668.039736
2455668.060170
2455668.080604
2455668.101039
2455668.121473
2455668.141907
2455668.162341
2455668.182775
2455668.203209
2455668.223643
2455668.244078
2455668.264512
2455668.284946
2455668.305380
2455668.325814
2455668.346248
2455668.366682
2455668.387117
2455668.407551
2455668.427985
2455668.448419
2455668.468853
2455668.489287
2455668.509721
2455668.530156
2455668.550590
2455668.571024
2455668.591458
2455668.611892
2455668.632326
2455668.652760
2455668.673195
2455668.693629
2455668.714063
2455668.734497
2455668.754931
2455668.775365
2455668.795800
2455668.816234
2455668.836668
2455668.857102
2455668.877536
2455668.897970
2455668.918404
2455668.938838
2455668.959273
2455668.979707
2455669.000141
2455669.020575
2455669.041009
2455669.061443
2455669.081877
2455669.102312
2455669.122746
2455669.143180
2455669.163614
2455669.184048
2455669.204482
2455669.224916
2455669.245351
2455669.265785
2455669.286219
2455669.306653
2455669.327087
2455669.347521
2455669.367956
2455669.388390
2455669.408824
2455669.429258
2455669.449692
2455669.470126
2455669.490560
2455669.510995
2455669.531429
2455669.551863
2455669.572297
2455669.592731
2455669.613165
2455669.633600
2455669.654034
2455669.674468
2455669.694902
2455669.715336
2455669.735770
2455669.756204
2455669.776639
2455669.797073
2455669.817507
2455669.837941
2455669.858375
2455669.878809
2455669.899244
2455669.919678
2455669.940112
2455669.960546
2455669.980980
2455670.001414
2455670.021848
2455670.042282
2455670.062717
2455670.083151
2455670.103585
2455670.124019
2455670.144453
2455670.164887
2455670.185322
2455670.205756
2455670.226190
2455670.246624
2455670.267058
2455670.287492
2455670.307926
2455670.328361
2455670.348795
2455670.369229
2455670.389663
2455670.410097
2455670.430531
2455670.450965
2455670.471400
2455670.491834
2455670.512268
2455670.532702
2455670.553136
2455670.573570
2455670.594005
2455670.614439
2455670.634873
2455670.655307
2455670.675741
2455670.696175
2455670.716609
2455670.737044
2455670.757478
2455670.777912
2455670.798346
2455670.818780
2455670.839214
2455670.859649
2455670.880083
2455670.900517
2455670.920951
2455670.941385
2455670.961819
2455670.982253
2455671.002688
2455671.023122
2455671.043556
2455671.063990
2455671.084424
2455671.104858
2455671.125293
2455671.145727
2455671.166161
2455671.186595
2455671.207029
2455671.227463
2455671.247898
2455671.268332
2455671.288766
2455671.309200
2455671.329634
2455671.350068
2455671.370502
2455671.390936
2455671.411371
2455671.431805
2455671.452239
2455671.472673
2455671.493107
2455671.513542
2455671.533976
2455671.554410
2455671.574844
2455671.595278
2455671.615712
2455671.636147
2455671.656581
2455671.677015
2455671.697449
2455671.717883
2455671.738317
2455671.758751
2455671.779186
2455671.799620
2455671.820054
2455671.840488
2455671.860922
2455671.881356
2455671.901791
2455671.922225
2455671.942659
2455671.963093
2455671.983527
2455672.003961
2455672.024396
2455672.044830
2455672.065264
2455672.085698
2455672.106132
2455672.126566
2455672.147000
2455672.167435
2455672.187869
2455672.208303
2455672.228737
2455672.249171
2455672.269605
2455672.290040
2455672.310474
2455672.330908
2455672.351342
2455672.371776
2455672.392210
2455672.412645
2455672.433079
2455672.453513
2455672.473947
2455672.494381
2455672.514815
2455672.535249
2455672.555684
2455672.576118
2455672.596552
2455672.616986
2455672.637420
2455672.657854
2455672.678289
2455672.698723
2455672.719157
2455672.739591
2455672.760025
2455672.780459
2455672.800894
2455672.821328
2455672.841762
2455672.862196
2455672.882630
2455672.903064
2455672.923499
2455672.943933
2455672.964367
2455672.984801
2455673.005235
2455673.025669
2455673.046103
2455673.066538
2455673.086972
2455673.107406
2455673.127840
2455673.148274
2455673.168708
2455673.189143
2455673.209577
2455673.230011
2455673.250445
2455673.270879
2455673.291313
2455673.311748
2455673.332182
2455673.352616
2455673.373050
2455673.393484
2455673.413918
2455673.434353
2455673.454787
2455673.475221
2455673.495655
2455673.516089
2455673.536523
2455673.556958
2455673.577392
2455673.597826
2455673.618260
2455673.638694
2455673.659128
2455673.679563
2455673.699997
2455673.720431
2455673.740865
2455673.761299
2455673.781733
2455673.802168
2455673.822602
2455673.843036
2455673.863470
2455673.883904
2455673.904338
2455673.924773
2455673.945207
2455673.965641
2455673.986075
2455674.006509
2455674.026943
2455674.047378
2455674.067812
2455674.088246
2455674.108680
2455674.129114
2455674.149548
2455674.169983
2455674.190417
2455674.210851
2455674.231285
2455674.251719
2455674.272153
2455674.292588
2455674.313022
2455674.333456
2455674.353890
2455674.374324
2455674.394758
2455674.415193
2455674.435627
2455674.456061
2455674.476495
2455674.496929
2455674.517363
2455674.537798
2455674.558232
2455674.578666
2455674.599100
2455674.619534
2455674.639968
2455674.660403
2455674.680837
2455674.701271
2455674.721705
2455674.742139
2455674.762573
2455674.783008
2455674.803442
2455674.823876
2455674.844310
2455674.864744
2455674.885178
2455674.905613
2455674.926047
2455674.946481
2455674.966915
2455674.987349
2455675.007784
2455675.028218
2455675.048652
2455675.069086
2455675.089520
2455675.109954
2455675.130388
2455675.150823
2455675.171257
2455675.191691
2455675.212125
2455675.232559
2455675.252993
2455675.273428
2455675.293862
2455675.314296
2455675.334730
2455675.355164
2455675.375598
2455675.396033
2455675.416467
2455675.436901
2455675.457335
2455675.477769
2455675.498203
2455675.518638
2455675.539072
2455675.559506
2455675.579940
2455675.600374
2455675.620809
2455675.641243
2455675.661677
2455675.682111
2455675.702545
2455675.722979
2455675.743414
2455675.763848
2455675.784282
2455675.804716
2455675.825150
2455675.845585
2455675.866019
2455675.886453
2455675.906887
2455675.927321
2455675.947755
2455675.968190
2455675.988624
2455676.009058
2455676.029492
2455676.049926
2455676.070360
2455676.090795
2455676.111229
2455676.131663
2455676.152097
2455676.172531
2455676.192965
2455676.213400
2455676.233834
2455676.254268
2455676.274702
2455676.295136
2455676.315570
2455676.336005
2455676.356439
2455676.376873
2455676.397307
2455676.417741
2455676.438175
2455676.458610
2455676.479044
2455676.499478
2455676.519912
2455676.540346
2455676.560780
2455676.581215
2455676.601649
2455676.622083
2455676.642517
2455676.662951
2455676.683386
2455676.703820
2455676.724254
2455676.744688
2455676.765122
2455676.785557
2455676.805991
2455676.826425
2455676.846859
2455676.867293
2455676.887727
2455676.908162
2455676.928596
2455676.949030
2455676.969464
2455676.989898
2455677.010332
2455677.030767
2455677.051201
2455677.071635
2455677.092069
2455677.112503
2455677.132937
2455677.153372
2455677.173806
2455677.194240
2455677.214674
2455677.235108
2455677.255542
2455677.275977
2455677.296411
2455677.316845
2455677.337279
2455677.357713
2455677.378148
2455677.398582
2455677.419016
2455677.439450
2455677.459884
2455677.480318
2455677.500753
2455677.521187
2455677.541621
2455677.562055
2455677.582489
2455677.602924
2455677.623358
2455677.643792
2455677.664226
2455677.684660
2455677.705094
2455677.725529
2455677.745963
2455677.766397
2455677.786831
2455677.807265
2455677.827699
2455677.848134
2455677.868568
2455677.889002
2455677.909436
           NaN
           NaN
           NaN
           NaN
           NaN
           NaN
           NaN
           NaN
           NaN
           NaN
           NaN
           NaN
           NaN
           NaN
           NaN
           NaN
           NaN
           NaN
           NaN
           NaN
           NaN
           NaN
           NaN
           NaN
           NaN
           NaN
           NaN
           NaN
           NaN
           NaN
           NaN
           NaN
           NaN
           NaN
2455678.624633
2455678.645067
2455678.665501
2455678.685935
2455678.706369
2455678.726803
2455678.747238
2455678.767672
2455678.788106
2455678.808540
2455678.828974
2455678.849409
2455678.869843
2455678.890277
2455678.910711
2455678.931145
2455678.951579
2455678.972014
2455678.992448
2455679.012882
2455679.033316
2455679.053750
2455679.074185
2455679.094619
2455679.115053
2455679.135487
2455679.155921
2455679.176355
2455679.196790
2455679.217224
2455679.237658
2455679.258092
2455679.278526
2455679.298961
2455679.319395
2455679.339829
2455679.360263
2455679.380697
2455679.401131
2455679.421566
2455679.442000
2455679.462434
2455679.482868
2455679.503302
2455679.523737
2455679.544171
2455679.564605
2455679.585039
2455679.605473
2455679.625907
2455679.646342
2455679.666776
2455679.687210
2455679.707644
2455679.728078
2455679.748513
2455679.768947
2455679.789381
2455679.809815
2455679.830249
2455679.850683
2455679.871118
2455679.891552
2455679.911986
2455679.932420
2455679.952854
2455679.973289
2455679.993723
2455680.014157
2455680.034591
2455680.055025
2455680.075460
2455680.095894
2455680.116328
2455680.136762
2455680.157196
2455680.177630
2455680.198065
2455680.218499
2455680.238933
2455680.259367
2455680.279801
2455680.300236
2455680.320670
2455680.341104
2455680.361538
2455680.381972
2455680.402407
2455680.422841
2455680.443275
2455680.463709
2455680.484143
2455680.504577
2455680.525012
2455680.545446
2455680.565880
2455680.586314
2455680.606748
2455680.627183
2455680.647617
2455680.668051
2455680.688485
2455680.708919
2455680.729353
2455680.749788
2455680.770222
2455680.790656
2455680.811090
2455680.831524
2455680.851959
2455680.872393
2455680.892827
2455680.913261
2455680.933695
2455680.954129
2455680.974564
2455680.994998
2455681.015432
2455681.035866
2455681.056300
2455681.076735
2455681.097169
2455681.117603
2455681.138037
2455681.158471
2455681.178906
2455681.199340
2455681.219774
2455681.240208
2455681.260642
2455681.281076
2455681.301511
2455681.321945
2455681.342379
2455681.362813
2455681.383247
2455681.403682
2455681.424116
2455681.444550
2455681.464984
2455681.485418
2455681.505852
2455681.526287
2455681.546721
2455681.567155
2455681.587589
2455681.608023
2455681.628458
2455681.648892
2455681.669326
2455681.689760
2455681.710194
2455681.730629
2455681.751063
2455681.771497
2455681.791931
2455681.812365
2455681.832800
2455681.853234
2455681.873668
2455681.894102
2455681.914536
2455681.934970
2455681.955405
2455681.975839
2455681.996273
2455682.016707
2455682.037141
2455682.057576
2455682.078010
2455682.098444
2455682.118878
2455682.139312
2455682.159747
2455682.180181
2455682.200615
2455682.221049
2455682.241483
2455682.261918
2455682.282352
2455682.302786
2455682.323220
2455682.343654
2455682.364088
2455682.384523
2455682.404957
2455682.425391
2455682.445825
2455682.466259
2455682.486694
2455682.507128
2455682.527562
2455682.547996
2455682.568431
2455682.588865
2455682.609299
2455682.629733
2455682.650167
2455682.670601
2455682.691036
2455682.711470
2455682.731904
2455682.752338
2455682.772772
2455682.793207
2455682.813641
2455682.834075
2455682.854509
2455682.874943
2455682.895377
2455682.915812
2455682.936246
2455682.956680
2455682.977114
2455682.997548
2455683.017983
2455683.038417
2455683.058851
2455683.079285
2455683.099719
2455683.120154
2455683.140588
2455683.161022
2455683.181456
2455683.201890
2455683.222324
2455683.242759
2455683.263193
2455683.283627
2455683.304061
2455683.324495
2455683.344930
2455683.365364
2455683.385798
2455683.406232
2455683.426666
2455683.447101
2455683.467535
2455683.487969
2455683.508403
2455683.528837
2455683.549272
2455683.569706
2455683.590140
2455683.610574
2455683.631008
2455683.651443
2455683.671877
2455683.692311
2455683.712745
2455683.733179
2455683.753614
2455683.774048
2455683.794482
2455683.814916
2455683.835350
2455683.855785
2455683.876219
2455683.896653
2455683.917087
2455683.937521
2455683.957956
2455683.978390
2455683.998824
2455684.019258
2455684.039692
2455684.060126
2455684.080561
2455684.100995
2455684.121429
2455684.141863
2455684.162297
2455684.182732
2455684.203166
2455684.223600
2455684.244034
2455684.264468
2455684.284903
2455684.305337
2455684.325771
2455684.346205
2455684.366639
2455684.387074
2455684.407508
2455684.427942
2455684.448376
2455684.468810
2455684.489245
2455684.509679
2455684.530113
2455684.550547
2455684.570981
2455684.591416
2455684.611850
2455684.632284
2455684.652718
2455684.673152
2455684.693586
2455684.714021
2455684.734455
2455684.754889
2455684.775323
2455684.795758
2455684.816192
2455684.836626
2455684.857060
2455684.877494
2455684.897928
2455684.918363
2455684.938797
2455684.959231
2455684.979665
2455685.000099
2455685.020534
2455685.040968
2455685.061402
2455685.081836
2455685.102270
2455685.122705
2455685.143139
2455685.163573
2455685.184007
2455685.204441
2455685.224876
2455685.245310
2455685.265744
2455685.286178
2455685.306612
2455685.327046
2455685.347481
2455685.367915
2455685.388349
2455685.408783
2455685.429218
2455685.449652
2455685.470086
2455685.490520
2455685.510954
2455685.531389
2455685.551823
2455685.572257
2455685.592691
2455685.613125
2455685.633560
2455685.653994
2455685.674428
2455685.694862
2455685.715296
2455685.735731
2455685.756165
2455685.776599
2455685.797033
2455685.817467
2455685.837901
2455685.858336
2455685.878770
2455685.899204
2455685.919638
2455685.940072
2455685.960507
2455685.980941
2455686.001375
2455686.021809
2455686.042243
2455686.062678
2455686.083112
2455686.103546
2455686.123980
2455686.144414
2455686.164849
2455686.185283
2455686.205717
2455686.226151
2455686.246586
2455686.267020
2455686.287454
2455686.307888
2455686.328322
2455686.348756
2455686.369191
2455686.389625
2455686.410059
2455686.430493
2455686.450927
2455686.471362
2455686.491796
2455686.512230
2455686.532664
2455686.553098
2455686.573533
2455686.593967
2455686.614401
2455686.634835
2455686.655269
2455686.675704
2455686.696138
2455686.716572
2455686.737006
2455686.757440
2455686.777875
2455686.798309
2455686.818743
2455686.839177
2455686.859611
2455686.880046
2455686.900480
2455686.920914
2455686.941348
2455686.961782
2455686.982217
2455687.002651
2455687.023085
2455687.043519
2455687.063953
2455687.084388
2455687.104822
2455687.125256
2455687.145690
2455687.166124
2455687.186559
2455687.206993
2455687.227427
2455687.247861
2455687.268295
2455687.288730
2455687.309164
2455687.329598
2455687.350032
2455687.370466
2455687.390901
2455687.411335
2455687.431769
2455687.452203
2455687.472637
2455687.493072
2455687.513506
2455687.533940
2455687.554374
2455687.574808
2455687.595243
2455687.615677
2455687.636111
2455687.656545
2455687.676979
2455687.697414
2455687.717848
2455687.738282
2455687.758716
2455687.779150
2455687.799585
2455687.820019
2455687.840453
2455687.860887
2455687.881321
2455687.901756
2455687.922190
2455687.942624
2455687.963058
2455687.983492
2455688.003926
2455688.024361
2455688.044795
2455688.065229
2455688.085663
2455688.106098
2455688.126532
2455688.146966
2455688.167400
2455688.187834
2455688.208269
2455688.228703
2455688.249137
2455688.269571
2455688.290005
2455688.310440
2455688.330874
2455688.351308
2455688.371742
2455688.392176
2455688.412611
2455688.433045
2455688.453479
2455688.473913
2455688.494347
2455688.514782
2455688.535216
2455688.555650
2455688.576084
2455688.596518
2455688.616953
2455688.637387
2455688.657821
2455688.678255
2455688.698689
2455688.719124
2455688.739558
2455688.759992
2455688.780426
2455688.800860
2455688.821295
2455688.841729
2455688.862163
2455688.882597
2455688.903032
2455688.923466
2455688.943900
2455688.964334
2455688.984768
2455689.005202
2455689.025637
2455689.046071
2455689.066505
2455689.086939
2455689.107373
2455689.127808
2455689.148242
2455689.168676
2455689.189110
2455689.209544
2455689.229979
2455689.250413
2455689.270847
2455689.291281
2455689.311715
2455689.332150
2455689.352584
2455689.373018
2455689.393452
2455689.413887
2455689.434321
2455689.454755
2455689.475189
2455689.495623
2455689.516058
2455689.536492
2455689.556926
2455689.577360
2455689.597794
2455689.618229
2455689.638663
2455689.659097
2455689.679531
2455689.699965
2455689.720399
2455689.740834
2455689.761268
2455689.781702
2455689.802136
2455689.822570
2455689.843005
2455689.863439
2455689.883873
2455689.904307
2455689.924742
2455689.945176
2455689.965610
2455689.986044
2455690.006478
2455690.026913
2455690.047347
2455690.067781
2455690.088215
2455690.108649
2455690.129084
2455690.149518
2455690.169952
2455690.190386
2455690.210820
2455690.231255
2455690.251689
2455690.272123
2455690.292557
2455690.312991
2455690.333426
2455690.353860
2455690.374294
2455690.394728
2455690.415162
2455690.435597
2455690.456031
2455690.476465
2455690.496899
2455690.517333
2455690.537768
2455690.558202
2455690.578636
2455690.599070
2455690.619504
2455690.639939
2455690.660373
2455690.680807
2455690.701241
2455690.721675
2455690.742110
2455690.762544
2455690.782978
2455690.803412
2455690.823846
2455690.844281
2455690.864715
2455690.885149
2455690.905583
2455690.926018
2455690.946452
2455690.966886
2455690.987320
2455691.007754
2455691.028189
2455691.048623
2455691.069057
2455691.089491
2455691.109925
2455691.130360
2455691.150794
2455691.171228
2455691.191662
2455691.212096
2455691.232531
2455691.252965
2455691.273399
2455691.293833
2455691.314267
2455691.334702
2455691.355136
2455691.375570
2455691.396004
2455691.416438
2455691.436873
2455691.457307
2455691.477741
2455691.498175
2455691.518609
2455691.539044
2455691.559478
2455691.579912
2455691.600346
2455691.620781
2455691.641215
2455691.661649
2455691.682083
2455691.702517
2455691.722951
2455691.743386
2455691.763820
2455691.784254
2455691.804688
2455691.825122
2455691.845557
2455691.865991
2455691.886425
2455691.906859
2455691.927294
2455691.947728
2455691.968162
2455691.988596
2455692.009030
2455692.029465
2455692.049899
2455692.070333
2455692.090767
2455692.111201
2455692.131636
2455692.152070
2455692.172504
2455692.192938
2455692.213372
2455692.233807
2455692.254241
2455692.274675
2455692.295109
2455692.315543
2455692.335977
2455692.356412
2455692.376846
2455692.397280
2455692.417714
2455692.438149
2455692.458583
2455692.479017
2455692.499451
2455692.519885
2455692.540320
2455692.560754
2455692.581188
2455692.601622
2455692.622056
2455692.642491
2455692.662925
2455692.683359
2455692.703793
2455692.724227
2455692.744662
2455692.765096
2455692.785530
2455692.805964
2455692.826398
2455692.846833
2455692.867267
2455692.887701
2455692.908135
2455692.928569
2455692.949004
2455692.969438
2455692.989872
2455693.010306
2455693.030741
2455693.051175
2455693.071609
2455693.092043
2455693.112477
2455693.132912
2455693.153346
2455693.173780
2455693.194214
2455693.214648
2455693.235083
2455693.255517
2455693.275951
2455693.296385
2455693.316819
2455693.337254
2455693.357688
2455693.378122
2455693.398556
2455693.418990
2455693.439425
2455693.459859
2455693.480293
2455693.500727
2455693.521161
2455693.541596
2455693.562030
2455693.582464
2455693.602898
2455693.623333
2455693.643767
2455693.664201
2455693.684635
2455693.705069
2455693.725504
2455693.745938
2455693.766372
2455693.786806
2455693.807240
2455693.827675
2455693.848109
2455693.868543
2455693.888977
2455693.909411
2455693.929846
2455693.950280
2455693.970714
2455693.991148
2455694.011582
2455694.032017
2455694.052451
2455694.072885
2455694.093319
2455694.113753
2455694.134188
2455694.154622
2455694.175056
2455694.195490
2455694.215924
2455694.236359
2455694.256793
2455694.277227
2455694.297661
2455694.318096
2455694.338530
2455694.358964
2455694.379398
2455694.399832
2455694.420267
2455694.440701
2455694.461135
2455694.481569
2455694.502003
2455694.522438
2455694.542872
2455694.563306
2455694.583740
2455694.604174
2455694.624609
2455694.645043
2455694.665477
2455694.685911
2455694.706345
2455694.726780
2455694.747214
2455694.767648
2455694.788082
2455694.808516
2455694.828951
2455694.849385
2455694.869819
2455694.890253
2455694.910688
2455694.931122
2455694.951556
2455694.971990
2455694.992424
2455695.012859
2455695.033293
2455695.053727
2455695.074161
2455695.094595
2455695.115030
2455695.135464
2455695.155898
2455695.176332
2455695.196766
2455695.217201
2455695.237635
2455695.258069
2455695.278503
2455695.298937
2455695.319372
2455695.339806
2455695.360240
2455695.380674
2455695.401108
2455695.421543
2455695.441977
2455695.462411
2455695.482845
2455695.503279
2455695.523714
2455695.544148
2455695.564582
2455695.585016
2455695.605450
2455695.625885
2455695.646319
2455695.666753
2455695.687187
2455695.707622
2455695.728056
2455695.748490
2455695.768924
2455695.789358
2455695.809793
2455695.830227
2455695.850661
2455695.871095
2455695.891529
2455695.911964
2455695.932398
2455695.952832
2455695.973266
2455695.993700
2455696.014135
2455696.034569
2455696.055003
2455696.075437
2455696.095871
2455696.116306
2455696.136740
2455696.157174
2455696.177608
2455696.198042
2455696.218477
2455696.238911
2455696.259345
2455696.279779
2455696.300213
2455696.320648
2455696.341082
2455696.361516
2455696.381950
2455696.402385
2455696.422819
2455696.443253
2455696.463687
2455696.484121
2455696.504555
2455696.524990
2455696.545424
2455696.565858
2455696.586292
2455696.606727
2455696.627161
2455696.647595
2455696.668029
2455696.688463
2455696.708898
2455696.729332
2455696.749766
2455696.770200
2455696.790634
2455696.811069
2455696.831503
2455696.851937
2455696.872371
2455696.892805
2455696.913240
2455696.933674
2455696.954108
2455696.974542
2455696.994976
2455697.015411
2455697.035845
2455697.056279
2455697.076713
2455697.097147
2455697.117582
2455697.138016
2455697.158450
2455697.178884
2455697.199319
2455697.219753
2455697.240187
2455697.260621
2455697.281055
2455697.301490
2455697.321924
2455697.342358
2455697.362792
2455697.383226
2455697.403661
2455697.424095
2455697.444529
2455697.464963
2455697.485397
2455697.505832
2455697.526266
2455697.546700
2455697.567134
2455697.587569
2455697.608003
2455697.628437
2455697.648871
2455697.669305
2455697.689740
2455697.710174
2455697.730608
2455697.751042
2455697.771476
2455697.791910
2455697.812345
2455697.832779
2455697.853213
2455697.873647
2455697.894082
2455697.914516
2455697.934950
2455697.955384
2455697.975818
2455697.996253
2455698.016687
2455698.037121
2455698.057555
2455698.077989
2455698.098424
2455698.118858
2455698.139292
2455698.159726
2455698.180160
2455698.200595
2455698.221029
2455698.241463
2455698.261897
2455698.282331
2455698.302766
2455698.323200
2455698.343634
2455698.364068
2455698.384502
2455698.404937
2455698.425371
2455698.445805
2455698.466239
2455698.486674
2455698.507108
2455698.527542
2455698.547976
2455698.568410
2455698.588845
2455698.609279
2455698.629713
2455698.650147
2455698.670581
2455698.691016
2455698.711450
2455698.731884
2455698.752318
2455698.772752
2455698.793187
2455698.813621
2455698.834055
2455698.854489
2455698.874923
2455698.895358
2455698.915792
2455698.936226
2455698.956660
2455698.977094
2455698.997529
2455699.017963
2455699.038397
2455699.058831
2455699.079265
2455699.099700
2455699.120134
2455699.140568
2455699.161002
2455699.181436
2455699.201871
2455699.222305
2455699.242739
2455699.263173
2455699.283607
2455699.304042
2455699.324476
2455699.344910
2455699.365344
2455699.385779
2455699.406213
2455699.426647
2455699.447081
2455699.467515
2455699.487950
2455699.508384
2455699.528818
2455699.549252
2455699.569686
2455699.590121
2455699.610555
2455699.630989
2455699.651423
2455699.671857
2455699.692292
2455699.712726
2455699.733160
2455699.753594
2455699.774028
2455699.794463
2455699.814897
2455699.835331
2455699.855765
2455699.876200
2455699.896634
2455699.917068
2455699.937502
2455699.957936
2455699.978371
2455699.998805
2455700.019239
2455700.039673
2455700.060107
2455700.080541
2455700.100976
2455700.121410
2455700.141844
2455700.162278
2455700.182712
2455700.203147
2455700.223581
2455700.244015
2455700.264449
2455700.284884
2455700.305318
2455700.325752
2455700.346186
2455700.366620
2455700.387055
2455700.407489
2455700.427923
2455700.448357
2455700.468791
2455700.489226
2455700.509660
2455700.530094
2455700.550528
2455700.570962
2455700.591397
2455700.611831
2455700.632265
2455700.652699
2455700.673133
2455700.693568
2455700.714002
2455700.734436
2455700.754870
2455700.775304
2455700.795739
2455700.816173
2455700.836607
2455700.857041
2455700.877476
2455700.897910
2455700.918344
2455700.938778
2455700.959212
2455700.979646
2455701.000081
2455701.020515
2455701.040949
2455701.061383
2455701.081818
2455701.102252
2455701.122686
2455701.143120
2455701.163554
2455701.183988
2455701.204423
2455701.224857
2455701.245291
2455701.265725
2455701.286159
2455701.306594
2455701.327028
2455701.347462
2455701.367896
2455701.388331
2455701.408765
2455701.429199
2455701.449633
2455701.470067
2455701.490502
2455701.510936
2455701.531370
2455701.551804
2455701.572238
2455701.592673
2455701.613107
2455701.633541
2455701.653975
2455701.674409
2455701.694844
2455701.715278
2455701.735712
2455701.756146
2455701.776580
2455701.797015
2455701.817449
2455701.837883
2455701.858317
2455701.878751
2455701.899186
2455701.919620
2455701.940054
2455701.960488
2455701.980922
2455702.001357
2455702.021791
2455702.042225
2455702.062659
2455702.083093
2455702.103528
2455702.123962
2455702.144396
2455702.164830
2455702.185265
2455702.205699
2455702.226133
2455702.246567
2455702.267001
2455702.287436
2455702.307870
2455702.328304
2455702.348738
2455702.369172
2455702.389607
2455702.410041
2455702.430475
2455702.450909
2455702.471343
2455702.491777
2455702.512212
2455702.532646
2455702.553080
2455702.573514
2455702.593948
2455702.614383
2455702.634817
2455702.655251
2455702.675685
2455702.696120
2455702.716554
2455702.736988
2455702.757422
2455702.777856
2455702.798291
2455702.818725
2455702.839159
2455702.859593
2455702.880027
2455702.900462
2455702.920896
2455702.941330
2455702.961764
2455702.982198
2455703.002633
2455703.023067
2455703.043501
2455703.063935
2455703.084369
2455703.104804
2455703.125238
2455703.145672
2455703.166106
2455703.186540
2455703.206975
2455703.227409
2455703.247843
2455703.268277
2455703.288711
2455703.309146
2455703.329580
2455703.350014
2455703.370448
2455703.390882
2455703.411317
2455703.431751
2455703.452185
2455703.472619
2455703.493053
2455703.513488
2455703.533922
2455703.554356
2455703.574790
2455703.595224
2455703.615659
2455703.636093
2455703.656527
2455703.676961
2455703.697395
2455703.717830
2455703.738264
2455703.758698
2455703.779132
2455703.799566
2455703.820001
2455703.840435
2455703.860869
2455703.881303
2455703.901737
2455703.922172
2455703.942606
2455703.963040
2455703.983474
2455704.003908
2455704.024343
2455704.044777
2455704.065211
2455704.085645
2455704.106079
2455704.126514
2455704.146948
2455704.167382
2455704.187816
2455704.208250
2455704.228685
2455704.249119
2455704.269553
2455704.289987
2455704.310421
2455704.330856
2455704.351290
2455704.371724
2455704.392158
2455704.412592
2455704.433027
2455704.453461
2455704.473895
2455704.494329
2455704.514763
2455704.535198
2455704.555632
2455704.576066
2455704.596500
2455704.616934
2455704.637369
2455704.657803
2455704.678237
2455704.698671
2455704.719105
2455704.739540
2455704.759974
2455704.780408
2455704.800842
2455704.821276
2455704.841711
2455704.862145
2455704.882579
2455704.903013
2455704.923448
2455704.943882
2455704.964316
2455704.984750
2455705.005184
2455705.025618
2455705.046053
2455705.066487
2455705.086921
2455705.107355
2455705.127789
2455705.148224
2455705.168658
2455705.189092
2455705.209526
2455705.229960
2455705.250395
2455705.270829
2455705.291263
2455705.311697
2455705.332131
2455705.352566
2455705.373000
2455705.393434
2455705.413868
2455705.434302
2455705.454737
2455705.475171
2455705.495605
2455705.516039
2455705.536473
2455705.556908
2455705.577342
2455705.597776
2455705.618210
2455705.638644
2455705.659079
2455705.679513
2455705.699947
2455705.720381
2455705.740815
2455705.761250
2455705.781684
2455705.802118
2455705.822552
2455705.842986
2455705.863421
2455705.883855
2455705.904289
2455705.924723
2455705.945157
2455705.965592
2455705.986026
2455706.006460
2455706.026894
2455706.047328
2455706.067763
2455706.088197
2455706.108631
2455706.129065
2455706.149499
2455706.169934
2455706.190368
2455706.210802
2455706.231236
2455706.251670
2455706.272105
2455706.292539
2455706.312973
2455706.333407
2455706.353841
2455706.374276
2455706.394710
2455706.415144
2455706.435578
2455706.456012
2455706.476446
2455706.496881
2455706.517315
2455706.537749
2455706.558183
2455706.578618
2455706.599052
2455706.619486
2455706.639920
2455706.660354
2455706.680789
2455706.701223
2455706.721657
2455706.742091
2455706.762525
2455706.782960
2455706.803394
2455706.823828
2455706.844262
2455706.864696
2455706.885130
2455706.905565
2455706.925999
2455706.946433
2455706.966867
2455706.987301
2455707.007736
2455707.028170
2455707.048604
2455707.069038
2455707.089472
2455707.109907
           NaN
           NaN
           NaN
           NaN
           NaN
           NaN
           NaN
           NaN
           NaN
           NaN
           NaN
           NaN
           NaN
           NaN
           NaN
           NaN
           NaN
           NaN
           NaN
           NaN
           NaN
           NaN
           NaN
           NaN
           NaN
           NaN
           NaN
           NaN
           NaN
           NaN
           NaN
2455707.763801
2455707.784235
2455707.804669
2455707.825103
2455707.845538
2455707.865972
2455707.886406
2455707.906840
2455707.927274
2455707.947709
2455707.968143
2455707.988577
2455708.009011
2455708.029445
2455708.049880
2455708.070314
2455708.090748
2455708.111182
2455708.131616
2455708.152051
2455708.172485
2455708.192919
2455708.213353
2455708.233787
2455708.254222
2455708.274656
2455708.295090
2455708.315524
2455708.335958
2455708.356393
2455708.376827
2455708.397261
2455708.417695
2455708.438129
2455708.458563
2455708.478998
2455708.499432
2455708.519866
2455708.540300
2455708.560734
2455708.581169
2455708.601603
2455708.622037
2455708.642471
2455708.662905
2455708.683340
2455708.703774
2455708.724208
2455708.744642
2455708.765076
2455708.785511
2455708.805945
2455708.826379
2455708.846813
2455708.867247
2455708.887682
2455708.908116
2455708.928550
2455708.948984
2455708.969418
2455708.989853
2455709.010287
2455709.030721
2455709.051155
2455709.071589
2455709.092024
2455709.112458
2455709.132892
2455709.153326
2455709.173760
2455709.194194
2455709.214629
2455709.235063
2455709.255497
2455709.275931
2455709.296365
2455709.316800
2455709.337234
2455709.357668
2455709.378102
2455709.398536
2455709.418971
2455709.439405
2455709.459839
2455709.480273
2455709.500707
2455709.521141
2455709.541576
2455709.562010
2455709.582444
2455709.602878
2455709.623313
2455709.643747
2455709.664181
2455709.684615
2455709.705049
2455709.725483
2455709.745918
2455709.766352
2455709.786786
2455709.807220
2455709.827654
2455709.848089
2455709.868523
2455709.888957
2455709.909391
2455709.929825
2455709.950260
2455709.970694
2455709.991128
2455710.011562
2455710.031996
2455710.052431
2455710.072865
2455710.093299
2455710.113733
2455710.134167
2455710.154601
2455710.175036
2455710.195470
2455710.215904
2455710.236338
2455710.256772
2455710.277207
2455710.297641
2455710.318075
2455710.338509
2455710.358943
2455710.379377
2455710.399812
2455710.420246
2455710.440680
2455710.461114
2455710.481548
2455710.501983
2455710.522417
2455710.542851
2455710.563285
2455710.583719
2455710.604154
2455710.624588
2455710.645022
2455710.665456
2455710.685890
2455710.706325
2455710.726759
2455710.747193
2455710.767627
2455710.788061
2455710.808495
2455710.828930
2455710.849364
2455710.869798
2455710.890232
2455710.910666
2455710.931101
2455710.951535
2455710.971969
2455710.992403
2455711.012837
2455711.033272
2455711.053706
2455711.074140
2455711.094574
2455711.115008
2455711.135443
2455711.155877
2455711.176311
2455711.196745
2455711.217179
2455711.237614
2455711.258048
2455711.278482
2455711.298916
2455711.319350
2455711.339784
2455711.360219
2455711.380653
2455711.401087
2455711.421521
2455711.441955
2455711.462390
2455711.482824
2455711.503258
2455711.523692
2455711.544126
2455711.564560
2455711.584995
2455711.605429
2455711.625863
2455711.646297
2455711.666731
2455711.687166
2455711.707600
2455711.728034
2455711.748468
2455711.768902
2455711.789336
2455711.809771
2455711.830205
2455711.850639
2455711.871073
2455711.891507
2455711.911942
2455711.932376
2455711.952810
2455711.973244
2455711.993678
2455712.014113
2455712.034547
2455712.054981
2455712.075415
2455712.095849
2455712.116283
2455712.136718
2455712.157152
2455712.177586
2455712.198020
2455712.218454
2455712.238889
2455712.259323
2455712.279757
2455712.300191
2455712.320625
2455712.341059
2455712.361494
2455712.381928
2455712.402362
2455712.422796
2455712.443230
2455712.463665
2455712.484099
2455712.504533
2455712.524967
2455712.545401
2455712.565836
2455712.586270
2455712.606704
2455712.627138
2455712.647572
2455712.668007
2455712.688441
2455712.708875
2455712.729309
2455712.749743
2455712.770177
2455712.790612
2455712.811046
2455712.831480
2455712.851914
2455712.872348
2455712.892783
2455712.913217
2455712.933651
2455712.954085
2455712.974519
2455712.994953
2455713.015388
2455713.035822
2455713.056256
2455713.076690
2455713.097124
2455713.117559
2455713.137993
2455713.158427
2455713.178861
2455713.199295
2455713.219729
2455713.240164
2455713.260598
2455713.281032
2455713.301466
2455713.321900
2455713.342335
2455713.362769
2455713.383203
2455713.403637
2455713.424071
2455713.444506
2455713.464940
2455713.485374
2455713.505808
2455713.526242
2455713.546676
2455713.567111
2455713.587545
2455713.607979
2455713.628413
2455713.648847
2455713.669281
2455713.689716
2455713.710150
2455713.730584
2455713.751018
2455713.771452
2455713.791887
2455713.812321
2455713.832755
2455713.853189
2455713.873623
2455713.894057
2455713.914492
2455713.934926
2455713.955360
2455713.975794
2455713.996228
2455714.016663
2455714.037097
2455714.057531
2455714.077965
2455714.098399
2455714.118833
2455714.139268
2455714.159702
2455714.180136
2455714.200570
2455714.221004
2455714.241439
2455714.261873
2455714.282307
2455714.302741
2455714.323175
2455714.343609
2455714.364044
2455714.384478
2455714.404912
2455714.425346
2455714.445780
2455714.466215
2455714.486649
2455714.507083
2455714.527517
2455714.547951
2455714.568385
2455714.588820
2455714.609254
2455714.629688
2455714.650122
2455714.670556
2455714.690990
2455714.711425
2455714.731859
2455714.752293
2455714.772727
2455714.793161
2455714.813596
2455714.834030
2455714.854464
2455714.874898
2455714.895332
2455714.915766
2455714.936201
2455714.956635
2455714.977069
2455714.997503
2455715.017937
2455715.038372
2455715.058806
2455715.079240
2455715.099674
2455715.120108
2455715.140542
2455715.160977
2455715.181411
2455715.201845
2455715.222279
2455715.242713
2455715.263147
2455715.283582
2455715.304016
2455715.324450
2455715.344884
2455715.365318
2455715.385753
2455715.406187
2455715.426621
2455715.447055
2455715.467489
2455715.487923
2455715.508358
2455715.528792
2455715.549226
2455715.569660
2455715.590094
2455715.610528
2455715.630963
2455715.651397
2455715.671831
2455715.692265
2455715.712699
2455715.733133
2455715.753568
2455715.774002
2455715.794436
2455715.814870
2455715.835304
2455715.855738
2455715.876173
2455715.896607
2455715.917041
2455715.937475
2455715.957909
2455715.978344
2455715.998778
2455716.019212
2455716.039646
2455716.060080
2455716.080514
2455716.100949
2455716.121383
2455716.141817
2455716.162251
2455716.182685
2455716.203119
2455716.223554
2455716.243988
2455716.264422
2455716.284856
2455716.305290
2455716.325725
2455716.346159
2455716.366593
2455716.387027
2455716.407461
2455716.427895
2455716.448330
2455716.468764
2455716.489198
2455716.509632
2455716.530066
2455716.550500
2455716.570935
2455716.591369
2455716.611803
2455716.632237
2455716.652671
2455716.673106
2455716.693540
2455716.713974
2455716.734408
2455716.754842
2455716.775276
2455716.795711
2455716.816145
2455716.836579
2455716.857013
2455716.877447
2455716.897881
2455716.918316
2455716.938750
2455716.959184
2455716.979618
2455717.000052
2455717.020486
2455717.040921
2455717.061355
2455717.081789
2455717.102223
2455717.122657
2455717.143091
2455717.163526
2455717.183960
2455717.204394
2455717.224828
2455717.245262
2455717.265696
2455717.286131
2455717.306565
2455717.326999
2455717.347433
2455717.367867
2455717.388302
2455717.408736
2455717.429170
2455717.449604
2455717.470038
2455717.490472
2455717.510907
2455717.531341
2455717.551775
2455717.572209
2455717.592643
2455717.613077
2455717.633511
2455717.653946
2455717.674380
2455717.694814
2455717.715248
2455717.735682
2455717.756117
2455717.776551
2455717.796985
2455717.817419
2455717.837853
2455717.858287
2455717.878722
2455717.899156
2455717.919590
2455717.940024
2455717.960458
2455717.980892
2455718.001327
2455718.021761
2455718.042195
2455718.062629
2455718.083063
2455718.103498
2455718.123932
2455718.144366
2455718.164800
2455718.185234
2455718.205668
2455718.226102
2455718.246537
2455718.266971
2455718.287405
2455718.307839
2455718.328273
2455718.348707
2455718.369142
2455718.389576
2455718.410010
2455718.430444
2455718.450878
2455718.471312
2455718.491747
2455718.512181
2455718.532615
2455718.553049
2455718.573483
2455718.593917
2455718.614352
2455718.634786
2455718.655220
2455718.675654
2455718.696088
2455718.716522
2455718.736957
2455718.757391
2455718.777825
2455718.798259
2455718.818693
2455718.839127
2455718.859562
2455718.879996
2455718.900430
2455718.920864
2455718.941298
2455718.961732
2455718.982167
2455719.002601
2455719.023035
2455719.043469
2455719.063903
2455719.084337
2455719.104772
2455719.125206
2455719.145640
2455719.166074
2455719.186508
2455719.206942
2455719.227377
2455719.247811
2455719.268245
2455719.288679
2455719.309113
2455719.329547
2455719.349982
2455719.370416
2455719.390850
2455719.411284
2455719.431718
2455719.452152
2455719.472587
2455719.493021
2455719.513455
2455719.533889
2455719.554323
2455719.574757
2455719.595191
2455719.615626
2455719.636060
2455719.656494
2455719.676928
2455719.697362
2455719.717796
2455719.738231
2455719.758665
2455719.779099
2455719.799533
2455719.819967
2455719.840401
2455719.860836
2455719.881270
2455719.901704
2455719.922138
2455719.942572
2455719.963006
2455719.983441
2455720.003875
2455720.024309
2455720.044743
2455720.065177
2455720.085611
2455720.106046
2455720.126480
2455720.146914
2455720.167348
2455720.187782
2455720.208216
2455720.228651
2455720.249085
2455720.269519
2455720.289953
2455720.310387
2455720.330821
2455720.351255
2455720.371690
2455720.392124
2455720.412558
2455720.432992
2455720.453426
2455720.473860
2455720.494295
2455720.514729
2455720.535163
2455720.555597
2455720.576031
2455720.596465
2455720.616900
2455720.637334
2455720.657768
2455720.678202
2455720.698636
2455720.719070
2455720.739505
2455720.759939
2455720.780373
2455720.800807
2455720.821241
2455720.841675
2455720.862109
2455720.882544
2455720.902978
2455720.923412
2455720.943846
2455720.964280
2455720.984714
2455721.005149
2455721.025583
2455721.046017
2455721.066451
2455721.086885
2455721.107319
2455721.127754
2455721.148188
2455721.168622
2455721.189056
2455721.209490
2455721.229924
2455721.250358
2455721.270793
2455721.291227
2455721.311661
2455721.332095
2455721.352529
2455721.372963
2455721.393398
2455721.413832
2455721.434266
2455721.454700
2455721.475134
2455721.495568
2455721.516002
2455721.536437
2455721.556871
2455721.577305
2455721.597739
2455721.618173
2455721.638607
2455721.659042
2455721.679476
2455721.699910
2455721.720344
2455721.740778
2455721.761212
2455721.781646
2455721.802081
2455721.822515
2455721.842949
2455721.863383
2455721.883817
2455721.904251
2455721.924686
2455721.945120
2455721.965554
2455721.985988
2455722.006422
2455722.026856
2455722.047290
2455722.067725
2455722.088159
2455722.108593
2455722.129027
2455722.149461
2455722.169895
2455722.190330
2455722.210764
2455722.231198
2455722.251632
2455722.272066
2455722.292500
2455722.312935
2455722.333369
2455722.353803
2455722.374237
2455722.394671
2455722.415105
2455722.435539
2455722.455974
2455722.476408
2455722.496842
2455722.517276
2455722.537710
2455722.558144
2455722.578578
2455722.599013
2455722.619447
2455722.639881
2455722.660315
2455722.680749
2455722.701183
2455722.721618
2455722.742052
2455722.762486
2455722.782920
2455722.803354
2455722.823788
2455722.844222
2455722.864656
2455722.885091
2455722.905525
2455722.925959
2455722.946393
2455722.966827
2455722.987262
2455723.007696
2455723.028130
2455723.048564
2455723.068998
2455723.089432
2455723.109866
2455723.130301
2455723.150735
2455723.171169
2455723.191603
2455723.212037
2455723.232471
2455723.252905
2455723.273340
2455723.293774
2455723.314208
2455723.334642
2455723.355076
2455723.375510
2455723.395945
2455723.416379
2455723.436813
2455723.457247
2455723.477681
2455723.498115
2455723.518549
2455723.538983
2455723.559418
2455723.579852
2455723.600286
2455723.620720
2455723.641154
2455723.661588
2455723.682023
2455723.702457
2455723.722891
2455723.743325
2455723.763759
2455723.784193
2455723.804627
2455723.825062
2455723.845496
2455723.865930
2455723.886364
2455723.906798
2455723.927232
2455723.947666
2455723.968101
2455723.988535
2455724.008969
2455724.029403
2455724.049837
2455724.070271
2455724.090706
2455724.111140
2455724.131574
2455724.152008
2455724.172442
2455724.192876
2455724.213310
2455724.233745
2455724.254179
2455724.274613
2455724.295047
2455724.315481
2455724.335915
2455724.356349
2455724.376783
2455724.397218
2455724.417652
2455724.438086
2455724.458520
2455724.478954
2455724.499388
2455724.519822
2455724.540257
2455724.560691
2455724.581125
2455724.601559
2455724.621993
2455724.642427
2455724.662862
2455724.683296
2455724.703730
2455724.724164
2455724.744598
2455724.765032
2455724.785466
2455724.805901
2455724.826335
2455724.846769
2455724.867203
2455724.887637
2455724.908071
2455724.928505
2455724.948939
2455724.969374
2455724.989808
2455725.010242
2455725.030676
2455725.051110
2455725.071544
2455725.091978
2455725.112413
2455725.132847
2455725.153281
2455725.173715
2455725.194149
2455725.214583
2455725.235017
2455725.255452
2455725.275886
2455725.296320
2455725.316754
2455725.337188
2455725.357622
2455725.378056
2455725.398491
2455725.418925
2455725.439359
2455725.459793
2455725.480227
2455725.500661
2455725.521095
2455725.541530
2455725.561964
2455725.582398
2455725.602832
2455725.623266
2455725.643700
2455725.664134
2455725.684569
2455725.705003
2455725.725437
2455725.745871
2455725.766305
2455725.786739
2455725.807173
2455725.827608
2455725.848042
2455725.868476
2455725.888910
2455725.909344
2455725.929778
2455725.950212
2455725.970647
2455725.991081
2455726.011515
2455726.031949
2455726.052383
2455726.072817
2455726.093251
2455726.113685
2455726.134120
2455726.154554
2455726.174988
2455726.195422
2455726.215856
2455726.236290
2455726.256724
2455726.277159
2455726.297593
2455726.318027
2455726.338461
2455726.358895
2455726.379329
2455726.399763
2455726.420198
2455726.440632
2455726.461066
2455726.481500
2455726.501934
2455726.522368
2455726.542802
2455726.563236
2455726.583671
2455726.604105
2455726.624539
2455726.644973
2455726.665407
2455726.685841
2455726.706275
2455726.726710
2455726.747144
2455726.767578
2455726.788012
2455726.808446
2455726.828880
2455726.849314
2455726.869749
2455726.890183
2455726.910617
2455726.931051
2455726.951485
2455726.971919
2455726.992353
2455727.012787
2455727.033221
2455727.053656
2455727.074090
2455727.094524
2455727.114958
2455727.135392
2455727.155826
2455727.176260
2455727.196695
2455727.217129
2455727.237563
2455727.257997
2455727.278431
2455727.298865
2455727.319299
2455727.339734
2455727.360168
2455727.380602
2455727.401036
2455727.421470
2455727.441904
2455727.462338
2455727.482772
2455727.503207
2455727.523641
2455727.544075
2455727.564509
2455727.584943
2455727.605377
2455727.625811
2455727.646245
2455727.666679
2455727.687114
2455727.707548
2455727.727982
2455727.748416
2455727.768850
2455727.789284
2455727.809718
2455727.830153
2455727.850587
2455727.871021
2455727.891455
2455727.911889
2455727.932323
2455727.952757
2455727.973192
2455727.993626
2455728.014060
2455728.034494
2455728.054928
2455728.075362
2455728.095796
2455728.116230
2455728.136665
2455728.157099
2455728.177533
2455728.197967
2455728.218401
2455728.238835
2455728.259269
2455728.279703
2455728.300138
2455728.320572
2455728.341006
2455728.361440
2455728.381874
2455728.402308
2455728.422742
2455728.443176
2455728.463611
2455728.484045
2455728.504479
2455728.524913
2455728.545347
2455728.565781
2455728.586215
2455728.606649
2455728.627083
2455728.647518
2455728.667952
2455728.688386
2455728.708820
2455728.729254
2455728.749688
2455728.770122
2455728.790557
2455728.810991
2455728.831425
2455728.851859
2455728.872293
2455728.892727
2455728.913161
2455728.933595
2455728.954030
2455728.974464
2455728.994898
2455729.015332
2455729.035766
2455729.056200
2455729.076634
2455729.097068
2455729.117503
2455729.137937
2455729.158371
2455729.178805
2455729.199239
2455729.219673
2455729.240107
2455729.260541
2455729.280975
2455729.301410
2455729.321844
2455729.342278
2455729.362712
2455729.383146
2455729.403580
2455729.424014
2455729.444449
2455729.464883
2455729.485317
2455729.505751
2455729.526185
2455729.546619
2455729.567053
2455729.587487
2455729.607921
2455729.628356
2455729.648790
2455729.669224
2455729.689658
2455729.710092
2455729.730526
2455729.750960
2455729.771394
2455729.791829
2455729.812263
2455729.832697
2455729.853131
2455729.873565
2455729.893999
2455729.914433
2455729.934867
2455729.955302
2455729.975736
2455729.996170
2455730.016604
2455730.037038
2455730.057472
2455730.077906
2455730.098340
2455730.118774
2455730.139209
2455730.159643
2455730.180077
2455730.200511
2455730.220945
2455730.241379
2455730.261813
2455730.282247
2455730.302681
2455730.323116
2455730.343550
2455730.363984
2455730.384418
2455730.404852
2455730.425286
2455730.445720
2455730.466154
2455730.486589
2455730.507023
2455730.527457
2455730.547891
2455730.568325
2455730.588759
2455730.609193
2455730.629627
2455730.650061
2455730.670496
2455730.690930
2455730.711364
2455730.731798
2455730.752232
2455730.772666
2455730.793100
2455730.813534
2455730.833968
2455730.854403
2455730.874837
2455730.895271
2455730.915705
2455730.936139
2455730.956573
2455730.977007
2455730.997441
2455731.017875
2455731.038310
2455731.058744
2455731.079178
2455731.099612
2455731.120046
2455731.140480
2455731.160914
2455731.181348
2455731.201782
2455731.222217
2455731.242651
2455731.263085
2455731.283519
2455731.303953
2455731.324387
2455731.344821
2455731.365256
2455731.385690
2455731.406124
2455731.426558
2455731.446992
2455731.467426
2455731.487860
2455731.508294
2455731.528729
2455731.549163
2455731.569597
2455731.590031
2455731.610465
2455731.630899
2455731.651333
2455731.671767
2455731.692201
2455731.712635
2455731.733070
2455731.753504
2455731.773938
2455731.794372
2455731.814806
2455731.835240
2455731.855674
2455731.876108
2455731.896543
2455731.916977
2455731.937411
2455731.957845
2455731.978279
2455731.998713
2455732.019147
2455732.039581
2455732.060015
2455732.080449
2455732.100884
2455732.121318
2455732.141752
2455732.162186
2455732.182620
2455732.203054
2455732.223488
2455732.243922
2455732.264356
2455732.284791
2455732.305225
2455732.325659
2455732.346093
2455732.366527
2455732.386961
2455732.407395
2455732.427829
2455732.448263
2455732.468698
2455732.489132
2455732.509566
2455732.530000
2455732.550434
2455732.570868
2455732.591302
2455732.611736
2455732.632170
2455732.652604
2455732.673039
2455732.693473
2455732.713907
2455732.734341
2455732.754775
2455732.775209
2455732.795643
2455732.816077
2455732.836511
2455732.856945
2455732.877380
2455732.897814
2455732.918248
2455732.938682
2455732.959116
2455732.979550
2455732.999984
2455733.020418
2455733.040852
2455733.061287
2455733.081721
2455733.102155
2455733.122589
2455733.143023
2455733.163457
2455733.183891
2455733.204325
2455733.224759
2455733.245193
2455733.265628
2455733.286062
2455733.306496
2455733.326930
2455733.347364
2455733.367798
2455733.388232
2455733.408666
2455733.429100
2455733.449534
2455733.469969
2455733.490403
2455733.510837
2455733.531271
2455733.551705
2455733.572139
2455733.592573
2455733.613007
2455733.633441
2455733.653875
2455733.674310
2455733.694744
2455733.715178
2455733.735612
2455733.756046
2455733.776480
2455733.796914
2455733.817348
2455733.837782
2455733.858216
2455733.878650
2455733.899085
2455733.919519
2455733.939953
2455733.960387
2455733.980821
2455734.001255
2455734.021689
2455734.042123
2455734.062557
2455734.082992
2455734.103426
2455734.123860
2455734.144294
2455734.164728
2455734.185162
2455734.205596
2455734.226030
2455734.246464
2455734.266898
2455734.287332
2455734.307767
2455734.328201
2455734.348635
2455734.369069
2455734.389503
2455734.409937
2455734.430371
2455734.450805
2455734.471239
2455734.491673
2455734.512107
2455734.532542
2455734.552976
2455734.573410
2455734.593844
2455734.614278
2455734.634712
2455734.655146
2455734.675580
2455734.696014
2455734.716448
2455734.736883
2455734.757317
2455734.777751
2455734.798185
2455734.818619
2455734.839053
2455734.859487
2455734.879921
2455734.900355
2455734.920789
2455734.941223
2455734.961658
2455734.982092
2455735.002526
2455735.022960
2455735.043394
2455735.063828
2455735.084262
2455735.104696
2455735.125130
2455735.145564
2455735.165998
2455735.186433
2455735.206867
2455735.227301
2455735.247735
2455735.268169
2455735.288603
2455735.309037
2455735.329471
2455735.349905
2455735.370339
2455735.390774
2455735.411208
2455735.431642
2455735.452076
2455735.472510
2455735.492944
2455735.513378
2455735.533812
2455735.554246
2455735.574680
2455735.595114
2455735.615549
2455735.635983
2455735.656417
2455735.676851
2455735.697285
2455735.717719
2455735.738153
2455735.758587
2455735.779021
2455735.799455
2455735.819889
2455735.840323
2455735.860757
2455735.881192
2455735.901626
2455735.922060
2455735.942494
2455735.962928
2455735.983362
2455736.003796
2455736.024230
2455736.044664
2455736.065098
2455736.085532
2455736.105967
2455736.126401
2455736.146835
2455736.167269
2455736.187703
2455736.208137
2455736.228571
2455736.249005
2455736.269439
2455736.289873
2455736.310307
2455736.330741
2455736.351176
2455736.371610
2455736.392044
2455736.412478
2455736.432912
2455736.453346
2455736.473780
2455736.494214
2455736.514648
2455736.535082
2455736.555516
2455736.575951
2455736.596385
2455736.616819
2455736.637253
2455736.657687
2455736.678121
2455736.698555
2455736.718989
2455736.739423
2455736.759857
2455736.780291
2455736.800725
2455736.821160
2455736.841594
2455736.862028
2455736.882462
2455736.902896
2455736.923330
2455736.943764
2455736.964198
2455736.984632
2455737.005066
2455737.025500
2455737.045934
2455737.066368
2455737.086802
2455737.107237
2455737.127671
2455737.148105
2455737.168539
2455737.188973
2455737.209407
2455737.229841
2455737.250275
2455737.270709
2455737.291143
2455737.311577
2455737.332012
2455737.352446
2455737.372880
2455737.393314
2455737.413748
2455737.434182
2455737.454616
2455737.475050
2455737.495484
2455737.515918
2455737.536352
2455737.556786
2455737.577220
2455737.597655
2455737.618089
2455737.638523
2455737.658957
2455737.679391
2455737.699825
2455737.720259
2455737.740693
2455737.761127
2455737.781561
2455737.801995
2455737.822429
2455737.842863
2455737.863297
2455737.883732
2455737.904166
2455737.924600
2455737.945034
2455737.965468
2455737.985902
2455738.006336
2455738.026770
2455738.047204
2455738.067638
2455738.088072
2455738.108506
2455738.128940
2455738.149375
2455738.169809
2455738.190243
2455738.210677
2455738.231111
2455738.251545
2455738.271979
2455738.292413
2455738.312847
2455738.333281
2455738.353715
2455738.374149
2455738.394583
2455738.415018
2455738.435451
2455738.455886
2455738.476320
2455738.496754
2455738.517188
2455738.537622
2455738.558056
2455738.578490
2455738.598924
2455738.619358
2455738.639792
2455738.660226
2455738.680660
2455738.701095
2455738.721529
2455738.741963
2455738.762397
2455738.782831
2455738.803265
2455738.823699
2455738.844133
2455738.864567
2455738.885001
2455738.905435
2455738.925869
