2456206.487693
2456206.508126
2456206.528559
2456206.548992
2456206.569426
2456206.589859
2456206.610292
2456206.630725
2456206.651158
2456206.671592
2456206.692025
2456206.712458
2456206.732891
2456206.753325
2456206.773758
2456206.794191
2456206.814624
2456206.835057
2456206.855491
2456206.875924
2456206.896357
2456206.916790
2456206.937224
2456206.957657
2456206.978090
2456206.998523
2456207.018957
2456207.039390
2456207.059823
2456207.080256
2456207.100689
2456207.121123
2456207.141556
2456207.161989
2456207.182422
2456207.202856
2456207.223289
2456207.243722
2456207.264155
2456207.284588
2456207.305022
2456207.325455
2456207.345888
2456207.366321
2456207.386754
2456207.407188
2456207.427621
2456207.448054
2456207.468487
2456207.488921
2456207.509354
2456207.529787
2456207.550220
2456207.570653
2456207.591087
2456207.611520
2456207.631953
2456207.652386
2456207.672819
2456207.693253
2456207.713686
2456207.734119
2456207.754552
2456207.774986
2456207.795419
2456207.815852
2456207.836285
2456207.856718
2456207.877152
2456207.897585
2456207.918018
2456207.938451
2456207.958884
2456207.979318
2456207.999751
2456208.020184
2456208.040617
2456208.061051
2456208.081484
2456208.101917
2456208.122350
2456208.142783
2456208.163217
2456208.183650
2456208.204083
2456208.224516
2456208.244949
2456208.265383
2456208.285816
2456208.306249
2456208.326682
2456208.347116
2456208.367549
2456208.387982
2456208.408415
2456208.428848
2456208.449282
2456208.469715
2456208.490148
2456208.510581
2456208.531014
2456208.551448
2456208.571881
2456208.592314
2456208.612747
2456208.633180
2456208.653614
2456208.674047
2456208.694480
2456208.714913
2456208.735347
2456208.755780
2456208.776213
2456208.796646
2456208.817079
2456208.837513
2456208.857946
2456208.878379
2456208.898812
2456208.919245
2456208.939679
2456208.960112
2456208.980545
2456209.000978
2456209.021411
2456209.041845
2456209.062278
2456209.082711
2456209.103144
2456209.123577
2456209.144011
2456209.164444
2456209.184877
2456209.205310
2456209.225744
2456209.246177
2456209.266610
2456209.287043
2456209.307476
2456209.327909
2456209.348343
2456209.368776
2456209.389209
2456209.409642
2456209.430075
2456209.450509
2456209.470942
2456209.491375
2456209.511808
2456209.532241
2456209.552675
2456209.573108
2456209.593541
2456209.613974
2456209.634407
2456209.654841
2456209.675274
2456209.695707
2456209.716140
2456209.736574
2456209.757007
2456209.777440
2456209.797873
2456209.818306
2456209.838739
2456209.859173
2456209.879606
2456209.900039
2456209.920472
2456209.940905
2456209.961339
2456209.981772
2456210.002205
2456210.022638
2456210.043071
2456210.063505
2456210.083938
2456210.104371
2456210.124804
2456210.145237
2456210.165671
2456210.186104
2456210.206537
2456210.226970
2456210.247403
2456210.267837
2456210.288270
2456210.308703
2456210.329136
2456210.349569
2456210.370003
2456210.390436
2456210.410869
2456210.431302
2456210.451735
2456210.472169
2456210.492602
2456210.513035
2456210.533468
2456210.553901
2456210.574335
2456210.594768
2456210.615201
2456210.635634
2456210.656067
2456210.676500
2456210.696934
2456210.717367
2456210.737800
2456210.758233
2456210.778666
2456210.799100
2456210.819533
2456210.839966
2456210.860399
2456210.880832
2456210.901266
2456210.921699
2456210.942132
2456210.962565
2456210.982998
2456211.003432
2456211.023865
2456211.044298
2456211.064731
2456211.085164
2456211.105597
2456211.126031
2456211.146464
2456211.166897
2456211.187330
2456211.207763
2456211.228197
2456211.248630
2456211.269063
2456211.289496
2456211.309929
2456211.330363
2456211.350796
2456211.371229
2456211.391662
2456211.412095
2456211.432528
2456211.452962
2456211.473395
2456211.493828
2456211.514261
2456211.534694
2456211.555128
2456211.575561
2456211.595994
2456211.616427
2456211.636860
2456211.657294
2456211.677727
2456211.698160
2456211.718593
2456211.739026
2456211.759459
2456211.779893
2456211.800326
2456211.820759
2456211.841192
2456211.861625
2456211.882059
2456211.902492
2456211.922925
2456211.943358
2456211.963791
2456211.984224
2456212.004658
2456212.025091
2456212.045524
2456212.065957
2456212.086390
2456212.106824
2456212.127257
2456212.147690
2456212.168123
2456212.188556
2456212.208989
2456212.229423
2456212.249856
2456212.270289
2456212.290722
2456212.311155
2456212.331589
2456212.352022
2456212.372455
2456212.392888
2456212.413321
2456212.433754
2456212.454188
2456212.474621
2456212.495054
2456212.515487
2456212.535920
2456212.556353
2456212.576787
2456212.597220
2456212.617653
2456212.638086
2456212.658519
2456212.678953
2456212.699386
2456212.719819
2456212.740252
2456212.760685
2456212.781118
2456212.801552
2456212.821985
2456212.842418
2456212.862851
2456212.883284
2456212.903718
2456212.924151
2456212.944584
2456212.965017
2456212.985450
2456213.005883
2456213.026317
2456213.046750
2456213.067183
2456213.087616
2456213.108049
2456213.128482
2456213.148916
2456213.169349
2456213.189782
2456213.210215
2456213.230648
2456213.251081
2456213.271515
2456213.291948
2456213.312381
2456213.332814
2456213.353247
2456213.373681
2456213.394114
2456213.414547
2456213.434980
2456213.455413
2456213.475846
2456213.496279
2456213.516713
2456213.537146
2456213.557579
2456213.578012
2456213.598445
2456213.618878
2456213.639312
2456213.659745
2456213.680178
2456213.700611
2456213.721044
2456213.741477
2456213.761911
2456213.782344
2456213.802777
2456213.823210
2456213.843643
2456213.864077
2456213.884510
2456213.904943
2456213.925376
2456213.945809
2456213.966242
2456213.986676
2456214.007109
2456214.027542
2456214.047975
2456214.068408
2456214.088841
2456214.109275
2456214.129708
2456214.150141
2456214.170574
2456214.191007
2456214.211440
2456214.231873
2456214.252307
2456214.272740
2456214.293173
2456214.313606
2456214.334039
2456214.354472
2456214.374906
2456214.395339
2456214.415772
2456214.436205
2456214.456638
2456214.477071
2456214.497505
2456214.517938
2456214.538371
2456214.558804
2456214.579237
2456214.599671
2456214.620104
2456214.640537
2456214.660970
2456214.681403
2456214.701836
2456214.722269
2456214.742703
2456214.763136
2456214.783569
2456214.804002
2456214.824435
2456214.844868
2456214.865301
2456214.885735
2456214.906168
2456214.926601
2456214.947034
2456214.967467
2456214.987900
2456215.008334
2456215.028767
2456215.049200
2456215.069633
2456215.090066
2456215.110500
2456215.130933
2456215.151366
2456215.171799
2456215.192232
2456215.212665
2456215.233098
2456215.253531
2456215.273965
2456215.294398
2456215.314831
2456215.335264
2456215.355697
2456215.376131
2456215.396564
2456215.416997
2456215.437430
2456215.457863
2456215.478296
2456215.498729
2456215.519163
2456215.539596
2456215.560029
2456215.580462
2456215.600895
2456215.621328
2456215.641761
2456215.662195
2456215.682628
2456215.703061
2456215.723494
2456215.743927
2456215.764360
2456215.784794
2456215.805227
2456215.825660
2456215.846093
2456215.866526
2456215.886959
2456215.907393
2456215.927826
2456215.948259
2456215.968692
2456215.989125
2456216.009558
2456216.029991
2456216.050425
2456216.070858
2456216.091291
2456216.111724
2456216.132157
2456216.152590
2456216.173023
2456216.193457
2456216.213890
2456216.234323
2456216.254756
2456216.275189
2456216.295622
2456216.316056
2456216.336489
2456216.356922
2456216.377355
2456216.397788
2456216.418221
2456216.438654
2456216.459088
2456216.479521
2456216.499954
2456216.520387
2456216.540820
2456216.561253
2456216.581686
2456216.602120
2456216.622553
2456216.642986
2456216.663419
2456216.683852
2456216.704285
2456216.724718
2456216.745152
2456216.765585
2456216.786018
2456216.806451
2456216.826884
2456216.847317
2456216.867750
2456216.888184
2456216.908617
2456216.929050
2456216.949483
2456216.969916
2456216.990349
2456217.010782
2456217.031216
2456217.051649
2456217.072082
2456217.092515
2456217.112948
2456217.133381
2456217.153815
2456217.174248
2456217.194681
2456217.215114
2456217.235547
2456217.255980
2456217.276413
2456217.296847
2456217.317280
2456217.337713
2456217.358146
2456217.378579
2456217.399012
2456217.419445
2456217.439879
2456217.460312
2456217.480745
2456217.501178
2456217.521611
2456217.542044
2456217.562477
2456217.582910
2456217.603344
2456217.623777
2456217.644210
2456217.664643
2456217.685076
2456217.705509
2456217.725942
2456217.746376
2456217.766809
2456217.787242
2456217.807675
2456217.828108
2456217.848541
2456217.868974
2456217.889408
2456217.909841
2456217.930274
2456217.950707
2456217.971140
2456217.991573
2456218.012006
2456218.032440
2456218.052873
2456218.073306
2456218.093739
2456218.114172
2456218.134605
2456218.155038
2456218.175472
2456218.195905
2456218.216338
2456218.236771
2456218.257204
2456218.277637
2456218.298070
2456218.318503
2456218.338936
2456218.359370
2456218.379803
2456218.400236
2456218.420669
2456218.441102
2456218.461535
2456218.481968
2456218.502402
2456218.522835
2456218.543268
2456218.563701
2456218.584134
2456218.604567
2456218.625000
2456218.645434
2456218.665867
2456218.686300
2456218.706733
2456218.727166
2456218.747599
2456218.768032
2456218.788465
2456218.808899
2456218.829332
2456218.849765
2456218.870198
2456218.890631
2456218.911064
2456218.931497
2456218.951930
2456218.972364
2456218.992797
2456219.013230
2456219.033663
2456219.054096
2456219.074529
2456219.094962
2456219.115396
2456219.135829
2456219.156262
2456219.176695
2456219.197128
2456219.217561
2456219.237994
2456219.258428
2456219.278861
2456219.299294
2456219.319727
2456219.340160
2456219.360593
2456219.381026
2456219.401459
2456219.421892
2456219.442326
2456219.462759
2456219.483192
2456219.503625
2456219.524058
2456219.544491
2456219.564924
2456219.585358
2456219.605791
2456219.626224
2456219.646657
2456219.667090
2456219.687523
2456219.707956
2456219.728389
2456219.748823
2456219.769256
2456219.789689
2456219.810122
2456219.830555
2456219.850988
2456219.871421
2456219.891854
2456219.912287
2456219.932721
2456219.953154
2456219.973587
2456219.994020
2456220.014453
2456220.034886
2456220.055319
2456220.075753
2456220.096186
2456220.116619
2456220.137052
2456220.157485
2456220.177918
2456220.198351
2456220.218784
2456220.239218
2456220.259651
2456220.280084
2456220.300517
2456220.320950
2456220.341383
2456220.361816
2456220.382249
2456220.402682
2456220.423116
2456220.443549
2456220.463982
2456220.484415
2456220.504848
2456220.525281
2456220.545714
2456220.566147
2456220.586581
2456220.607014
2456220.627447
2456220.647880
2456220.668313
2456220.688746
2456220.709179
2456220.729612
2456220.750046
2456220.770479
2456220.790912
2456220.811345
2456220.831778
2456220.852211
2456220.872644
2456220.893077
2456220.913510
2456220.933943
2456220.954377
2456220.974810
2456220.995243
2456221.015676
2456221.036109
2456221.056542
2456221.076975
2456221.097408
2456221.117842
2456221.138275
2456221.158708
2456221.179141
2456221.199574
2456221.220007
2456221.240440
2456221.260873
2456221.281306
2456221.301740
2456221.322173
2456221.342606
2456221.363039
2456221.383472
2456221.403905
2456221.424338
2456221.444771
2456221.465204
2456221.485638
2456221.506071
2456221.526504
2456221.546937
2456221.567370
2456221.587803
2456221.608236
2456221.628669
2456221.649103
2456221.669536
2456221.689969
2456221.710402
2456221.730835
2456221.751268
2456221.771701
2456221.792134
2456221.812567
2456221.833001
2456221.853434
2456221.873867
2456221.894300
2456221.914733
2456221.935166
2456221.955599
2456221.976032
2456221.996465
2456222.016899
2456222.037332
2456222.057765
2456222.078198
2456222.098631
2456222.119064
2456222.139497
2456222.159930
2456222.180363
2456222.200796
2456222.221230
2456222.241663
2456222.262096
2456222.282529
2456222.302962
2456222.323395
2456222.343828
2456222.364261
2456222.384695
2456222.405128
2456222.425561
2456222.445994
2456222.466427
2456222.486860
2456222.507293
2456222.527726
2456222.548159
2456222.568592
2456222.589026
2456222.609459
2456222.629892
2456222.650325
2456222.670758
2456222.691191
2456222.711624
2456222.732057
2456222.752490
2456222.772923
2456222.793357
2456222.813790
2456222.834223
2456222.854656
2456222.875089
2456222.895522
2456222.915955
2456222.936388
2456222.956821
2456222.977255
2456222.997688
2456223.018121
2456223.038554
2456223.058987
2456223.079420
2456223.099853
2456223.120286
2456223.140719
2456223.161152
2456223.181586
2456223.202019
2456223.222452
2456223.242885
2456223.263318
2456223.283751
2456223.304184
2456223.324617
2456223.345050
2456223.365484
2456223.385917
2456223.406350
2456223.426783
2456223.447216
2456223.467649
2456223.488082
2456223.508515
2456223.528948
2456223.549381
2456223.569814
2456223.590248
2456223.610681
2456223.631114
2456223.651547
2456223.671980
2456223.692413
2456223.712846
2456223.733279
2456223.753712
2456223.774145
2456223.794579
2456223.815012
2456223.835445
2456223.855878
2456223.876311
2456223.896744
2456223.917177
2456223.937610
2456223.958043
2456223.978476
2456223.998910
2456224.019343
2456224.039776
2456224.060209
2456224.080642
2456224.101075
2456224.121508
2456224.141941
2456224.162374
2456224.182807
2456224.203240
2456224.223674
2456224.244107
2456224.264540
2456224.284973
2456224.305406
2456224.325839
2456224.346272
2456224.366705
2456224.387138
2456224.407571
2456224.428004
2456224.448438
2456224.468871
2456224.489304
2456224.509737
2456224.530170
2456224.550603
2456224.571036
2456224.591469
2456224.611902
2456224.632335
2456224.652769
2456224.673202
2456224.693635
2456224.714068
2456224.734501
2456224.754934
2456224.775367
2456224.795800
2456224.816233
2456224.836666
2456224.857100
2456224.877533
2456224.897966
2456224.918399
2456224.938832
2456224.959265
2456224.979698
2456225.000131
2456225.020564
2456225.040997
2456225.061430
2456225.081863
2456225.102297
2456225.122730
2456225.143163
2456225.163596
2456225.184029
2456225.204462
2456225.224895
2456225.245328
2456225.265761
2456225.286194
2456225.306628
2456225.327061
2456225.347494
2456225.367927
2456225.388360
2456225.408793
2456225.429226
2456225.449659
2456225.470092
2456225.490525
2456225.510958
2456225.531392
2456225.551825
2456225.572258
2456225.592691
2456225.613124
2456225.633557
2456225.653990
2456225.674423
2456225.694856
2456225.715289
2456225.735722
2456225.756155
2456225.776588
2456225.797022
2456225.817455
2456225.837888
2456225.858321
2456225.878754
2456225.899187
2456225.919620
2456225.940053
2456225.960486
2456225.980919
2456226.001352
2456226.021786
2456226.042219
2456226.062652
2456226.083085
2456226.103518
2456226.123951
2456226.144384
2456226.164817
2456226.185250
2456226.205683
2456226.226116
2456226.246549
2456226.266983
2456226.287416
2456226.307849
2456226.328282
2456226.348715
2456226.369148
2456226.389581
2456226.410014
2456226.430447
2456226.450880
2456226.471313
2456226.491746
2456226.512180
2456226.532613
2456226.553046
2456226.573479
2456226.593912
2456226.614345
2456226.634778
2456226.655211
2456226.675644
2456226.696077
2456226.716510
2456226.736943
2456226.757376
2456226.777810
2456226.798243
2456226.818676
2456226.839109
2456226.859542
2456226.879975
2456226.900408
2456226.920841
2456226.941274
2456226.961707
2456226.982140
2456227.002574
2456227.023007
2456227.043440
2456227.063873
2456227.084306
2456227.104739
2456227.125172
2456227.145605
2456227.166038
2456227.186471
2456227.206904
2456227.227337
2456227.247770
2456227.268203
2456227.288636
2456227.309069
2456227.329502
2456227.349935
2456227.370368
2456227.390802
2456227.411235
2456227.431668
2456227.452101
2456227.472534
2456227.492967
2456227.513400
2456227.533833
2456227.554266
2456227.574699
2456227.595132
2456227.615565
2456227.635998
2456227.656432
2456227.676865
2456227.697298
2456227.717731
2456227.738164
2456227.758597
2456227.779030
2456227.799463
2456227.819896
2456227.840329
2456227.860762
2456227.881195
2456227.901628
2456227.922061
2456227.942495
2456227.962928
2456227.983361
2456228.003794
2456228.024227
2456228.044660
2456228.065093
2456228.085526
2456228.105959
2456228.126392
2456228.146825
2456228.167258
2456228.187691
2456228.208125
2456228.228558
2456228.248991
2456228.269424
2456228.289857
2456228.310290
2456228.330723
2456228.351156
2456228.371589
2456228.392022
2456228.412455
2456228.432888
2456228.453321
2456228.473754
2456228.494187
2456228.514621
2456228.535054
2456228.555487
2456228.575920
2456228.596353
2456228.616786
2456228.637219
2456228.657652
2456228.678085
2456228.698518
2456228.718951
2456228.739384
2456228.759817
2456228.780250
2456228.800684
2456228.821116
2456228.841550
2456228.861983
2456228.882416
2456228.902849
2456228.923282
2456228.943715
2456228.964148
2456228.984581
2456229.005014
2456229.025447
2456229.045880
2456229.066313
2456229.086747
2456229.107180
2456229.127613
2456229.148046
2456229.168479
2456229.188912
2456229.209345
2456229.229778
2456229.250211
2456229.270644
2456229.291077
2456229.311510
2456229.331943
2456229.352376
2456229.372809
2456229.393243
2456229.413675
2456229.434109
2456229.454542
2456229.474975
2456229.495408
2456229.515841
2456229.536274
2456229.556707
2456229.577140
2456229.597573
2456229.618006
2456229.638439
2456229.658872
2456229.679305
2456229.699738
2456229.720171
2456229.740605
2456229.761038
2456229.781471
2456229.801904
2456229.822337
2456229.842770
2456229.863203
2456229.883636
2456229.904069
2456229.924502
2456229.944935
2456229.965368
2456229.985801
2456230.006234
2456230.026667
2456230.047100
2456230.067533
2456230.087967
2456230.108400
2456230.128833
2456230.149266
2456230.169699
2456230.190132
2456230.210565
2456230.230998
2456230.251431
2456230.271864
2456230.292297
2456230.312730
2456230.333163
2456230.353596
2456230.374030
2456230.394462
2456230.414896
2456230.435329
2456230.455762
2456230.476195
2456230.496628
2456230.517061
2456230.537494
2456230.557927
2456230.578360
2456230.598793
2456230.619226
2456230.639659
2456230.660092
2456230.680525
2456230.700958
2456230.721391
2456230.741824
2456230.762258
2456230.782691
2456230.803124
2456230.823557
2456230.843990
2456230.864423
2456230.884856
2456230.905289
2456230.925722
2456230.946155
2456230.966588
2456230.987021
2456231.007454
2456231.027887
2456231.048320
2456231.068753
2456231.089186
2456231.109620
2456231.130053
2456231.150486
2456231.170919
2456231.191352
2456231.211785
2456231.232218
2456231.252651
2456231.273084
2456231.293517
2456231.313950
2456231.334383
2456231.354816
2456231.375249
2456231.395682
2456231.416115
2456231.436548
2456231.456982
2456231.477414
2456231.497848
2456231.518281
2456231.538714
2456231.559147
2456231.579580
2456231.600013
2456231.620446
2456231.640879
2456231.661312
2456231.681745
2456231.702178
2456231.722611
2456231.743044
2456231.763477
2456231.783910
2456231.804343
2456231.824776
2456231.845210
2456231.865642
2456231.886076
2456231.906509
2456231.926942
2456231.947375
2456231.967808
2456231.988241
2456232.008674
2456232.029107
2456232.049540
2456232.069973
2456232.090406
2456232.110839
2456232.131272
2456232.151705
2456232.172138
2456232.192571
2456232.213004
2456232.233437
2456232.253871
2456232.274304
2456232.294737
2456232.315170
2456232.335603
2456232.356036
2456232.376469
2456232.396902
2456232.417335
2456232.437768
2456232.458201
2456232.478634
2456232.499067
2456232.519500
2456232.539933
2456232.560366
2456232.580799
2456232.601232
2456232.621665
2456232.642098
2456232.662531
2456232.682964
2456232.703398
2456232.723831
2456232.744264
2456232.764697
2456232.785130
2456232.805563
2456232.825996
2456232.846429
2456232.866862
2456232.887295
2456232.907728
2456232.928161
2456232.948594
2456232.969027
2456232.989460
2456233.009893
2456233.030326
2456233.050759
2456233.071192
2456233.091625
2456233.112058
2456233.132492
2456233.152925
2456233.173358
2456233.193791
2456233.214224
2456233.234657
2456233.255090
2456233.275523
2456233.295956
2456233.316389
2456233.336822
2456233.357255
2456233.377688
2456233.398121
2456233.418554
2456233.438987
2456233.459420
2456233.479853
2456233.500286
2456233.520719
2456233.541152
2456233.561585
2456233.582019
2456233.602452
2456233.622885
2456233.643318
2456233.663751
2456233.684184
2456233.704617
2456233.725050
2456233.745483
2456233.765916
2456233.786349
2456233.806782
2456233.827215
2456233.847648
2456233.868081
2456233.888514
2456233.908947
2456233.929380
2456233.949813
2456233.970246
2456233.990679
2456234.011112
2456234.031545
2456234.051978
2456234.072412
2456234.092845
2456234.113278
2456234.133711
2456234.154144
2456234.174577
2456234.195010
2456234.215443
2456234.235876
2456234.256309
2456234.276742
2456234.297175
2456234.317608
2456234.338041
2456234.358474
2456234.378907
2456234.399340
2456234.419773
2456234.440206
2456234.460639
2456234.481072
2456234.501505
2456234.521938
2456234.542371
2456234.562804
2456234.583238
2456234.603671
2456234.624104
2456234.644537
2456234.664970
2456234.685403
2456234.705836
2456234.726269
2456234.746702
2456234.767135
2456234.787568
2456234.808001
2456234.828434
2456234.848867
2456234.869300
2456234.889733
2456234.910166
2456234.930599
2456234.951032
2456234.971465
2456234.991898
2456235.012331
2456235.032764
2456235.053197
2456235.073630
2456235.094064
2456235.114496
2456235.134929
2456235.155363
2456235.175796
2456235.196229
2456235.216662
2456235.237095
2456235.257528
2456235.277961
2456235.298394
2456235.318827
2456235.339260
2456235.359693
2456235.380126
2456235.400559
2456235.420992
2456235.441425
2456235.461858
2456235.482291
2456235.502724
2456235.523157
2456235.543590
2456235.564023
2456235.584456
2456235.604889
2456235.625322
2456235.645755
2456235.666188
2456235.686621
2456235.707055
2456235.727488
2456235.747920
2456235.768354
2456235.788787
2456235.809220
2456235.829653
2456235.850086
2456235.870519
2456235.890952
2456235.911385
2456235.931818
2456235.952251
2456235.972684
2456235.993117
2456236.013550
2456236.033983
2456236.054416
2456236.074849
2456236.095282
2456236.115715
2456236.136148
2456236.156581
2456236.177014
2456236.197447
2456236.217880
2456236.238313
2456236.258746
2456236.279179
2456236.299612
2456236.320045
2456236.340478
2456236.360912
2456236.381345
2456236.401778
2456236.422211
2456236.442644
2456236.463077
2456236.483510
2456236.503943
2456236.524376
2456236.544809
2456236.565242
2456236.585675
2456236.606108
2456236.626541
2456236.646974
2456236.667407
2456236.687840
2456236.708273
2456236.728706
2456236.749139
2456236.769572
2456236.790005
2456236.810438
2456236.830871
2456236.851304
2456236.871737
2456236.892170
2456236.912603
2456236.933036
2456236.953469
2456236.973902
2456236.994335
2456237.014769
2456237.035202
2456237.055634
2456237.076068
2456237.096501
2456237.116934
2456237.137367
2456237.157800
2456237.178233
2456237.198666
2456237.219099
2456237.239532
2456237.259965
2456237.280398
2456237.300831
           NaN
           NaN
           NaN
           NaN
           NaN
           NaN
           NaN
           NaN
           NaN
           NaN
           NaN
           NaN
           NaN
           NaN
           NaN
           NaN
           NaN
           NaN
           NaN
           NaN
           NaN
           NaN
           NaN
           NaN
           NaN
           NaN
           NaN
           NaN
           NaN
           NaN
           NaN
           NaN
           NaN
           NaN
           NaN
           NaN
           NaN
           NaN
           NaN
           NaN
           NaN
           NaN
           NaN
           NaN
           NaN
           NaN
           NaN
2456238.281616
2456238.302049
2456238.322482
2456238.342915
2456238.363348
2456238.383781
2456238.404214
2456238.424647
2456238.445080
2456238.465513
2456238.485946
2456238.506379
2456238.526812
2456238.547245
2456238.567678
2456238.588111
2456238.608544
2456238.628977
2456238.649410
2456238.669843
2456238.690276
2456238.710709
2456238.731142
2456238.751575
2456238.772009
2456238.792441
2456238.812875
2456238.833308
2456238.853741
2456238.874174
2456238.894607
2456238.915040
2456238.935473
2456238.955906
2456238.976339
2456238.996772
2456239.017205
2456239.037638
2456239.058071
2456239.078504
2456239.098937
2456239.119370
2456239.139803
2456239.160236
2456239.180669
2456239.201102
2456239.221535
2456239.241968
2456239.262401
2456239.282834
2456239.303267
2456239.323700
2456239.344133
2456239.364566
2456239.384999
2456239.405432
2456239.425865
2456239.446298
2456239.466731
2456239.487164
2456239.507597
2456239.528030
2456239.548463
2456239.568896
2456239.589329
2456239.609762
2456239.630195
2456239.650628
2456239.671061
2456239.691494
2456239.711927
2456239.732360
2456239.752793
2456239.773226
2456239.793659
2456239.814092
2456239.834525
2456239.854959
2456239.875391
2456239.895824
2456239.916258
2456239.936690
2456239.957124
2456239.977557
2456239.997989
2456240.018423
2456240.038856
2456240.059289
2456240.079722
2456240.100155
2456240.120588
2456240.141021
2456240.161454
2456240.181887
2456240.202320
2456240.222753
2456240.243186
2456240.263619
2456240.284052
2456240.304485
2456240.324918
2456240.345351
2456240.365784
2456240.386217
2456240.406650
2456240.427083
2456240.447516
2456240.467949
2456240.488382
2456240.508815
2456240.529248
2456240.549681
2456240.570114
2456240.590547
2456240.610980
2456240.631413
2456240.651846
2456240.672279
2456240.692712
2456240.713145
2456240.733578
2456240.754011
2456240.774444
2456240.794877
2456240.815310
2456240.835743
2456240.856176
2456240.876609
2456240.897042
2456240.917475
2456240.937908
2456240.958341
2456240.978774
2456240.999207
2456241.019640
2456241.040073
2456241.060506
2456241.080939
2456241.101372
2456241.121805
2456241.142238
2456241.162671
2456241.183104
2456241.203537
2456241.223970
2456241.244403
2456241.264836
2456241.285269
2456241.305702
2456241.326135
2456241.346568
2456241.367001
2456241.387434
2456241.407867
2456241.428301
2456241.448733
2456241.469166
2456241.489600
2456241.510032
2456241.530465
2456241.550899
2456241.571332
2456241.591765
2456241.612198
2456241.632631
2456241.653064
2456241.673497
2456241.693930
2456241.714363
2456241.734796
2456241.755229
2456241.775662
2456241.796095
2456241.816528
2456241.836961
2456241.857394
2456241.877827
2456241.898260
2456241.918693
2456241.939126
2456241.959559
2456241.979992
2456242.000425
2456242.020858
2456242.041291
2456242.061724
2456242.082157
2456242.102590
2456242.123023
2456242.143456
2456242.163889
2456242.184322
2456242.204755
2456242.225188
2456242.245621
2456242.266054
2456242.286487
2456242.306920
2456242.327353
2456242.347786
2456242.368219
2456242.388652
2456242.409085
2456242.429518
2456242.449951
2456242.470384
2456242.490817
2456242.511250
2456242.531683
2456242.552116
2456242.572549
2456242.592982
2456242.613415
2456242.633848
2456242.654281
2456242.674714
2456242.695147
2456242.715580
2456242.736013
2456242.756446
2456242.776879
2456242.797312
2456242.817745
2456242.838178
2456242.858611
2456242.879044
2456242.899477
2456242.919910
2456242.940343
2456242.960776
2456242.981209
2456243.001642
2456243.022075
2456243.042508
2456243.062941
2456243.083374
2456243.103807
2456243.124240
2456243.144673
2456243.165106
2456243.185539
2456243.205972
2456243.226405
2456243.246838
2456243.267271
2456243.287704
2456243.308137
2456243.328570
2456243.349003
2456243.369436
2456243.389869
2456243.410302
2456243.430735
2456243.451168
2456243.471601
2456243.492034
2456243.512467
2456243.532900
2456243.553333
2456243.573766
2456243.594199
2456243.614632
2456243.635065
2456243.655498
2456243.675931
2456243.696364
2456243.716797
2456243.737230
2456243.757663
2456243.778096
2456243.798529
2456243.818962
2456243.839395
2456243.859828
2456243.880261
2456243.900694
2456243.921127
2456243.941560
2456243.961993
2456243.982426
2456244.002859
2456244.023292
2456244.043725
2456244.064158
2456244.084591
2456244.105024
2456244.125457
2456244.145890
2456244.166323
2456244.186756
2456244.207189
2456244.227622
2456244.248055
2456244.268488
2456244.288921
2456244.309354
2456244.329787
2456244.350220
2456244.370653
2456244.391086
2456244.411519
2456244.431952
2456244.452385
2456244.472818
2456244.493251
2456244.513684
2456244.534117
2456244.554550
2456244.574983
2456244.595416
2456244.615849
2456244.636282
2456244.656715
2456244.677148
2456244.697581
2456244.718014
2456244.738447
2456244.758880
2456244.779313
2456244.799746
2456244.820179
2456244.840612
2456244.861045
2456244.881478
2456244.901911
2456244.922344
2456244.942777
2456244.963210
2456244.983643
2456245.004076
2456245.024509
2456245.044942
2456245.065375
2456245.085808
2456245.106241
2456245.126674
2456245.147107
2456245.167540
2456245.187973
2456245.208406
2456245.228839
2456245.249272
2456245.269705
2456245.290138
2456245.310571
2456245.331004
2456245.351437
2456245.371870
2456245.392303
2456245.412736
2456245.433169
2456245.453602
2456245.474035
2456245.494468
2456245.514901
2456245.535334
2456245.555767
2456245.576200
2456245.596633
2456245.617066
2456245.637499
2456245.657932
2456245.678365
2456245.698798
2456245.719231
2456245.739664
2456245.760097
2456245.780530
2456245.800963
2456245.821396
2456245.841829
2456245.862262
2456245.882695
2456245.903128
2456245.923561
2456245.943994
2456245.964427
2456245.984860
2456246.005293
2456246.025726
2456246.046159
2456246.066592
2456246.087025
2456246.107458
2456246.127891
2456246.148324
2456246.168757
2456246.189190
2456246.209623
2456246.230056
2456246.250489
2456246.270922
2456246.291355
2456246.311788
2456246.332221
2456246.352654
2456246.373087
2456246.393520
2456246.413953
2456246.434386
2456246.454819
2456246.475252
2456246.495685
2456246.516118
2456246.536551
2456246.556984
2456246.577417
2456246.597850
2456246.618283
2456246.638716
2456246.659149
2456246.679582
2456246.700015
2456246.720448
2456246.740881
2456246.761314
2456246.781747
2456246.802180
2456246.822613
2456246.843046
2456246.863479
2456246.883912
2456246.904345
2456246.924778
2456246.945211
2456246.965644
2456246.986077
2456247.006510
2456247.026943
2456247.047376
2456247.067809
2456247.088242
2456247.108675
2456247.129108
2456247.149541
2456247.169974
2456247.190407
2456247.210840
2456247.231273
2456247.251706
2456247.272139
2456247.292572
2456247.313005
2456247.333438
2456247.353871
           NaN
           NaN
           NaN
           NaN
           NaN
           NaN
           NaN
           NaN
           NaN
           NaN
           NaN
           NaN
           NaN
           NaN
           NaN
           NaN
           NaN
           NaN
           NaN
           NaN
           NaN
           NaN
           NaN
           NaN
           NaN
           NaN
           NaN
           NaN
           NaN
           NaN
           NaN
           NaN
           NaN
           NaN
           NaN
           NaN
           NaN
           NaN
           NaN
           NaN
           NaN
           NaN
           NaN
           NaN
           NaN
           NaN
           NaN
           NaN
           NaN
           NaN
           NaN
           NaN
           NaN
           NaN
           NaN
           NaN
           NaN
           NaN
           NaN
           NaN
           NaN
           NaN
           NaN
           NaN
           NaN
           NaN
           NaN
           NaN
           NaN
           NaN
           NaN
           NaN
           NaN
           NaN
           NaN
           NaN
           NaN
           NaN
           NaN
           NaN
           NaN
           NaN
           NaN
           NaN
           NaN
           NaN
           NaN
           NaN
           NaN
           NaN
           NaN
           NaN
           NaN
           NaN
           NaN
           NaN
           NaN
           NaN
           NaN
           NaN
           NaN
           NaN
           NaN
           NaN
           NaN
           NaN
           NaN
           NaN
           NaN
           NaN
           NaN
           NaN
           NaN
           NaN
           NaN
           NaN
           NaN
           NaN
           NaN
           NaN
           NaN
           NaN
           NaN
           NaN
           NaN
           NaN
           NaN
           NaN
           NaN
           NaN
           NaN
           NaN
           NaN
           NaN
           NaN
           NaN
           NaN
           NaN
           NaN
           NaN
           NaN
           NaN
           NaN
           NaN
           NaN
           NaN
           NaN
           NaN
           NaN
           NaN
           NaN
           NaN
           NaN
           NaN
           NaN
           NaN
           NaN
           NaN
           NaN
           NaN
           NaN
           NaN
           NaN
           NaN
           NaN
           NaN
           NaN
           NaN
           NaN
           NaN
           NaN
           NaN
           NaN
           NaN
           NaN
           NaN
           NaN
           NaN
           NaN
           NaN
           NaN
           NaN
           NaN
           NaN
           NaN
           NaN
           NaN
           NaN
           NaN
           NaN
           NaN
           NaN
           NaN
           NaN
           NaN
           NaN
           NaN
2456251.399588
2456251.420021
2456251.440454
2456251.460887
2456251.481320
2456251.501753
2456251.522186
2456251.542619
2456251.563052
2456251.583485
2456251.603917
2456251.624351
2456251.644783
2456251.665216
2456251.685649
2456251.706082
2456251.726516
2456251.746948
2456251.767381
2456251.787814
2456251.808247
2456251.828680
2456251.849113
2456251.869546
2456251.889979
2456251.910412
2456251.930845
2456251.951278
2456251.971711
2456251.992144
2456252.012577
2456252.033010
2456252.053443
2456252.073876
2456252.094309
2456252.114742
2456252.135175
2456252.155608
2456252.176041
2456252.196474
2456252.216907
2456252.237340
2456252.257773
2456252.278206
2456252.298639
2456252.319072
2456252.339505
2456252.359938
2456252.380371
2456252.400804
2456252.421237
2456252.441670
2456252.462103
2456252.482536
2456252.502969
2456252.523402
2456252.543835
2456252.564268
2456252.584701
2456252.605134
2456252.625567
2456252.646000
2456252.666433
2456252.686866
2456252.707299
2456252.727732
2456252.748165
2456252.768598
2456252.789031
2456252.809463
2456252.829897
2456252.850329
2456252.870762
2456252.891195
2456252.911628
2456252.932061
2456252.952494
2456252.972927
2456252.993360
2456253.013793
2456253.034226
2456253.054659
2456253.075092
2456253.095525
2456253.115958
2456253.136391
2456253.156824
2456253.177257
2456253.197690
2456253.218123
2456253.238556
2456253.258989
2456253.279422
2456253.299855
2456253.320288
2456253.340721
2456253.361154
2456253.381587
2456253.402020
2456253.422453
2456253.442886
2456253.463319
2456253.483752
2456253.504185
2456253.524618
2456253.545051
2456253.565484
2456253.585917
2456253.606350
2456253.626783
2456253.647216
2456253.667649
2456253.688082
2456253.708515
2456253.728948
2456253.749381
2456253.769814
2456253.790247
2456253.810680
2456253.831113
2456253.851546
2456253.871979
2456253.892412
2456253.912844
2456253.933277
2456253.953710
2456253.974143
2456253.994576
2456254.015009
2456254.035442
2456254.055875
2456254.076308
2456254.096741
2456254.117174
2456254.137607
2456254.158040
2456254.178473
2456254.198906
2456254.219339
2456254.239772
2456254.260205
2456254.280638
2456254.301071
2456254.321504
2456254.341937
2456254.362370
2456254.382803
2456254.403236
2456254.423669
2456254.444102
2456254.464535
2456254.484968
2456254.505401
2456254.525834
2456254.546267
2456254.566700
2456254.587133
2456254.607566
2456254.627999
2456254.648432
2456254.668865
2456254.689298
2456254.709731
2456254.730164
2456254.750597
2456254.771030
2456254.791463
2456254.811896
2456254.832328
2456254.852761
2456254.873194
2456254.893627
2456254.914060
2456254.934493
2456254.954926
2456254.975359
2456254.995792
2456255.016225
2456255.036658
2456255.057091
2456255.077524
2456255.097957
2456255.118390
2456255.138823
2456255.159256
2456255.179689
2456255.200122
2456255.220555
2456255.240988
2456255.261421
2456255.281854
2456255.302287
2456255.322720
2456255.343153
2456255.363586
2456255.384019
2456255.404452
2456255.424885
2456255.445318
2456255.465751
2456255.486184
2456255.506617
2456255.527050
2456255.547483
2456255.567916
2456255.588349
2456255.608782
2456255.629215
2456255.649648
2456255.670081
2456255.690514
2456255.710947
2456255.731379
2456255.751813
2456255.772245
2456255.792678
2456255.813111
2456255.833544
2456255.853977
2456255.874410
2456255.894843
2456255.915276
2456255.935709
2456255.956142
2456255.976575
2456255.997008
2456256.017441
2456256.037874
2456256.058307
2456256.078740
2456256.099173
2456256.119606
2456256.140039
2456256.160472
2456256.180905
2456256.201338
2456256.221771
2456256.242204
2456256.262637
2456256.283070
2456256.303503
2456256.323936
2456256.344369
2456256.364802
2456256.385235
2456256.405668
2456256.426101
2456256.446534
2456256.466967
2456256.487400
2456256.507833
2456256.528266
2456256.548699
2456256.569132
2456256.589565
2456256.609997
2456256.630430
2456256.650864
2456256.671296
2456256.691729
2456256.712162
2456256.732595
2456256.753028
2456256.773461
2456256.793894
2456256.814327
2456256.834760
2456256.855193
2456256.875626
2456256.896059
2456256.916492
2456256.936925
2456256.957358
2456256.977791
2456256.998224
2456257.018657
2456257.039090
2456257.059523
2456257.079956
2456257.100389
2456257.120822
2456257.141255
2456257.161688
2456257.182121
2456257.202554
2456257.222987
2456257.243420
2456257.263853
2456257.284286
2456257.304719
2456257.325152
2456257.345585
2456257.366018
2456257.386451
2456257.406884
2456257.427317
2456257.447749
2456257.468182
2456257.488616
2456257.509048
2456257.529481
2456257.549914
2456257.570347
2456257.590780
2456257.611213
2456257.631646
2456257.652079
2456257.672512
2456257.692945
2456257.713378
2456257.733811
2456257.754244
2456257.774677
2456257.795110
2456257.815543
2456257.835976
2456257.856409
2456257.876842
2456257.897275
2456257.917708
2456257.938141
2456257.958574
2456257.979007
2456257.999440
2456258.019873
2456258.040306
2456258.060739
2456258.081172
2456258.101605
2456258.122038
2456258.142471
2456258.162904
2456258.183337
2456258.203770
2456258.224203
2456258.244636
2456258.265069
2456258.285502
2456258.305934
2456258.326368
2456258.346800
2456258.367233
2456258.387666
2456258.408099
2456258.428532
2456258.448965
2456258.469398
2456258.489831
2456258.510264
2456258.530697
2456258.551130
2456258.571563
2456258.591996
2456258.612429
2456258.632862
2456258.653295
2456258.673728
2456258.694161
2456258.714594
2456258.735027
2456258.755460
2456258.775893
2456258.796326
2456258.816759
2456258.837192
2456258.857625
2456258.878058
2456258.898491
2456258.918924
2456258.939357
2456258.959790
2456258.980223
2456259.000656
2456259.021089
2456259.041522
2456259.061955
2456259.082388
2456259.102820
2456259.123254
2456259.143686
2456259.164120
2456259.184552
2456259.204985
2456259.225418
2456259.245851
2456259.266284
2456259.286717
2456259.307150
2456259.327583
2456259.348016
2456259.368449
2456259.388882
2456259.409315
2456259.429748
2456259.450181
2456259.470614
2456259.491047
2456259.511480
2456259.531913
2456259.552346
2456259.572779
2456259.593212
2456259.613645
2456259.634078
2456259.654511
2456259.674944
2456259.695377
2456259.715810
2456259.736243
2456259.756676
2456259.777109
2456259.797542
2456259.817975
2456259.838408
2456259.858841
2456259.879274
2456259.899707
2456259.920139
2456259.940572
2456259.961005
2456259.981438
2456260.001871
2456260.022304
2456260.042737
2456260.063170
2456260.083603
2456260.104036
2456260.124469
2456260.144902
2456260.165335
2456260.185768
2456260.206201
2456260.226634
2456260.247067
2456260.267500
2456260.287933
2456260.308366
2456260.328799
2456260.349232
2456260.369665
2456260.390098
2456260.410531
2456260.430964
2456260.451397
2456260.471830
2456260.492263
2456260.512696
2456260.533129
2456260.553562
2456260.573995
2456260.594428
2456260.614861
2456260.635294
2456260.655727
2456260.676160
2456260.696593
2456260.717026
2456260.737459
2456260.757891
2456260.778324
2456260.798757
2456260.819190
2456260.839623
2456260.860056
2456260.880489
2456260.900922
2456260.921355
2456260.941788
2456260.962221
2456260.982654
2456261.003087
2456261.023520
2456261.043953
2456261.064386
2456261.084819
2456261.105252
2456261.125685
2456261.146118
2456261.166551
2456261.186984
2456261.207417
2456261.227850
2456261.248283
2456261.268716
2456261.289149
2456261.309582
2456261.330015
2456261.350448
2456261.370881
2456261.391314
2456261.411747
2456261.432180
2456261.452613
2456261.473046
2456261.493479
2456261.513912
2456261.534344
2456261.554777
2456261.575211
2456261.595643
2456261.616076
2456261.636509
2456261.656942
2456261.677375
2456261.697808
2456261.718241
2456261.738674
2456261.759107
2456261.779540
2456261.799973
2456261.820406
2456261.840839
2456261.861272
2456261.881705
2456261.902138
2456261.922571
2456261.943004
2456261.963437
2456261.983870
2456262.004303
2456262.024736
2456262.045169
2456262.065602
2456262.086035
2456262.106468
2456262.126901
2456262.147334
2456262.167767
2456262.188200
2456262.208633
2456262.229066
2456262.249499
2456262.269932
2456262.290365
2456262.310798
2456262.331231
2456262.351663
2456262.372097
2456262.392529
2456262.412962
2456262.433395
2456262.453828
2456262.474261
2456262.494694
2456262.515127
2456262.535560
2456262.555993
2456262.576426
2456262.596859
2456262.617292
2456262.637725
2456262.658158
2456262.678591
2456262.699024
2456262.719457
2456262.739890
2456262.760323
2456262.780756
2456262.801189
2456262.821622
2456262.842055
2456262.862488
2456262.882921
2456262.903354
2456262.923787
2456262.944220
2456262.964653
2456262.985086
2456263.005519
2456263.025952
2456263.046385
2456263.066818
2456263.087251
2456263.107684
2456263.128117
2456263.148550
2456263.168982
2456263.189415
2456263.209848
2456263.230281
2456263.250714
2456263.271147
2456263.291580
2456263.312013
2456263.332446
2456263.352879
2456263.373312
2456263.393745
2456263.414178
2456263.434611
2456263.455044
2456263.475477
2456263.495910
2456263.516343
2456263.536776
2456263.557209
2456263.577642
2456263.598075
2456263.618508
2456263.638941
2456263.659374
2456263.679807
2456263.700240
2456263.720673
2456263.741106
2456263.761539
2456263.781972
2456263.802405
2456263.822838
2456263.843271
2456263.863704
2456263.884137
2456263.904570
2456263.925003
2456263.945436
2456263.965869
2456263.986302
2456264.006734
2456264.027167
2456264.047601
2456264.068033
2456264.088466
2456264.108899
2456264.129332
2456264.149765
2456264.170198
2456264.190631
2456264.211064
2456264.231497
2456264.251930
2456264.272363
2456264.292796
2456264.313229
2456264.333662
2456264.354095
2456264.374528
2456264.394961
2456264.415394
2456264.435827
2456264.456260
2456264.476693
2456264.497126
2456264.517559
2456264.537992
2456264.558425
2456264.578858
2456264.599291
2456264.619724
2456264.640157
2456264.660590
2456264.681023
2456264.701456
2456264.721889
2456264.742322
2456264.762755
2456264.783188
2456264.803621
2456264.824054
2456264.844486
2456264.864919
2456264.885353
2456264.905785
2456264.926218
2456264.946651
2456264.967084
2456264.987517
2456265.007950
2456265.028383
2456265.048816
2456265.069249
2456265.089682
2456265.110115
2456265.130548
2456265.150981
2456265.171414
2456265.191847
2456265.212280
2456265.232713
2456265.253146
2456265.273579
2456265.294012
2456265.314445
2456265.334878
2456265.355311
2456265.375744
2456265.396177
2456265.416610
2456265.437043
2456265.457476
2456265.477909
2456265.498342
2456265.518775
2456265.539208
2456265.559641
2456265.580074
2456265.600507
2456265.620940
2456265.641373
2456265.661806
2456265.682239
2456265.702672
2456265.723104
2456265.743538
2456265.763970
2456265.784403
2456265.804836
2456265.825269
2456265.845702
2456265.866135
2456265.886568
2456265.907001
2456265.927434
2456265.947867
2456265.968300
2456265.988733
2456266.009166
2456266.029599
2456266.050032
2456266.070465
2456266.090898
2456266.111331
2456266.131764
2456266.152197
2456266.172630
2456266.193063
2456266.213496
2456266.233929
2456266.254362
2456266.274795
2456266.295228
2456266.315661
2456266.336094
2456266.356527
2456266.376960
2456266.397393
2456266.417826
2456266.438259
2456266.458692
2456266.479125
2456266.499558
2456266.519991
2456266.540424
2456266.560857
2456266.581289
2456266.601723
2456266.622156
2456266.642588
2456266.663021
2456266.683454
2456266.703887
2456266.724320
2456266.744753
2456266.765186
2456266.785619
2456266.806052
2456266.826485
2456266.846918
2456266.867351
2456266.887784
2456266.908217
2456266.928650
2456266.949083
2456266.969516
2456266.989949
2456267.010382
2456267.030815
2456267.051248
2456267.071681
2456267.092114
2456267.112547
2456267.132980
2456267.153413
2456267.173846
2456267.194279
2456267.214712
2456267.235145
2456267.255578
2456267.276011
2456267.296444
2456267.316877
2456267.337310
2456267.357743
2456267.378176
2456267.398609
2456267.419042
2456267.439475
2456267.459908
2456267.480341
2456267.500774
2456267.521207
2456267.541640
2456267.562073
2456267.582505
2456267.602939
2456267.623372
2456267.643804
2456267.664237
2456267.684670
2456267.705103
2456267.725536
2456267.745969
2456267.766402
2456267.786835
2456267.807268
2456267.827701
2456267.848134
2456267.868567
2456267.889000
2456267.909433
2456267.929866
2456267.950299
2456267.970732
2456267.991165
2456268.011598
2456268.032031
2456268.052464
2456268.072897
2456268.093330
2456268.113763
2456268.134196
2456268.154629
2456268.175062
2456268.195495
2456268.215928
2456268.236361
2456268.256794
2456268.277227
2456268.297660
2456268.318093
2456268.338526
2456268.358959
2456268.379392
           NaN
           NaN
           NaN
           NaN
           NaN
           NaN
           NaN
           NaN
           NaN
           NaN
           NaN
           NaN
           NaN
           NaN
           NaN
           NaN
           NaN
           NaN
           NaN
           NaN
           NaN
           NaN
           NaN
           NaN
           NaN
           NaN
           NaN
           NaN
           NaN
           NaN
           NaN
           NaN
           NaN
           NaN
           NaN
           NaN
           NaN
           NaN
           NaN
           NaN
           NaN
2456269.237577
2456269.258010
2456269.278443
2456269.298876
2456269.319309
2456269.339742
2456269.360175
2456269.380608
2456269.401041
2456269.421474
2456269.441907
2456269.462340
2456269.482773
2456269.503206
2456269.523639
2456269.544072
2456269.564505
2456269.584938
2456269.605371
2456269.625804
2456269.646237
2456269.666670
2456269.687102
2456269.707535
2456269.727969
2456269.748401
2456269.768834
2456269.789267
2456269.809700
2456269.830133
2456269.850566
2456269.870999
2456269.891432
2456269.911865
2456269.932298
2456269.952731
2456269.973164
2456269.993597
2456270.014030
2456270.034463
2456270.054896
2456270.075329
2456270.095762
2456270.116195
2456270.136628
2456270.157061
2456270.177494
2456270.197927
2456270.218360
2456270.238793
2456270.259226
2456270.279659
2456270.300092
2456270.320525
2456270.340958
2456270.361391
2456270.381824
2456270.402257
2456270.422690
2456270.443123
2456270.463556
2456270.483989
2456270.504422
2456270.524855
2456270.545288
2456270.565721
2456270.586154
2456270.606587
2456270.627020
2456270.647453
2456270.667886
2456270.688319
2456270.708752
2456270.729185
2456270.749618
2456270.770051
2456270.790484
2456270.810917
2456270.831350
2456270.851783
2456270.872215
2456270.892649
2456270.913082
2456270.933515
2456270.953948
2456270.974380
2456270.994813
2456271.015246
2456271.035679
2456271.056112
2456271.076545
2456271.096978
2456271.117411
2456271.137844
2456271.158277
2456271.178710
2456271.199143
2456271.219576
2456271.240009
2456271.260442
2456271.280875
2456271.301308
2456271.321741
2456271.342174
2456271.362607
2456271.383040
2456271.403473
2456271.423906
2456271.444339
2456271.464772
2456271.485205
2456271.505638
2456271.526071
2456271.546504
2456271.566937
2456271.587370
2456271.607803
2456271.628236
2456271.648669
2456271.669102
2456271.689535
2456271.709968
2456271.730401
2456271.750834
2456271.771267
2456271.791700
2456271.812133
2456271.832566
2456271.852999
2456271.873432
2456271.893865
2456271.914298
2456271.934731
2456271.955164
2456271.975597
2456271.996030
2456272.016463
2456272.036896
2456272.057329
2456272.077762
2456272.098195
2456272.118628
2456272.139061
2456272.159494
2456272.179927
2456272.200360
2456272.220793
2456272.241226
2456272.261659
2456272.282092
2456272.302525
2456272.322958
2456272.343391
2456272.363823
2456272.384256
2456272.404690
2456272.425122
2456272.445555
2456272.465988
2456272.486421
2456272.506854
2456272.527287
2456272.547720
2456272.568153
2456272.588586
2456272.609019
2456272.629452
2456272.649885
2456272.670318
2456272.690751
2456272.711184
2456272.731617
2456272.752050
2456272.772483
2456272.792916
2456272.813349
2456272.833782
2456272.854215
2456272.874648
2456272.895081
2456272.915514
2456272.935947
2456272.956380
2456272.976813
2456272.997246
2456273.017679
2456273.038112
2456273.058545
2456273.078978
2456273.099411
2456273.119844
2456273.140277
2456273.160710
2456273.181143
2456273.201576
2456273.222009
2456273.242442
2456273.262875
2456273.283308
2456273.303741
2456273.324174
2456273.344607
2456273.365040
2456273.385473
2456273.405906
2456273.426339
2456273.446772
2456273.467205
2456273.487638
2456273.508071
2456273.528504
2456273.548937
2456273.569370
2456273.589803
2456273.610236
2456273.630669
2456273.651102
2456273.671535
2456273.691968
2456273.712401
2456273.732834
2456273.753267
2456273.773700
2456273.794133
2456273.814566
2456273.834999
2456273.855432
2456273.875865
2456273.896298
2456273.916731
2456273.937164
2456273.957597
2456273.978030
2456273.998463
2456274.018896
2456274.039329
2456274.059762
2456274.080195
2456274.100628
2456274.121061
2456274.141494
2456274.161927
2456274.182360
2456274.202793
2456274.223225
2456274.243659
2456274.264092
2456274.284524
2456274.304958
2456274.325391
2456274.345824
2456274.366256
2456274.386689
2456274.407123
2456274.427555
2456274.447988
2456274.468422
2456274.488855
2456274.509287
2456274.529720
2456274.550153
2456274.570586
2456274.591019
2456274.611452
2456274.631886
2456274.652318
2456274.672751
2456274.693184
2456274.713617
2456274.734050
2456274.754483
2456274.774916
2456274.795349
2456274.815782
2456274.836215
2456274.856648
2456274.877081
2456274.897514
2456274.917947
2456274.938380
2456274.958813
2456274.979246
2456274.999679
2456275.020112
2456275.040545
2456275.060978
2456275.081411
2456275.101844
2456275.122277
2456275.142710
2456275.163143
2456275.183576
2456275.204009
2456275.224442
2456275.244875
2456275.265308
2456275.285741
2456275.306174
2456275.326607
2456275.347040
2456275.367473
2456275.387906
2456275.408339
2456275.428772
2456275.449205
2456275.469638
2456275.490071
2456275.510504
2456275.530937
2456275.551370
2456275.571803
2456275.592236
2456275.612669
2456275.633102
2456275.653535
2456275.673968
2456275.694401
2456275.714834
2456275.735267
2456275.755700
2456275.776133
2456275.796566
2456275.816999
2456275.837432
2456275.857865
2456275.878298
2456275.898731
2456275.919164
2456275.939597
2456275.960030
2456275.980463
2456276.000896
2456276.021329
2456276.041762
2456276.062195
2456276.082628
2456276.103061
2456276.123494
2456276.143927
2456276.164360
2456276.184793
2456276.205226
2456276.225659
2456276.246092
2456276.266525
2456276.286958
2456276.307391
2456276.327824
2456276.348257
2456276.368690
2456276.389123
2456276.409556
2456276.429989
2456276.450422
2456276.470855
2456276.491288
2456276.511721
2456276.532154
2456276.552587
2456276.573020
2456276.593453
2456276.613886
2456276.634319
2456276.654752
2456276.675185
2456276.695618
2456276.716051
2456276.736484
2456276.756917
2456276.777350
2456276.797783
2456276.818216
2456276.838649
2456276.859082
2456276.879515
2456276.899948
2456276.920381
2456276.940814
2456276.961247
2456276.981680
2456277.002113
2456277.022546
2456277.042979
2456277.063412
2456277.083845
2456277.104278
2456277.124711
2456277.145144
2456277.165577
2456277.186010
2456277.206443
2456277.226876
2456277.247309
2456277.267742
2456277.288175
2456277.308608
2456277.329041
2456277.349474
2456277.369907
2456277.390340
2456277.410773
2456277.431206
2456277.451639
2456277.472072
2456277.492505
2456277.512938
2456277.533371
2456277.553804
2456277.574237
2456277.594670
2456277.615103
2456277.635536
2456277.655969
2456277.676402
2456277.696835
2456277.717268
2456277.737701
2456277.758134
2456277.778567
2456277.799000
2456277.819433
2456277.839866
2456277.860299
2456277.880732
2456277.901165
2456277.921598
2456277.942031
2456277.962464
2456277.982897
2456278.003330
2456278.023763
2456278.044196
2456278.064629
2456278.085062
2456278.105495
2456278.125928
2456278.146361
2456278.166794
2456278.187227
2456278.207660
2456278.228093
2456278.248526
2456278.268959
2456278.289392
2456278.309825
2456278.330258
2456278.350691
2456278.371124
2456278.391557
2456278.411990
2456278.432423
2456278.452856
2456278.473289
2456278.493722
2456278.514155
2456278.534588
2456278.555021
2456278.575454
2456278.595887
2456278.616320
2456278.636753
2456278.657186
2456278.677619
2456278.698052
2456278.718485
2456278.738918
2456278.759351
2456278.779784
2456278.800217
2456278.820650
2456278.841083
2456278.861516
2456278.881949
2456278.902382
2456278.922815
2456278.943248
2456278.963681
2456278.984114
2456279.004547
2456279.024980
2456279.045413
2456279.065846
2456279.086279
2456279.106712
2456279.127145
2456279.147578
2456279.168011
2456279.188444
2456279.208877
2456279.229310
2456279.249743
2456279.270176
2456279.290609
2456279.311042
2456279.331475
2456279.351908
2456279.372341
2456279.392774
2456279.413207
2456279.433640
2456279.454073
2456279.474507
2456279.494939
2456279.515372
2456279.535806
2456279.556238
2456279.576671
2456279.597105
2456279.617537
2456279.637971
2456279.658404
2456279.678836
2456279.699270
2456279.719703
2456279.740136
2456279.760569
2456279.781002
2456279.801435
2456279.821868
2456279.842301
2456279.862734
2456279.883167
2456279.903600
2456279.924033
2456279.944466
2456279.964899
2456279.985332
2456280.005765
2456280.026198
2456280.046631
2456280.067064
2456280.087497
2456280.107930
2456280.128363
2456280.148796
2456280.169229
2456280.189662
2456280.210095
2456280.230528
2456280.250961
2456280.271394
2456280.291827
2456280.312260
2456280.332693
2456280.353126
2456280.373559
2456280.393992
2456280.414425
2456280.434858
2456280.455291
2456280.475724
2456280.496157
2456280.516590
2456280.537023
2456280.557456
2456280.577889
2456280.598322
2456280.618755
2456280.639188
2456280.659621
2456280.680054
2456280.700487
2456280.720920
2456280.741353
2456280.761786
2456280.782219
2456280.802652
2456280.823085
2456280.843518
2456280.863951
2456280.884384
2456280.904817
2456280.925250
2456280.945683
2456280.966116
2456280.986549
2456281.006982
2456281.027415
2456281.047848
2456281.068281
2456281.088714
2456281.109147
2456281.129580
2456281.150013
2456281.170446
2456281.190879
2456281.211312
2456281.231746
2456281.252178
2456281.272612
2456281.293045
2456281.313478
2456281.333911
2456281.354343
2456281.374777
2456281.395210
2456281.415642
2456281.436076
2456281.456509
2456281.476942
2456281.497375
2456281.517808
2456281.538241
2456281.558674
2456281.579107
2456281.599540
2456281.619973
2456281.640406
2456281.660839
2456281.681272
2456281.701705
2456281.722138
2456281.742571
2456281.763004
2456281.783437
2456281.803870
2456281.824303
2456281.844736
2456281.865169
2456281.885602
2456281.906035
2456281.926468
2456281.946901
2456281.967334
2456281.987767
2456282.008200
2456282.028633
2456282.049066
2456282.069499
2456282.089932
2456282.110365
2456282.130798
2456282.151231
2456282.171664
2456282.192097
2456282.212530
2456282.232963
2456282.253396
2456282.273829
2456282.294262
2456282.314695
2456282.335128
2456282.355561
2456282.375994
2456282.396427
2456282.416860
2456282.437294
2456282.457727
2456282.478159
2456282.498593
2456282.519026
2456282.539459
2456282.559892
2456282.580325
2456282.600758
2456282.621191
2456282.641624
2456282.662057
2456282.682490
2456282.702923
2456282.723356
2456282.743789
2456282.764222
2456282.784655
2456282.805088
2456282.825521
2456282.845954
2456282.866387
2456282.886820
2456282.907253
2456282.927686
2456282.948119
2456282.968552
2456282.988985
2456283.009418
2456283.029851
2456283.050284
2456283.070717
2456283.091150
2456283.111583
2456283.132016
2456283.152449
2456283.172882
2456283.193315
2456283.213748
2456283.234181
2456283.254614
2456283.275047
2456283.295480
2456283.315913
2456283.336346
2456283.356779
2456283.377212
2456283.397646
2456283.418079
2456283.438512
2456283.458945
2456283.479378
2456283.499811
2456283.520244
2456283.540677
2456283.561110
2456283.581543
2456283.601976
2456283.622409
2456283.642842
2456283.663275
2456283.683708
2456283.704141
2456283.724574
2456283.745007
2456283.765440
2456283.785873
2456283.806306
2456283.826739
2456283.847172
2456283.867605
2456283.888038
2456283.908471
2456283.928904
2456283.949337
2456283.969770
2456283.990203
2456284.010636
2456284.031069
2456284.051502
2456284.071935
2456284.092368
2456284.112801
2456284.133234
2456284.153667
2456284.174100
2456284.194533
2456284.214967
2456284.235400
2456284.255833
2456284.276266
2456284.296699
2456284.317132
2456284.337565
2456284.357998
2456284.378431
2456284.398864
2456284.419297
2456284.439730
2456284.460163
2456284.480596
2456284.501029
2456284.521462
2456284.541895
2456284.562328
2456284.582761
2456284.603194
2456284.623627
2456284.644060
2456284.664493
2456284.684926
2456284.705359
2456284.725792
2456284.746225
2456284.766658
2456284.787091
2456284.807524
2456284.827957
2456284.848390
2456284.868823
2456284.889257
2456284.909690
2456284.930122
2456284.950556
2456284.970989
2456284.991422
2456285.011855
2456285.032288
2456285.052721
2456285.073154
2456285.093587
2456285.114020
2456285.134453
2456285.154886
2456285.175319
2456285.195752
2456285.216185
2456285.236618
2456285.257051
2456285.277484
2456285.297917
2456285.318350
2456285.338783
2456285.359216
2456285.379649
2456285.400082
2456285.420515
2456285.440948
2456285.461381
2456285.481814
2456285.502248
2456285.522680
2456285.543113
2456285.563547
2456285.583980
2456285.604413
2456285.624846
2456285.645279
2456285.665712
2456285.686145
2456285.706578
2456285.727011
2456285.747444
2456285.767877
2456285.788310
2456285.808743
2456285.829176
2456285.849609
2456285.870042
2456285.890475
2456285.910908
2456285.931341
2456285.951774
2456285.972207
2456285.992640
2456286.013073
2456286.033506
2456286.053939
2456286.074372
2456286.094805
2456286.115238
2456286.135672
2456286.156104
2456286.176538
2456286.196971
2456286.217404
2456286.237837
2456286.258270
2456286.278703
2456286.299136
2456286.319569
2456286.340002
2456286.360435
2456286.380868
2456286.401301
2456286.421734
2456286.442167
2456286.462600
2456286.483033
2456286.503466
2456286.523899
2456286.544332
2456286.564765
2456286.585198
2456286.605631
2456286.626064
2456286.646497
2456286.666931
2456286.687364
2456286.707797
2456286.728230
2456286.748663
2456286.769096
2456286.789529
2456286.809962
2456286.830395
2456286.850828
2456286.871261
2456286.891694
2456286.912127
2456286.932560
2456286.952993
2456286.973426
2456286.993859
2456287.014292
2456287.034725
2456287.055158
2456287.075591
2456287.096024
2456287.116457
2456287.136890
2456287.157323
2456287.177757
2456287.198189
2456287.218623
2456287.239056
2456287.259489
2456287.279922
2456287.300355
2456287.320788
2456287.341221
2456287.361654
2456287.382087
2456287.402520
2456287.422953
2456287.443386
2456287.463819
2456287.484252
2456287.504685
2456287.525118
2456287.545551
2456287.565984
2456287.586417
2456287.606850
2456287.627283
2456287.647717
2456287.668150
2456287.688583
2456287.709016
2456287.729449
2456287.749882
2456287.770315
2456287.790748
2456287.811181
2456287.831614
2456287.852047
2456287.872480
2456287.892913
2456287.913346
2456287.933779
2456287.954212
2456287.974645
2456287.995078
2456288.015511
2456288.035944
2456288.056377
2456288.076810
2456288.097243
2456288.117677
2456288.138110
2456288.158543
2456288.178976
2456288.199409
2456288.219842
2456288.240275
2456288.260708
2456288.281141
2456288.301574
2456288.322007
2456288.342440
2456288.362873
2456288.383306
2456288.403739
2456288.424172
2456288.444605
2456288.465038
2456288.485471
2456288.505904
2456288.526337
2456288.546771
2456288.567204
2456288.587637
2456288.608070
2456288.628503
2456288.648936
2456288.669369
2456288.689802
2456288.710235
2456288.730668
2456288.751101
2456288.771534
2456288.791967
2456288.812400
2456288.832833
2456288.853266
2456288.873699
2456288.894132
2456288.914565
2456288.934998
2456288.955432
2456288.975865
2456288.996298
2456289.016731
2456289.037164
2456289.057597
2456289.078030
2456289.098463
2456289.118896
2456289.139329
2456289.159762
2456289.180195
2456289.200628
2456289.221061
2456289.241494
2456289.261927
2456289.282360
2456289.302793
2456289.323226
2456289.343659
2456289.364093
2456289.384526
2456289.404959
2456289.425392
2456289.445825
2456289.466258
2456289.486691
2456289.507124
2456289.527557
2456289.547990
2456289.568423
2456289.588856
2456289.609289
2456289.629722
2456289.650155
2456289.670588
2456289.691021
2456289.711454
2456289.731888
2456289.752321
2456289.772754
2456289.793187
2456289.813620
2456289.834053
2456289.854486
2456289.874919
2456289.895352
2456289.915785
2456289.936218
2456289.956651
2456289.977084
2456289.997517
2456290.017950
2456290.038383
2456290.058817
2456290.079249
2456290.099683
2456290.120116
2456290.140549
2456290.160982
2456290.181415
2456290.201848
2456290.222281
2456290.242714
2456290.263147
2456290.283580
2456290.304013
2456290.324446
2456290.344879
2456290.365312
2456290.385745
2456290.406178
2456290.426611
2456290.447045
2456290.467478
2456290.487911
2456290.508344
2456290.528777
2456290.549210
2456290.569643
2456290.590076
2456290.610509
2456290.630942
2456290.651375
2456290.671808
2456290.692241
2456290.712674
2456290.733107
2456290.753540
2456290.773973
2456290.794407
2456290.814840
2456290.835273
2456290.855706
2456290.876139
2456290.896572
2456290.917005
2456290.937438
2456290.957871
2456290.978304
2456290.998737
2456291.019170
2456291.039603
2456291.060036
2456291.080469
2456291.100902
2456291.121336
2456291.141769
2456291.162202
2456291.182635
2456291.203068
2456291.223501
2456291.243934
2456291.264367
2456291.284800
2456291.305233
2456291.325666
2456291.346099
2456291.366532
2456291.386965
2456291.407398
2456291.427831
2456291.448265
2456291.468698
2456291.489131
2456291.509564
2456291.529997
2456291.550430
2456291.570863
2456291.591296
2456291.611729
2456291.632162
2456291.652595
2456291.673028
2456291.693461
2456291.713894
2456291.734327
2456291.754761
2456291.775194
2456291.795627
2456291.816060
2456291.836493
2456291.856926
2456291.877359
2456291.897792
2456291.918225
2456291.938658
2456291.959091
2456291.979524
2456291.999957
2456292.020390
2456292.040823
2456292.061256
2456292.081690
2456292.102123
2456292.122556
2456292.142989
2456292.163422
2456292.183855
2456292.204288
2456292.224721
2456292.245154
2456292.265587
2456292.286020
2456292.306453
2456292.326886
2456292.347320
2456292.367753
2456292.388186
2456292.408619
2456292.429052
2456292.449485
2456292.469918
2456292.490351
2456292.510784
2456292.531217
2456292.551650
2456292.572083
2456292.592516
2456292.612949
2456292.633383
2456292.653816
2456292.674249
2456292.694682
2456292.715115
2456292.735548
2456292.755981
2456292.776414
2456292.796847
2456292.817280
2456292.837713
2456292.858146
2456292.878579
2456292.899012
2456292.919445
2456292.939879
2456292.960312
2456292.980745
2456293.001178
2456293.021611
2456293.042044
2456293.062477
2456293.082910
2456293.103343
2456293.123776
2456293.144209
2456293.164642
2456293.185075
2456293.205509
2456293.225942
2456293.246375
2456293.266808
2456293.287241
2456293.307674
2456293.328107
2456293.348540
2456293.368973
2456293.389406
2456293.409839
2456293.430272
2456293.450705
2456293.471139
2456293.491572
2456293.512005
2456293.532438
2456293.552871
2456293.573304
2456293.593737
2456293.614170
2456293.634603
2456293.655036
2456293.675469
2456293.695902
2456293.716335
2456293.736769
2456293.757202
2456293.777635
2456293.798068
2456293.818501
2456293.838934
2456293.859367
2456293.879800
2456293.900233
2456293.920666
2456293.941099
2456293.961532
2456293.981966
2456294.002399
2456294.022832
2456294.043265
2456294.063698
2456294.084131
2456294.104564
2456294.124997
2456294.145430
2456294.165863
2456294.186296
2456294.206729
2456294.227162
2456294.247596
2456294.268029
2456294.288462
2456294.308895
2456294.329328
2456294.349761
2456294.370194
2456294.390627
2456294.411060
2456294.431493
2456294.451926
2456294.472359
2456294.492793
2456294.513226
2456294.533659
2456294.554092
2456294.574525
2456294.594958
2456294.615391
2456294.635824
2456294.656257
2456294.676690
2456294.697123
2456294.717556
2456294.737990
2456294.758423
2456294.778856
2456294.799289
2456294.819722
2456294.840155
2456294.860588
2456294.881021
2456294.901454
2456294.921887
2456294.942320
2456294.962754
2456294.983187
2456295.003620
2456295.024053
2456295.044486
2456295.064919
2456295.085352
2456295.105785
2456295.126218
2456295.146651
2456295.167084
2456295.187517
2456295.207951
2456295.228384
2456295.248817
2456295.269250
2456295.289683
2456295.310116
2456295.330549
2456295.350982
2456295.371415
2456295.391848
2456295.412281
2456295.432715
2456295.453148
2456295.473581
2456295.494014
2456295.514447
2456295.534880
2456295.555313
2456295.575746
2456295.596179
2456295.616612
2456295.637045
2456295.657478
2456295.677912
2456295.698345
2456295.718778
2456295.739211
2456295.759644
2456295.780077
2456295.800510
2456295.820943
2456295.841376
2456295.861809
2456295.882243
2456295.902676
2456295.923109
2456295.943542
2456295.963975
2456295.984408
2456296.004841
2456296.025274
2456296.045707
2456296.066140
2456296.086573
2456296.107006
2456296.127440
2456296.147873
2456296.168306
2456296.188739
2456296.209172
2456296.229605
2456296.250038
2456296.270471
2456296.290904
2456296.311337
2456296.331771
2456296.352204
2456296.372637
2456296.393070
2456296.413503
2456296.433936
2456296.454369
2456296.474802
2456296.495235
2456296.515668
2456296.536102
2456296.556535
2456296.576968
2456296.597401
2456296.617834
2456296.638267
2456296.658700
2456296.679133
2456296.699566
2456296.719999
2456296.740432
2456296.760866
2456296.781299
2456296.801732
2456296.822165
2456296.842598
2456296.863031
2456296.883464
2456296.903897
2456296.924330
2456296.944763
2456296.965197
2456296.985630
2456297.006063
2456297.026496
2456297.046929
2456297.067362
2456297.087795
2456297.108228
2456297.128661
2456297.149094
2456297.169528
2456297.189961
2456297.210394
2456297.230827
2456297.251260
2456297.271693
2456297.292126
2456297.312559
2456297.332992
2456297.353426
2456297.373859
2456297.394292
2456297.414725
2456297.435158
2456297.455591
2456297.476024
2456297.496457
2456297.516890
2456297.537323
2456297.557756
2456297.578190
2456297.598623
2456297.619056
2456297.639489
2456297.659922
2456297.680355
2456297.700788
2456297.721221
2456297.741654
2456297.762088
2456297.782521
2456297.802954
2456297.823387
2456297.843820
2456297.864253
2456297.884686
2456297.905119
2456297.925552
2456297.945985
2456297.966419
2456297.986852
2456298.007285
2456298.027718
2456298.048151
2456298.068584
2456298.089017
2456298.109450
2456298.129883
2456298.150316
2456298.170750
2456298.191183
2456298.211616
2456298.232049
2456298.252482
2456298.272915
2456298.293348
2456298.313781
2456298.334215
2456298.354648
2456298.375081
2456298.395514
2456298.415947
2456298.436380
2456298.456813
2456298.477246
2456298.497679
2456298.518112
2456298.538546
2456298.558979
2456298.579412
2456298.599845
2456298.620278
2456298.640711
2456298.661144
2456298.681577
2456298.702011
2456298.722444
2456298.742877
2456298.763310
2456298.783743
2456298.804176
2456298.824609
2456298.845042
2456298.865475
2456298.885908
2456298.906342
2456298.926775
2456298.947208
2456298.967641
2456298.988074
2456299.008507
2456299.028940
2456299.049373
2456299.069806
2456299.090240
2456299.110673
2456299.131106
2456299.151539
2456299.171972
2456299.192405
2456299.212838
2456299.233271
2456299.253705
2456299.274138
2456299.294571
2456299.315004
2456299.335437
2456299.355870
2456299.376303
2456299.396736
2456299.417170
2456299.437603
2456299.458036
2456299.478469
2456299.498902
2456299.519335
2456299.539768
2456299.560201
2456299.580634
2456299.601068
2456299.621501
2456299.641934
2456299.662367
2456299.682800
2456299.703233
2456299.723666
2456299.744099
2456299.764533
2456299.784966
2456299.805399
2456299.825832
2456299.846265
2456299.866698
2456299.887131
2456299.907564
2456299.927997
2456299.948431
2456299.968864
2456299.989297
2456300.009730
2456300.030163
2456300.050596
2456300.071029
2456300.091462
2456300.111895
2456300.132329
2456300.152762
2456300.173195
2456300.193628
2456300.214061
2456300.234494
2456300.254927
2456300.275360
2456300.295794
2456300.316227
2456300.336660
2456300.357093
2456300.377526
2456300.397959
2456300.418392
2456300.438825
2456300.459259
2456300.479692
2456300.500125
2456300.520558
2456300.540991
2456300.561424
2456300.581857
2456300.602290
2456300.622724
2456300.643157
2456300.663590
2456300.684023
2456300.704456
2456300.724889
2456300.745322
2456300.765755
2456300.786189
2456300.806622
2456300.827055
2456300.847488
2456300.867921
2456300.888354
2456300.908787
2456300.929221
2456300.949654
2456300.970087
2456300.990520
2456301.010953
2456301.031386
2456301.051819
2456301.072252
2456301.092685
2456301.113119
2456301.133552
2456301.153985
2456301.174418
2456301.194851
2456301.215284
2456301.235717
2456301.256151
2456301.276584
2456301.297017
2456301.317450
2456301.337883
2456301.358316
2456301.378749
2456301.399182
2456301.419616
2456301.440049
2456301.460482
2456301.480915
2456301.501348
2456301.521781
2456301.542214
2456301.562647
2456301.583081
2456301.603514
2456301.623947
2456301.644380
2456301.664813
2456301.685246
2456301.705679
2456301.726113
2456301.746546
2456301.766979
2456301.787412
2456301.807845
2456301.828278
2456301.848711
2456301.869145
2456301.889578
2456301.910011
2456301.930444
2456301.950877
2456301.971310
2456301.991743
2456302.012176
2456302.032610
2456302.053043
2456302.073476
2456302.093909
2456302.114342
2456302.134775
2456302.155208
2456302.175641
2456302.196075
2456302.216508
2456302.236941
2456302.257374
2456302.277807
2456302.298240
2456302.318673
2456302.339107
2456302.359540
2456302.379973
2456302.400406
2456302.420839
2456302.441272
2456302.461705
2456302.482139
2456302.502572
2456302.523005
2456302.543438
2456302.563871
2456302.584304
2456302.604737
2456302.625171
2456302.645604
2456302.666037
2456302.686470
2456302.706903
2456302.727336
2456302.747769
2456302.768203
2456302.788636
2456302.809069
2456302.829502
2456302.849935
2456302.870368
2456302.890801
2456302.911235
2456302.931668
2456302.952101
2456302.972534
2456302.992967
2456303.013400
2456303.033833
2456303.054267
2456303.074700
2456303.095133
2456303.115566
2456303.135999
2456303.156432
2456303.176865
2456303.197299
2456303.217732
2456303.238165
2456303.258598
2456303.279031
2456303.299464
2456303.319897
2456303.340330
2456303.360764
2456303.381197
2456303.401630
2456303.422063
2456303.442496
2456303.462930
2456303.483363
2456303.503796
2456303.524229
2456303.544662
2456303.565095
2456303.585528
2456303.605962
2456303.626395
2456303.646828
2456303.667261
2456303.687694
2456303.708127
2456303.728560
2456303.748994
2456303.769427
2456303.789860
2456303.810293
2456303.830726
2456303.851159
2456303.871592
2456303.892026
2456303.912459
2456303.932892
2456303.953325
2456303.973758
2456303.994191
2456304.014624
2456304.035058
2456304.055491
2456304.075924
2456304.096357
2456304.116790
2456304.137223
