2455372.449337
2455372.469771
2455372.490205
2455372.510639
2455372.531073
2455372.551507
2455372.571941
2455372.592375
2455372.612809
2455372.633243
2455372.653677
2455372.674111
2455372.694545
2455372.714979
2455372.735413
2455372.755847
2455372.776282
2455372.796715
2455372.817150
2455372.837584
2455372.858018
2455372.878452
2455372.898886
2455372.919320
2455372.939754
2455372.960188
2455372.980622
2455373.001056
2455373.021490
2455373.041924
2455373.062358
2455373.082792
2455373.103226
2455373.123660
2455373.144094
2455373.164528
2455373.184962
2455373.205396
2455373.225830
2455373.246264
2455373.266698
2455373.287132
2455373.307566
2455373.328000
2455373.348434
2455373.368868
2455373.389302
2455373.409736
2455373.430170
2455373.450604
2455373.471038
2455373.491473
2455373.511907
2455373.532340
2455373.552775
2455373.573209
2455373.593643
2455373.614077
2455373.634511
2455373.654945
2455373.675379
2455373.695813
2455373.716247
2455373.736681
2455373.757115
2455373.777549
2455373.797983
2455373.818417
2455373.838851
2455373.859285
2455373.879719
2455373.900153
2455373.920587
2455373.941021
2455373.961455
2455373.981889
2455374.002323
2455374.022757
2455374.043191
2455374.063625
2455374.084059
2455374.104493
2455374.124927
2455374.145361
2455374.165795
2455374.186229
2455374.206663
2455374.227097
2455374.247531
2455374.267965
2455374.288399
2455374.308834
2455374.329267
2455374.349702
2455374.370136
2455374.390570
2455374.411004
2455374.431438
2455374.451872
2455374.472306
2455374.492740
2455374.513174
2455374.533608
2455374.554042
2455374.574476
2455374.594910
2455374.615344
2455374.635778
2455374.656212
2455374.676646
2455374.697080
2455374.717514
2455374.737948
2455374.758382
2455374.778816
2455374.799250
2455374.819684
2455374.840118
2455374.860552
2455374.880986
2455374.901420
2455374.921854
2455374.942288
2455374.962722
2455374.983156
2455375.003590
2455375.024024
2455375.044458
2455375.064892
2455375.085326
2455375.105760
2455375.126194
2455375.146628
2455375.167062
2455375.187496
2455375.207930
2455375.228364
2455375.248798
2455375.269232
2455375.289666
2455375.310100
2455375.330534
2455375.350968
2455375.371402
2455375.391837
2455375.412271
2455375.432704
2455375.453139
2455375.473573
2455375.494006
2455375.514441
2455375.534874
2455375.555309
2455375.575743
2455375.596176
2455375.616611
2455375.637045
2455375.657479
2455375.677913
2455375.698347
2455375.718781
2455375.739215
2455375.759649
2455375.780083
2455375.800517
2455375.820951
2455375.841385
2455375.861819
2455375.882253
2455375.902687
2455375.923121
2455375.943555
2455375.963989
2455375.984423
2455376.004857
2455376.025291
2455376.045725
2455376.066159
2455376.086593
2455376.107027
2455376.127461
2455376.147895
2455376.168329
2455376.188763
2455376.209197
2455376.229631
2455376.250065
2455376.270499
2455376.290933
2455376.311367
2455376.331801
2455376.352235
2455376.372669
2455376.393103
2455376.413537
2455376.433971
2455376.454405
2455376.474839
2455376.495273
2455376.515707
2455376.536141
2455376.556575
2455376.577009
2455376.597443
2455376.617877
2455376.638311
2455376.658745
2455376.679179
2455376.699613
2455376.720047
2455376.740481
2455376.760915
2455376.781349
2455376.801783
2455376.822217
2455376.842651
2455376.863085
2455376.883519
2455376.903953
2455376.924387
2455376.944821
2455376.965255
2455376.985689
2455377.006123
2455377.026557
2455377.046991
2455377.067425
2455377.087859
2455377.108293
2455377.128727
2455377.149161
2455377.169595
2455377.190029
2455377.210463
2455377.230897
2455377.251331
2455377.271765
2455377.292199
2455377.312633
2455377.333067
2455377.353501
2455377.373935
2455377.394369
2455377.414803
2455377.435237
2455377.455671
2455377.476105
2455377.496539
2455377.516973
2455377.537407
2455377.557841
2455377.578275
2455377.598709
2455377.619143
2455377.639577
2455377.660011
2455377.680445
2455377.700879
2455377.721313
2455377.741747
2455377.762181
2455377.782615
2455377.803049
2455377.823483
2455377.843917
2455377.864351
2455377.884785
2455377.905219
2455377.925653
2455377.946087
2455377.966521
2455377.986955
2455378.007389
2455378.027823
2455378.048257
2455378.068691
2455378.089125
2455378.109559
2455378.129993
2455378.150427
2455378.170861
2455378.191295
2455378.211729
2455378.232163
2455378.252597
2455378.273031
2455378.293465
2455378.313899
2455378.334333
2455378.354767
2455378.375201
2455378.395635
2455378.416069
2455378.436503
2455378.456937
2455378.477371
2455378.497805
2455378.518239
2455378.538673
2455378.559107
2455378.579541
2455378.599975
2455378.620409
2455378.640843
2455378.661277
2455378.681711
2455378.702145
2455378.722579
2455378.743013
2455378.763447
2455378.783881
2455378.804315
2455378.824749
2455378.845183
2455378.865617
2455378.886051
2455378.906485
2455378.926919
2455378.947353
2455378.967787
2455378.988221
2455379.008655
2455379.029089
2455379.049523
2455379.069957
2455379.090391
2455379.110825
2455379.131259
2455379.151693
2455379.172127
2455379.192561
2455379.212995
2455379.233429
2455379.253863
2455379.274297
2455379.294731
2455379.315164
2455379.335598
2455379.356033
2455379.376466
2455379.396900
2455379.417334
2455379.437768
2455379.458202
2455379.478636
2455379.499070
2455379.519504
2455379.539938
2455379.560372
2455379.580806
2455379.601240
2455379.621674
2455379.642108
2455379.662542
2455379.682976
2455379.703410
2455379.723844
2455379.744278
2455379.764712
2455379.785146
2455379.805580
2455379.826014
2455379.846448
2455379.866882
2455379.887316
2455379.907750
2455379.928184
2455379.948618
2455379.969052
2455379.989486
2455380.009920
2455380.030354
2455380.050788
2455380.071222
2455380.091656
2455380.112090
2455380.132524
2455380.152958
2455380.173392
2455380.193826
2455380.214260
2455380.234694
2455380.255128
2455380.275562
2455380.295996
2455380.316430
2455380.336864
2455380.357298
2455380.377731
2455380.398166
2455380.418599
2455380.439033
2455380.459467
2455380.479901
2455380.500335
2455380.520769
2455380.541203
2455380.561637
2455380.582071
2455380.602505
2455380.622939
2455380.643373
2455380.663807
2455380.684241
2455380.704675
2455380.725109
2455380.745543
2455380.765977
2455380.786411
2455380.806845
2455380.827279
2455380.847713
2455380.868147
2455380.888581
2455380.909015
2455380.929449
2455380.949883
2455380.970317
2455380.990751
2455381.011185
2455381.031619
2455381.052053
2455381.072487
2455381.092921
2455381.113355
2455381.133789
2455381.154223
2455381.174657
2455381.195091
2455381.215525
2455381.235958
2455381.256392
2455381.276826
2455381.297260
2455381.317694
2455381.338128
2455381.358562
2455381.378996
2455381.399430
2455381.419864
2455381.440298
2455381.460732
2455381.481166
2455381.501600
2455381.522034
2455381.542468
2455381.562902
2455381.583336
2455381.603770
2455381.624204
2455381.644638
2455381.665072
2455381.685506
2455381.705940
2455381.726374
2455381.746808
2455381.767242
2455381.787676
2455381.808110
2455381.828544
2455381.848978
2455381.869411
2455381.889846
2455381.910279
2455381.930713
2455381.951147
2455381.971581
2455381.992015
2455382.012449
2455382.032883
2455382.053317
2455382.073751
2455382.094185
2455382.114619
2455382.135053
2455382.155487
2455382.175921
2455382.196355
2455382.216789
2455382.237223
2455382.257657
2455382.278091
2455382.298525
2455382.318959
2455382.339393
2455382.359827
2455382.380261
2455382.400695
2455382.421129
2455382.441562
2455382.461996
2455382.482430
2455382.502864
2455382.523298
2455382.543732
2455382.564166
2455382.584600
2455382.605034
2455382.625468
2455382.645902
2455382.666336
2455382.686770
2455382.707204
2455382.727638
2455382.748072
2455382.768506
2455382.788940
2455382.809374
2455382.829808
2455382.850242
2455382.870676
2455382.891110
2455382.911544
2455382.931978
2455382.952412
2455382.972845
2455382.993279
2455383.013713
2455383.034147
2455383.054581
2455383.075015
2455383.095449
2455383.115883
2455383.136317
2455383.156751
2455383.177185
2455383.197619
2455383.218053
2455383.238487
2455383.258921
2455383.279355
2455383.299789
2455383.320223
2455383.340657
2455383.361091
2455383.381525
2455383.401959
2455383.422392
2455383.442827
2455383.463260
2455383.483694
2455383.504128
2455383.524562
2455383.544996
2455383.565430
2455383.585864
2455383.606298
2455383.626732
2455383.647166
2455383.667600
2455383.688034
2455383.708468
2455383.728902
2455383.749336
2455383.769770
2455383.790204
2455383.810638
2455383.831072
2455383.851506
2455383.871939
2455383.892373
2455383.912807
2455383.933241
2455383.953675
2455383.974109
2455383.994543
2455384.014977
2455384.035411
2455384.055845
2455384.076279
2455384.096713
2455384.117147
2455384.137581
2455384.158015
2455384.178449
2455384.198883
2455384.219317
2455384.239751
2455384.260185
2455384.280618
2455384.301052
2455384.321486
2455384.341920
2455384.362354
2455384.382788
2455384.403222
2455384.423656
2455384.444090
2455384.464524
2455384.484958
2455384.505392
2455384.525826
2455384.546260
2455384.566694
2455384.587128
2455384.607562
2455384.627996
2455384.648430
2455384.668863
2455384.689297
2455384.709731
2455384.730165
2455384.750599
2455384.771033
2455384.791467
2455384.811901
2455384.832335
2455384.852769
2455384.873203
2455384.893637
2455384.914071
2455384.934505
2455384.954939
2455384.975373
2455384.995807
2455385.016241
2455385.036674
2455385.057108
2455385.077542
2455385.097976
2455385.118410
2455385.138844
2455385.159278
2455385.179712
2455385.200146
2455385.220580
2455385.241014
2455385.261448
2455385.281882
2455385.302316
2455385.322750
2455385.343184
2455385.363617
2455385.384051
2455385.404485
2455385.424919
2455385.445353
2455385.465787
2455385.486221
2455385.506655
2455385.527089
2455385.547523
2455385.567957
2455385.588391
2455385.608825
2455385.629259
2455385.649693
2455385.670127
2455385.690560
2455385.710994
2455385.731428
2455385.751862
2455385.772296
2455385.792730
2455385.813164
2455385.833598
2455385.854032
2455385.874466
2455385.894900
2455385.915334
2455385.935768
2455385.956202
2455385.976636
2455385.997069
2455386.017503
2455386.037937
2455386.058371
2455386.078805
2455386.099239
2455386.119673
2455386.140107
2455386.160541
2455386.180975
2455386.201409
2455386.221843
2455386.242277
2455386.262711
2455386.283145
2455386.303579
2455386.324013
2455386.344446
2455386.364880
2455386.385314
2455386.405748
2455386.426182
2455386.446616
2455386.467050
2455386.487484
2455386.507918
2455386.528352
2455386.548786
2455386.569220
2455386.589653
2455386.610087
2455386.630521
2455386.650955
2455386.671389
2455386.691823
2455386.712257
2455386.732691
2455386.753125
2455386.773559
2455386.793993
2455386.814427
2455386.834861
2455386.855295
2455386.875729
2455386.896162
2455386.916596
2455386.937030
2455386.957464
2455386.977898
2455386.998332
2455387.018766
2455387.039200
2455387.059634
2455387.080068
2455387.100502
2455387.120936
2455387.141370
2455387.161803
2455387.182237
2455387.202671
2455387.223105
2455387.243539
2455387.263973
2455387.284407
2455387.304841
2455387.325275
2455387.345709
2455387.366143
2455387.386577
2455387.407010
2455387.427444
2455387.447878
2455387.468312
2455387.488746
2455387.509180
2455387.529614
2455387.550048
2455387.570482
2455387.590916
2455387.611350
2455387.631784
2455387.652218
2455387.672652
2455387.693085
2455387.713519
2455387.733953
2455387.754387
2455387.774821
2455387.795255
2455387.815689
2455387.836123
2455387.856557
2455387.876991
2455387.897425
2455387.917858
2455387.938292
2455387.958726
2455387.979160
2455387.999594
2455388.020028
2455388.040462
2455388.060896
2455388.081330
2455388.101764
2455388.122198
2455388.142632
2455388.163066
2455388.183500
2455388.203933
2455388.224367
2455388.244801
2455388.265235
2455388.285669
2455388.306103
2455388.326537
2455388.346971
2455388.367405
2455388.387839
2455388.408273
2455388.428707
2455388.449140
2455388.469574
2455388.490008
2455388.510442
2455388.530876
2455388.551310
2455388.571744
2455388.592178
2455388.612612
2455388.633046
2455388.653480
2455388.673913
2455388.694347
2455388.714781
2455388.735215
2455388.755649
2455388.776083
2455388.796517
2455388.816951
2455388.837385
2455388.857819
2455388.878253
2455388.898686
2455388.919120
2455388.939554
2455388.959988
2455388.980422
2455389.000856
2455389.021290
2455389.041724
2455389.062158
2455389.082592
2455389.103026
2455389.123459
2455389.143893
2455389.164327
2455389.184761
2455389.205195
2455389.225629
2455389.246063
2455389.266497
2455389.286931
2455389.307365
2455389.327798
2455389.348232
2455389.368666
2455389.389100
2455389.409534
2455389.429968
2455389.450402
2455389.470836
2455389.491270
2455389.511704
2455389.532138
2455389.552571
2455389.573005
2455389.593439
2455389.613873
2455389.634307
2455389.654741
2455389.675175
2455389.695609
2455389.716043
2455389.736477
2455389.756911
2455389.777344
2455389.797778
2455389.818212
2455389.838646
2455389.859080
2455389.879514
2455389.899948
2455389.920382
2455389.940816
2455389.961250
2455389.981683
2455390.002117
2455390.022551
2455390.042985
2455390.063419
2455390.083853
2455390.104287
2455390.124721
2455390.145155
2455390.165589
2455390.186022
2455390.206456
2455390.226890
2455390.247324
2455390.267758
2455390.288192
2455390.308626
2455390.329060
2455390.349494
2455390.369928
2455390.390361
2455390.410795
2455390.431229
2455390.451663
2455390.472097
2455390.492531
2455390.512965
2455390.533399
2455390.553833
2455390.574266
2455390.594700
2455390.615134
2455390.635568
2455390.656002
2455390.676436
2455390.696870
2455390.717304
2455390.737738
2455390.758172
2455390.778606
2455390.799039
2455390.819473
2455390.839907
2455390.860341
2455390.880775
2455390.901209
2455390.921643
2455390.942077
2455390.962511
2455390.982944
2455391.003378
2455391.023812
2455391.044246
2455391.064680
2455391.085114
2455391.105548
2455391.125982
2455391.146416
2455391.166849
2455391.187283
2455391.207717
2455391.228151
2455391.248585
2455391.269019
2455391.289453
2455391.309887
2455391.330320
2455391.350754
2455391.371188
2455391.391622
2455391.412056
2455391.432490
2455391.452924
2455391.473358
2455391.493792
2455391.514226
2455391.534660
2455391.555093
2455391.575527
2455391.595961
2455391.616395
2455391.636829
2455391.657263
2455391.677697
2455391.698131
2455391.718565
2455391.738998
2455391.759432
2455391.779866
2455391.800300
2455391.820734
2455391.841168
2455391.861602
2455391.882036
2455391.902469
2455391.922903
2455391.943337
2455391.963771
2455391.984205
2455392.004639
2455392.025073
2455392.045507
2455392.065940
2455392.086374
2455392.106808
2455392.127242
2455392.147676
2455392.168110
2455392.188544
2455392.208978
2455392.229412
2455392.249845
2455392.270279
2455392.290713
2455392.311147
2455392.331581
2455392.352015
2455392.372449
2455392.392883
2455392.413317
2455392.433750
2455392.454184
2455392.474618
2455392.495052
2455392.515486
2455392.535920
2455392.556354
2455392.576788
2455392.597221
2455392.617655
2455392.638089
2455392.658523
2455392.678957
2455392.699391
2455392.719825
2455392.740259
2455392.760692
2455392.781126
2455392.801560
2455392.821994
2455392.842428
2455392.862862
2455392.883296
2455392.903730
2455392.924163
2455392.944597
2455392.965031
2455392.985465
2455393.005899
2455393.026333
2455393.046767
2455393.067201
2455393.087634
2455393.108068
2455393.128502
2455393.148936
2455393.169370
2455393.189804
2455393.210238
2455393.230672
2455393.251105
2455393.271539
2455393.291973
2455393.312407
2455393.332841
2455393.353275
2455393.373709
2455393.394143
2455393.414576
2455393.435010
2455393.455444
2455393.475878
2455393.496312
2455393.516746
2455393.537180
2455393.557613
2455393.578047
2455393.598481
2455393.618915
2455393.639349
2455393.659783
2455393.680217
2455393.700651
2455393.721084
2455393.741518
2455393.761952
2455393.782386
2455393.802820
2455393.823254
2455393.843688
2455393.864122
2455393.884555
2455393.904989
2455393.925423
2455393.945857
2455393.966291
2455393.986725
2455394.007159
2455394.027593
2455394.048026
2455394.068460
2455394.088894
2455394.109328
2455394.129762
2455394.150196
2455394.170630
2455394.191063
2455394.211497
2455394.231931
2455394.252365
2455394.272799
2455394.293233
2455394.313667
2455394.334100
2455394.354534
2455394.374968
2455394.395402
2455394.415836
2455394.436270
2455394.456704
2455394.477138
2455394.497571
2455394.518005
2455394.538439
2455394.558873
2455394.579307
2455394.599741
2455394.620175
2455394.640608
2455394.661042
2455394.681476
2455394.701910
2455394.722344
2455394.742778
2455394.763212
2455394.783645
2455394.804079
2455394.824513
2455394.844947
2455394.865381
2455394.885815
2455394.906249
2455394.926682
2455394.947116
2455394.967550
2455394.987984
2455395.008418
2455395.028852
2455395.049286
2455395.069719
2455395.090153
2455395.110587
2455395.131021
2455395.151455
2455395.171889
2455395.192323
2455395.212756
2455395.233190
2455395.253624
2455395.274058
2455395.294492
2455395.314926
2455395.335360
2455395.355793
2455395.376227
2455395.396661
2455395.417095
2455395.437529
2455395.457963
2455395.478397
2455395.498830
2455395.519264
2455395.539698
2455395.560132
2455395.580566
2455395.601000
2455395.621434
2455395.641867
2455395.662301
2455395.682735
2455395.703169
2455395.723603
2455395.744037
2455395.764470
2455395.784904
2455395.805338
2455395.825772
2455395.846206
2455395.866640
2455395.887074
2455395.907508
2455395.927941
2455395.948375
2455395.968809
2455395.989243
2455396.009677
2455396.030111
2455396.050544
2455396.070978
2455396.091412
2455396.111846
2455396.132280
2455396.152714
2455396.173147
2455396.193581
2455396.214015
2455396.234449
2455396.254883
2455396.275317
2455396.295751
2455396.316184
2455396.336618
2455396.357052
2455396.377486
2455396.397920
2455396.418354
2455396.438787
2455396.459221
2455396.479655
2455396.500089
2455396.520523
2455396.540957
2455396.561391
2455396.581824
2455396.602258
2455396.622692
2455396.643126
2455396.663560
2455396.683994
2455396.704428
2455396.724861
2455396.745295
2455396.765729
2455396.786163
2455396.806597
2455396.827031
2455396.847464
2455396.867898
2455396.888332
2455396.908766
2455396.929200
2455396.949634
2455396.970067
2455396.990501
2455397.010935
2455397.031369
2455397.051803
2455397.072237
2455397.092670
2455397.113104
2455397.133538
2455397.153972
2455397.174406
2455397.194840
2455397.215273
2455397.235707
2455397.256141
2455397.276575
2455397.297009
2455397.317443
2455397.337877
2455397.358310
2455397.378744
2455397.399178
2455397.419612
2455397.440046
2455397.460480
2455397.480913
2455397.501347
2455397.521781
2455397.542215
2455397.562649
2455397.583083
2455397.603516
2455397.623950
2455397.644384
2455397.664818
2455397.685252
2455397.705686
2455397.726119
2455397.746553
2455397.766987
2455397.787421
2455397.807855
2455397.828289
2455397.848722
2455397.869156
2455397.889590
2455397.910024
2455397.930458
2455397.950892
2455397.971325
2455397.991759
2455398.012193
2455398.032627
2455398.053061
2455398.073495
2455398.093928
2455398.114362
2455398.134796
2455398.155230
2455398.175664
2455398.196098
2455398.216531
2455398.236965
2455398.257399
2455398.277833
2455398.298267
2455398.318700
2455398.339134
2455398.359568
2455398.380002
2455398.400436
2455398.420870
2455398.441304
2455398.461737
2455398.482171
2455398.502605
2455398.523039
2455398.543473
2455398.563906
2455398.584340
2455398.604774
2455398.625208
2455398.645642
2455398.666076
2455398.686510
2455398.706943
2455398.727377
2455398.747811
2455398.768245
2455398.788679
2455398.809112
2455398.829546
2455398.849980
2455398.870414
2455398.890848
2455398.911282
2455398.931715
2455398.952149
2455398.972583
2455398.993017
2455399.013451
2455399.033884
2455399.054318
2455399.074752
2455399.095186
2455399.115620
2455399.136053
2455399.156487
2455399.176921
2455399.197355
2455399.217789
2455399.238223
2455399.258657
2455399.279090
2455399.299524
2455399.319958
2455399.340392
2455399.360826
2455399.381259
2455399.401693
2455399.422127
2455399.442561
2455399.462995
2455399.483428
2455399.503862
2455399.524296
           NaN
           NaN
           NaN
           NaN
           NaN
           NaN
           NaN
           NaN
           NaN
           NaN
           NaN
           NaN
           NaN
           NaN
           NaN
           NaN
           NaN
           NaN
           NaN
           NaN
           NaN
           NaN
           NaN
           NaN
           NaN
           NaN
           NaN
           NaN
           NaN
           NaN
           NaN
           NaN
           NaN
           NaN
           NaN
           NaN
           NaN
           NaN
           NaN
           NaN
           NaN
2455400.382516
2455400.402950
2455400.423384
2455400.443818
2455400.464252
2455400.484685
2455400.505119
2455400.525553
2455400.545987
2455400.566421
2455400.586854
2455400.607288
2455400.627722
2455400.648156
2455400.668590
2455400.689023
2455400.709457
2455400.729891
2455400.750325
2455400.770759
2455400.791193
2455400.811626
2455400.832060
2455400.852494
2455400.872928
2455400.893362
2455400.913795
2455400.934229
2455400.954663
2455400.975097
2455400.995531
2455401.015964
2455401.036398
2455401.056832
2455401.077266
2455401.097700
2455401.118133
2455401.138567
2455401.159001
2455401.179435
2455401.199869
2455401.220302
2455401.240736
2455401.261170
2455401.281604
2455401.302038
2455401.322471
2455401.342905
2455401.363339
2455401.383773
2455401.404207
2455401.424640
2455401.445074
2455401.465508
2455401.485942
2455401.506376
2455401.526809
2455401.547243
2455401.567677
2455401.588111
2455401.608545
2455401.628978
2455401.649412
2455401.669846
2455401.690280
2455401.710714
2455401.731147
2455401.751581
2455401.772015
2455401.792449
2455401.812883
2455401.833316
2455401.853750
2455401.874184
2455401.894618
2455401.915051
2455401.935485
2455401.955919
2455401.976353
2455401.996787
2455402.017221
2455402.037654
2455402.058088
2455402.078522
2455402.098956
2455402.119390
2455402.139823
2455402.160257
2455402.180691
2455402.201125
2455402.221559
2455402.241992
2455402.262426
2455402.282860
2455402.303294
2455402.323727
2455402.344161
2455402.364595
2455402.385029
2455402.405463
2455402.425896
2455402.446330
2455402.466764
2455402.487198
2455402.507632
2455402.528065
2455402.548499
2455402.568933
2455402.589367
2455402.609800
2455402.630234
2455402.650668
2455402.671102
2455402.691536
2455402.711969
2455402.732403
2455402.752837
2455402.773271
2455402.793705
2455402.814138
2455402.834572
2455402.855006
2455402.875440
2455402.895874
2455402.916307
2455402.936741
2455402.957175
2455402.977609
2455402.998043
2455403.018476
2455403.038910
2455403.059344
2455403.079778
2455403.100211
2455403.120645
2455403.141079
2455403.161513
2455403.181946
2455403.202380
2455403.222814
2455403.243248
2455403.263682
2455403.284115
2455403.304549
2455403.324983
2455403.345417
2455403.365851
2455403.386284
2455403.406718
2455403.427152
2455403.447586
2455403.468019
2455403.488453
2455403.508887
2455403.529321
2455403.549755
2455403.570188
2455403.590622
2455403.611056
2455403.631490
2455403.651923
2455403.672357
2455403.692791
2455403.713225
2455403.733659
2455403.754092
2455403.774526
2455403.794960
2455403.815394
2455403.835828
2455403.856261
2455403.876695
2455403.897129
2455403.917563
2455403.937996
2455403.958430
2455403.978864
2455403.999298
2455404.019732
2455404.040165
2455404.060599
2455404.081033
2455404.101467
2455404.121901
2455404.142334
2455404.162768
2455404.183202
2455404.203636
2455404.224069
2455404.244503
2455404.264937
2455404.285371
2455404.305804
2455404.326238
2455404.346672
2455404.367106
2455404.387540
2455404.407973
2455404.428407
2455404.448841
2455404.469275
2455404.489708
2455404.510142
2455404.530576
2455404.551010
2455404.571443
2455404.591877
2455404.612311
2455404.632745
2455404.653179
2455404.673612
2455404.694046
2455404.714480
2455404.734914
2455404.755347
2455404.775781
2455404.796215
2455404.816649
2455404.837083
2455404.857516
2455404.877950
2455404.898384
2455404.918818
2455404.939251
2455404.959685
2455404.980119
2455405.000553
2455405.020986
2455405.041420
2455405.061854
2455405.082288
2455405.102721
2455405.123155
2455405.143589
2455405.164023
2455405.184457
2455405.204890
2455405.225324
2455405.245758
2455405.266192
2455405.286625
2455405.307059
2455405.327493
2455405.347927
2455405.368360
2455405.388794
2455405.409228
2455405.429662
2455405.450095
2455405.470529
2455405.490963
2455405.511397
2455405.531831
2455405.552264
2455405.572698
2455405.593132
2455405.613566
2455405.633999
2455405.654433
2455405.674867
2455405.695301
2455405.715734
2455405.736168
2455405.756602
2455405.777036
2455405.797469
2455405.817903
2455405.838337
2455405.858771
2455405.879205
2455405.899638
2455405.920072
2455405.940506
2455405.960939
2455405.981373
2455406.001807
2455406.022241
2455406.042675
2455406.063108
2455406.083542
2455406.103976
2455406.124410
2455406.144843
2455406.165277
2455406.185711
2455406.206145
2455406.226578
2455406.247012
2455406.267446
2455406.287880
2455406.308313
2455406.328747
2455406.349181
2455406.369615
2455406.390048
2455406.410482
2455406.430916
2455406.451350
2455406.471783
2455406.492217
2455406.512651
2455406.533085
2455406.553518
2455406.573952
2455406.594386
2455406.614820
2455406.635253
2455406.655687
2455406.676121
2455406.696555
2455406.716988
2455406.737422
2455406.757856
2455406.778290
2455406.798724
2455406.819157
2455406.839591
2455406.860025
2455406.880458
2455406.900892
2455406.921326
2455406.941760
2455406.962194
2455406.982627
2455407.003061
2455407.023495
2455407.043928
2455407.064362
2455407.084796
2455407.105230
2455407.125663
2455407.146097
2455407.166531
2455407.186965
2455407.207398
2455407.227832
2455407.248266
2455407.268700
2455407.289133
2455407.309567
2455407.330001
2455407.350435
2455407.370868
2455407.391302
2455407.411736
2455407.432170
2455407.452603
2455407.473037
2455407.493471
2455407.513905
2455407.534338
2455407.554772
2455407.575206
2455407.595640
2455407.616073
2455407.636507
2455407.656941
2455407.677375
2455407.697808
2455407.718242
2455407.738676
2455407.759110
2455407.779543
2455407.799977
2455407.820411
2455407.840845
2455407.861278
2455407.881712
2455407.902146
2455407.922579
2455407.943013
2455407.963447
2455407.983881
2455408.004314
2455408.024748
2455408.045182
2455408.065616
2455408.086049
2455408.106483
2455408.126917
2455408.147351
2455408.167784
2455408.188218
2455408.208652
2455408.229085
2455408.249519
2455408.269953
2455408.290387
2455408.310821
2455408.331254
2455408.351688
2455408.372122
2455408.392555
2455408.412989
2455408.433423
2455408.453857
2455408.474290
2455408.494724
2455408.515158
2455408.535592
2455408.556025
2455408.576459
2455408.596893
2455408.617326
2455408.637760
2455408.658194
2455408.678628
2455408.699061
2455408.719495
2455408.739929
2455408.760363
2455408.780796
2455408.801230
2455408.821664
2455408.842098
2455408.862531
2455408.882965
2455408.903399
2455408.923832
2455408.944266
2455408.964700
2455408.985134
2455409.005567
2455409.026001
2455409.046435
2455409.066869
2455409.087302
2455409.107736
2455409.128170
2455409.148603
2455409.169037
2455409.189471
2455409.209905
2455409.230338
2455409.250772
2455409.271206
2455409.291640
2455409.312073
2455409.332507
2455409.352941
2455409.373374
2455409.393808
2455409.414242
2455409.434676
2455409.455109
2455409.475543
2455409.495977
2455409.516411
2455409.536844
2455409.557278
2455409.577712
2455409.598145
2455409.618579
2455409.639013
2455409.659447
2455409.679880
2455409.700314
2455409.720748
2455409.741182
2455409.761615
2455409.782049
2455409.802483
2455409.822917
2455409.843350
2455409.863784
2455409.884218
2455409.904651
2455409.925085
2455409.945519
2455409.965953
2455409.986386
2455410.006820
2455410.027254
2455410.047687
2455410.068121
2455410.088555
2455410.108989
2455410.129422
2455410.149856
2455410.170290
2455410.190723
2455410.211157
2455410.231591
2455410.252025
2455410.272458
2455410.292892
2455410.313326
2455410.333760
2455410.354193
2455410.374627
2455410.395061
2455410.415494
2455410.435928
2455410.456362
2455410.476795
2455410.497229
2455410.517663
2455410.538097
2455410.558530
2455410.578964
2455410.599398
2455410.619831
2455410.640265
2455410.660699
2455410.681133
2455410.701566
2455410.722000
2455410.742434
2455410.762867
2455410.783301
2455410.803735
2455410.824169
2455410.844602
2455410.865036
2455410.885470
2455410.905904
2455410.926337
2455410.946771
2455410.967205
2455410.987638
2455411.008072
2455411.028506
2455411.048939
2455411.069373
2455411.089807
2455411.110241
2455411.130674
2455411.151108
2455411.171542
2455411.191976
2455411.212409
2455411.232843
2455411.253277
2455411.273710
2455411.294144
2455411.314578
2455411.335011
2455411.355445
2455411.375879
2455411.396312
2455411.416746
2455411.437180
2455411.457614
2455411.478047
2455411.498481
2455411.518915
2455411.539348
2455411.559782
2455411.580216
2455411.600650
2455411.621083
2455411.641517
2455411.661951
2455411.682384
2455411.702818
2455411.723252
2455411.743685
2455411.764119
2455411.784553
2455411.804987
2455411.825420
2455411.845854
2455411.866288
2455411.886721
2455411.907155
2455411.927589
2455411.948023
2455411.968456
2455411.988890
2455412.009324
2455412.029757
2455412.050191
2455412.070625
2455412.091058
2455412.111492
2455412.131926
2455412.152359
2455412.172793
2455412.193227
2455412.213661
2455412.234094
2455412.254528
2455412.274962
2455412.295395
2455412.315829
2455412.336263
2455412.356696
2455412.377130
2455412.397564
2455412.417998
2455412.438431
2455412.458865
2455412.479299
2455412.499732
2455412.520166
2455412.540600
2455412.561033
2455412.581467
2455412.601901
2455412.622335
2455412.642768
2455412.663202
2455412.683636
2455412.704069
2455412.724503
2455412.744937
2455412.765370
2455412.785804
2455412.806238
2455412.826672
2455412.847105
2455412.867539
2455412.887973
2455412.908406
2455412.928840
2455412.949274
2455412.969707
2455412.990141
2455413.010575
2455413.031008
2455413.051442
2455413.071876
2455413.092309
2455413.112743
2455413.133177
2455413.153611
2455413.174044
2455413.194478
2455413.214912
2455413.235345
2455413.255779
2455413.276213
2455413.296646
2455413.317080
2455413.337514
2455413.357947
2455413.378381
2455413.398815
2455413.419249
2455413.439682
2455413.460116
2455413.480550
2455413.500983
2455413.521417
2455413.541851
2455413.562284
2455413.582718
2455413.603152
2455413.623585
2455413.644019
2455413.664453
2455413.684887
2455413.705320
2455413.725754
2455413.746188
2455413.766621
2455413.787055
2455413.807489
2455413.827922
2455413.848356
2455413.868790
2455413.889223
2455413.909657
2455413.930091
2455413.950524
2455413.970958
2455413.991392
2455414.011825
2455414.032259
2455414.052693
2455414.073126
2455414.093560
2455414.113994
2455414.134427
2455414.154861
2455414.175295
2455414.195728
2455414.216162
2455414.236596
2455414.257029
2455414.277463
2455414.297897
2455414.318331
2455414.338764
2455414.359198
2455414.379632
2455414.400065
2455414.420499
2455414.440933
2455414.461366
2455414.481800
2455414.502234
2455414.522667
2455414.543101
2455414.563535
2455414.583968
2455414.604402
2455414.624836
2455414.645269
2455414.665703
2455414.686137
2455414.706570
2455414.727004
2455414.747438
2455414.767871
2455414.788305
2455414.808739
2455414.829172
2455414.849606
2455414.870040
2455414.890473
2455414.910907
2455414.931341
2455414.951774
2455414.972208
2455414.992642
2455415.013075
2455415.033509
2455415.053943
2455415.074377
2455415.094810
2455415.115244
2455415.135678
2455415.156111
2455415.176545
2455415.196979
2455415.217412
2455415.237846
2455415.258280
2455415.278713
2455415.299147
2455415.319581
2455415.340014
2455415.360448
2455415.380882
2455415.401315
2455415.421749
2455415.442183
2455415.462616
2455415.483050
2455415.503484
2455415.523917
2455415.544351
2455415.564785
2455415.585218
2455415.605652
2455415.626086
2455415.646519
2455415.666953
2455415.687387
2455415.707820
2455415.728254
2455415.748688
2455415.769121
2455415.789555
2455415.809989
2455415.830422
2455415.850856
2455415.871290
2455415.891723
2455415.912157
2455415.932591
2455415.953024
2455415.973458
2455415.993892
2455416.014325
2455416.034759
2455416.055193
2455416.075626
2455416.096060
2455416.116493
2455416.136927
2455416.157361
2455416.177795
2455416.198228
2455416.218662
2455416.239096
2455416.259529
2455416.279963
2455416.300396
2455416.320830
2455416.341264
2455416.361697
2455416.382131
2455416.402565
2455416.422998
2455416.443432
2455416.463866
2455416.484299
2455416.504733
2455416.525167
2455416.545600
2455416.566034
2455416.586468
2455416.606901
2455416.627335
2455416.647769
2455416.668202
2455416.688636
2455416.709070
2455416.729503
2455416.749937
2455416.770371
2455416.790804
2455416.811238
2455416.831672
2455416.852105
2455416.872539
2455416.892973
2455416.913406
2455416.933840
2455416.954273
2455416.974707
2455416.995141
2455417.015574
2455417.036008
2455417.056442
2455417.076875
2455417.097309
2455417.117743
2455417.138176
2455417.158610
2455417.179044
2455417.199477
2455417.219911
2455417.240345
2455417.260778
2455417.281212
2455417.301645
2455417.322079
2455417.342513
2455417.362947
2455417.383380
2455417.403814
2455417.424247
2455417.444681
2455417.465115
2455417.485548
2455417.505982
2455417.526416
2455417.546849
2455417.567283
2455417.587717
2455417.608150
2455417.628584
2455417.649018
2455417.669451
2455417.689885
2455417.710318
2455417.730752
2455417.751186
2455417.771619
2455417.792053
2455417.812487
2455417.832920
2455417.853354
2455417.873788
2455417.894221
2455417.914655
2455417.935089
2455417.955522
2455417.975956
2455417.996390
2455418.016823
2455418.037257
2455418.057690
2455418.078124
2455418.098558
2455418.118991
2455418.139425
2455418.159859
2455418.180292
2455418.200726
2455418.221160
2455418.241593
2455418.262027
2455418.282461
2455418.302894
2455418.323328
2455418.343761
2455418.364195
2455418.384629
2455418.405062
2455418.425496
2455418.445930
2455418.466363
2455418.486797
2455418.507231
2455418.527664
2455418.548098
2455418.568531
2455418.588965
2455418.609399
2455418.629832
2455418.650266
2455418.670700
2455418.691133
2455418.711567
2455418.732001
2455418.752434
2455418.772868
2455418.793302
2455418.813735
2455418.834169
2455418.854602
2455418.875036
2455418.895470
2455418.915903
2455418.936337
2455418.956771
2455418.977204
2455418.997638
2455419.018071
2455419.038505
2455419.058939
2455419.079372
2455419.099806
2455419.120239
2455419.140673
2455419.161107
2455419.181540
2455419.201974
2455419.222408
2455419.242841
2455419.263275
2455419.283709
2455419.304142
2455419.324576
2455419.345009
2455419.365443
2455419.385877
2455419.406310
2455419.426744
2455419.447178
2455419.467611
2455419.488045
2455419.508478
2455419.528912
2455419.549346
2455419.569779
2455419.590213
2455419.610647
2455419.631080
2455419.651514
2455419.671947
2455419.692381
2455419.712815
2455419.733248
2455419.753682
2455419.774116
2455419.794549
2455419.814983
2455419.835417
2455419.855850
2455419.876284
2455419.896717
2455419.917151
2455419.937585
2455419.958018
2455419.978452
2455419.998886
2455420.019319
2455420.039753
2455420.060186
2455420.080620
2455420.101054
2455420.121487
2455420.141921
2455420.162354
2455420.182788
2455420.203222
2455420.223655
2455420.244089
2455420.264523
2455420.284956
2455420.305390
2455420.325824
2455420.346257
2455420.366691
2455420.387124
2455420.407558
2455420.427992
2455420.448425
2455420.468859
2455420.489292
2455420.509726
2455420.530160
2455420.550593
2455420.571027
2455420.591461
2455420.611894
2455420.632328
2455420.652761
2455420.673195
2455420.693629
2455420.714062
2455420.734496
2455420.754930
2455420.775363
2455420.795797
2455420.816230
2455420.836664
2455420.857097
2455420.877531
2455420.897965
2455420.918398
2455420.938832
2455420.959266
2455420.979699
2455421.000133
2455421.020566
2455421.041000
2455421.061434
2455421.081867
2455421.102301
2455421.122734
2455421.143168
2455421.163602
2455421.184035
2455421.204469
2455421.224903
2455421.245336
2455421.265770
2455421.286203
2455421.306637
2455421.327071
2455421.347504
2455421.367938
2455421.388371
2455421.408805
2455421.429239
2455421.449672
2455421.470106
2455421.490539
2455421.510973
2455421.531407
2455421.551840
2455421.572274
2455421.592708
2455421.613141
2455421.633575
2455421.654008
2455421.674442
2455421.694876
2455421.715309
2455421.735743
2455421.756176
2455421.776610
2455421.797044
2455421.817477
2455421.837911
2455421.858344
2455421.878778
2455421.899212
2455421.919645
2455421.940079
2455421.960512
2455421.980946
2455422.001380
2455422.021813
2455422.042247
2455422.062680
2455422.083114
2455422.103548
2455422.123981
2455422.144415
2455422.164848
2455422.185282
2455422.205716
2455422.226149
2455422.246583
2455422.267017
2455422.287450
2455422.307884
2455422.328317
2455422.348751
2455422.369185
2455422.389618
2455422.410052
2455422.430485
2455422.450919
2455422.471352
2455422.491786
2455422.512220
2455422.532653
2455422.553087
2455422.573520
2455422.593954
2455422.614388
2455422.634821
2455422.655255
2455422.675688
2455422.696122
2455422.716556
2455422.736989
2455422.757423
2455422.777857
2455422.798290
2455422.818724
2455422.839157
2455422.859591
2455422.880024
2455422.900458
2455422.920892
2455422.941325
2455422.961759
2455422.982192
2455423.002626
2455423.023060
2455423.043493
2455423.063927
2455423.084360
2455423.104794
2455423.125228
2455423.145661
2455423.166095
2455423.186528
2455423.206962
2455423.227395
2455423.247829
2455423.268263
2455423.288696
2455423.309130
2455423.329563
2455423.349997
2455423.370431
2455423.390864
2455423.411298
2455423.431731
2455423.452165
2455423.472599
2455423.493032
2455423.513466
2455423.533899
2455423.554333
2455423.574766
2455423.595200
2455423.615634
2455423.636067
2455423.656501
2455423.676934
2455423.697368
2455423.717802
2455423.738235
2455423.758669
2455423.779102
2455423.799536
2455423.819970
2455423.840403
2455423.860837
2455423.881270
2455423.901704
2455423.922137
2455423.942571
2455423.963005
2455423.983438
2455424.003872
2455424.024305
2455424.044739
2455424.065173
2455424.085606
2455424.106040
2455424.126473
2455424.146907
2455424.167341
2455424.187774
2455424.208208
2455424.228641
2455424.249075
2455424.269508
2455424.289942
2455424.310376
2455424.330809
2455424.351243
2455424.371676
2455424.392110
2455424.412543
2455424.432977
2455424.453411
2455424.473844
2455424.494278
2455424.514711
2455424.535145
2455424.555578
2455424.576012
2455424.596446
2455424.616879
2455424.637313
2455424.657746
2455424.678180
2455424.698614
2455424.719047
2455424.739481
2455424.759914
2455424.780348
2455424.800781
2455424.821215
2455424.841649
2455424.862082
2455424.882516
2455424.902949
2455424.923383
2455424.943816
2455424.964250
2455424.984684
2455425.005117
2455425.025551
2455425.045984
2455425.066418
2455425.086852
2455425.107285
2455425.127719
2455425.148152
2455425.168586
2455425.189019
2455425.209453
2455425.229886
2455425.250320
2455425.270754
2455425.291187
2455425.311621
2455425.332054
2455425.352488
2455425.372921
2455425.393355
2455425.413789
2455425.434222
2455425.454656
2455425.475089
2455425.495523
2455425.515956
2455425.536390
2455425.556824
2455425.577257
2455425.597691
2455425.618124
2455425.638558
2455425.658991
2455425.679425
2455425.699859
2455425.720292
2455425.740726
2455425.761159
2455425.781593
2455425.802026
2455425.822460
2455425.842894
2455425.863327
2455425.883761
2455425.904194
2455425.924628
2455425.945061
2455425.965495
2455425.985928
2455426.006362
2455426.026796
2455426.047229
2455426.067663
2455426.088096
2455426.108530
2455426.128964
2455426.149397
2455426.169831
2455426.190264
2455426.210698
2455426.231131
2455426.251565
2455426.271998
2455426.292432
2455426.312866
2455426.333299
2455426.353733
2455426.374166
2455426.394600
2455426.415033
2455426.435467
2455426.455900
2455426.476334
2455426.496768
2455426.517201
2455426.537635
2455426.558068
2455426.578502
2455426.598935
2455426.619369
2455426.639802
2455426.660236
2455426.680670
2455426.701103
2455426.721537
2455426.741970
2455426.762404
2455426.782837
2455426.803271
2455426.823705
2455426.844138
2455426.864572
2455426.885005
2455426.905439
2455426.925872
2455426.946306
2455426.966739
2455426.987173
2455427.007606
2455427.028040
2455427.048473
2455427.068907
2455427.089341
2455427.109774
2455427.130208
2455427.150641
2455427.171075
2455427.191508
2455427.211942
2455427.232376
2455427.252809
2455427.273243
2455427.293676
2455427.314110
2455427.334543
2455427.354977
2455427.375410
2455427.395844
2455427.416277
2455427.436711
2455427.457145
2455427.477578
2455427.498012
2455427.518445
2455427.538879
2455427.559312
2455427.579746
2455427.600179
2455427.620613
2455427.641047
2455427.661480
2455427.681914
2455427.702347
2455427.722781
2455427.743214
2455427.763648
2455427.784081
2455427.804515
2455427.824948
2455427.845382
2455427.865816
2455427.886249
2455427.906683
2455427.927116
2455427.947550
2455427.967983
2455427.988417
2455428.008850
2455428.029284
2455428.049717
2455428.070151
2455428.090584
2455428.111018
2455428.131452
2455428.151885
2455428.172319
2455428.192752
2455428.213186
2455428.233619
2455428.254053
2455428.274486
2455428.294920
2455428.315353
2455428.335787
2455428.356221
2455428.376654
2455428.397088
2455428.417521
2455428.437955
2455428.458388
2455428.478822
2455428.499255
2455428.519689
2455428.540122
2455428.560556
2455428.580990
2455428.601423
2455428.621857
2455428.642290
2455428.662724
2455428.683157
2455428.703591
2455428.724024
2455428.744458
2455428.764891
2455428.785325
2455428.805758
2455428.826192
2455428.846625
2455428.867059
2455428.887493
2455428.907926
2455428.928360
2455428.948793
2455428.969227
2455428.989660
2455429.010094
2455429.030527
2455429.050961
2455429.071394
2455429.091828
2455429.112261
2455429.132695
2455429.153129
2455429.173562
2455429.193996
2455429.214429
2455429.234863
2455429.255296
2455429.275730
2455429.296163
2455429.316597
2455429.337030
2455429.357463
2455429.377897
2455429.398330
2455429.418764
2455429.439198
2455429.459631
2455429.480065
2455429.500498
2455429.520932
2455429.541365
2455429.561799
2455429.582232
2455429.602666
2455429.623099
2455429.643533
2455429.663966
2455429.684400
2455429.704833
2455429.725267
2455429.745701
2455429.766134
2455429.786568
2455429.807001
2455429.827435
2455429.847868
2455429.868302
2455429.888735
2455429.909169
2455429.929602
2455429.950036
2455429.970469
2455429.990903
2455430.011336
2455430.031770
2455430.052203
2455430.072637
2455430.093070
2455430.113504
2455430.133938
2455430.154371
2455430.174804
2455430.195238
2455430.215672
2455430.236105
2455430.256539
2455430.276972
2455430.297406
2455430.317839
2455430.338273
2455430.358706
2455430.379140
2455430.399573
2455430.420007
2455430.440440
2455430.460874
2455430.481307
2455430.501741
2455430.522174
2455430.542608
2455430.563041
2455430.583475
2455430.603908
2455430.624342
2455430.644776
2455430.665209
2455430.685642
2455430.706076
2455430.726510
2455430.746943
2455430.767377
2455430.787810
2455430.808244
2455430.828677
2455430.849111
2455430.869544
2455430.889978
2455430.910411
2455430.930845
2455430.951278
2455430.971712
2455430.992145
2455431.012579
2455431.033012
2455431.053446
2455431.073879
2455431.094313
2455431.114746
2455431.135180
2455431.155613
2455431.176047
2455431.196480
2455431.216914
2455431.237347
2455431.257781
2455431.278214
           NaN
           NaN
           NaN
           NaN
           NaN
           NaN
           NaN
           NaN
           NaN
           NaN
           NaN
           NaN
           NaN
           NaN
           NaN
           NaN
           NaN
           NaN
           NaN
           NaN
           NaN
           NaN
           NaN
           NaN
           NaN
           NaN
           NaN
           NaN
           NaN
           NaN
           NaN
           NaN
           NaN
           NaN
           NaN
           NaN
           NaN
           NaN
           NaN
           NaN
           NaN
           NaN
           NaN
           NaN
2455432.197701
2455432.218134
2455432.238568
2455432.259001
2455432.279435
2455432.299868
2455432.320302
2455432.340735
2455432.361169
2455432.381602
2455432.402036
2455432.422469
2455432.442903
2455432.463336
2455432.483770
2455432.504203
2455432.524637
2455432.545070
2455432.565504
2455432.585937
2455432.606371
2455432.626804
2455432.647238
2455432.667671
2455432.688105
2455432.708538
2455432.728972
2455432.749405
2455432.769839
2455432.790272
2455432.810706
2455432.831139
2455432.851573
2455432.872006
2455432.892440
2455432.912873
2455432.933307
2455432.953740
2455432.974174
2455432.994607
2455433.015041
2455433.035474
2455433.055908
2455433.076341
2455433.096775
2455433.117208
2455433.137642
2455433.158075
2455433.178508
2455433.198942
2455433.219375
2455433.239809
2455433.260243
2455433.280676
2455433.301110
2455433.321543
2455433.341976
2455433.362410
2455433.382843
2455433.403277
2455433.423710
2455433.444144
2455433.464577
2455433.485011
2455433.505444
2455433.525878
2455433.546311
2455433.566745
2455433.587178
2455433.607612
2455433.628045
2455433.648479
2455433.668912
2455433.689346
2455433.709779
2455433.730213
2455433.750646
2455433.771080
2455433.791513
2455433.811947
2455433.832380
2455433.852814
2455433.873247
2455433.893681
2455433.914114
2455433.934548
2455433.954981
2455433.975415
2455433.995848
2455434.016282
2455434.036715
2455434.057149
2455434.077582
2455434.098016
2455434.118449
2455434.138882
2455434.159316
2455434.179750
2455434.200183
2455434.220616
2455434.241050
2455434.261483
2455434.281917
2455434.302350
2455434.322784
2455434.343217
2455434.363651
2455434.384084
2455434.404518
2455434.424951
2455434.445385
2455434.465818
2455434.486252
2455434.506685
2455434.527119
2455434.547552
2455434.567985
2455434.588419
2455434.608853
2455434.629286
2455434.649719
2455434.670153
2455434.690587
2455434.711020
2455434.731453
2455434.751887
2455434.772320
2455434.792754
2455434.813187
2455434.833621
2455434.854054
2455434.874488
2455434.894921
2455434.915355
2455434.935788
2455434.956222
2455434.976655
2455434.997089
2455435.017522
2455435.037956
2455435.058389
2455435.078822
2455435.099256
2455435.119689
2455435.140123
2455435.160556
2455435.180990
2455435.201423
2455435.221857
2455435.242290
2455435.262724
2455435.283157
2455435.303591
2455435.324024
2455435.344458
2455435.364891
2455435.385325
2455435.405758
2455435.426191
2455435.446625
2455435.467059
2455435.487492
2455435.507925
2455435.528359
2455435.548792
2455435.569226
2455435.589659
2455435.610093
2455435.630526
2455435.650960
2455435.671393
2455435.691827
2455435.712260
2455435.732694
2455435.753127
2455435.773561
2455435.793994
2455435.814427
2455435.834861
2455435.855294
2455435.875728
2455435.896161
2455435.916595
2455435.937028
2455435.957462
2455435.977895
2455435.998329
2455436.018762
2455436.039196
2455436.059629
2455436.080063
2455436.100496
2455436.120929
2455436.141363
2455436.161796
2455436.182230
2455436.202663
2455436.223097
2455436.243530
2455436.263964
2455436.284397
2455436.304831
2455436.325264
2455436.345698
2455436.366131
2455436.386564
2455436.406998
2455436.427431
2455436.447865
2455436.468298
2455436.488732
2455436.509165
2455436.529599
2455436.550032
2455436.570466
2455436.590899
2455436.611333
2455436.631766
2455436.652199
2455436.672633
2455436.693066
2455436.713500
2455436.733933
2455436.754367
2455436.774800
2455436.795234
2455436.815667
2455436.836101
2455436.856534
2455436.876967
2455436.897401
2455436.917834
2455436.938268
2455436.958701
2455436.979135
2455436.999568
2455437.020002
2455437.040435
2455437.060868
2455437.081302
2455437.101735
2455437.122169
2455437.142602
2455437.163036
2455437.183469
2455437.203903
2455437.224336
2455437.244770
2455437.265203
2455437.285636
2455437.306070
2455437.326503
2455437.346937
2455437.367370
2455437.387804
2455437.408237
2455437.428671
2455437.449104
2455437.469538
2455437.489971
2455437.510405
2455437.530838
2455437.551271
2455437.571705
2455437.592138
2455437.612572
2455437.633005
2455437.653439
2455437.673872
2455437.694306
2455437.714739
2455437.735172
2455437.755606
2455437.776039
2455437.796473
2455437.816906
2455437.837340
2455437.857773
2455437.878207
2455437.898640
2455437.919073
2455437.939507
2455437.959940
2455437.980374
2455438.000807
2455438.021241
2455438.041674
2455438.062108
2455438.082541
2455438.102974
2455438.123408
2455438.143841
2455438.164275
2455438.184708
2455438.205142
2455438.225575
2455438.246009
2455438.266442
2455438.286875
2455438.307309
2455438.327742
2455438.348176
2455438.368609
2455438.389043
2455438.409476
2455438.429910
2455438.450343
2455438.470777
2455438.491210
2455438.511643
2455438.532077
2455438.552510
2455438.572944
2455438.593377
2455438.613811
2455438.634244
2455438.654677
2455438.675111
2455438.695544
2455438.715978
2455438.736411
2455438.756845
2455438.777278
2455438.797711
2455438.818145
2455438.838578
2455438.859012
2455438.879445
2455438.899879
2455438.920312
2455438.940746
2455438.961179
2455438.981612
2455439.002046
2455439.022479
2455439.042913
2455439.063346
2455439.083780
2455439.104213
2455439.124646
2455439.145080
2455439.165513
2455439.185947
2455439.206380
2455439.226814
2455439.247247
2455439.267680
2455439.288114
2455439.308547
2455439.328981
2455439.349414
2455439.369848
2455439.390281
2455439.410715
2455439.431148
2455439.451581
2455439.472015
2455439.492448
2455439.512882
2455439.533315
2455439.553749
2455439.574182
2455439.594615
2455439.615049
2455439.635482
2455439.655916
2455439.676349
2455439.696783
2455439.717216
2455439.737649
2455439.758083
2455439.778516
2455439.798950
2455439.819383
2455439.839816
2455439.860250
2455439.880683
2455439.901117
2455439.921550
2455439.941984
2455439.962417
2455439.982851
2455440.003284
2455440.023717
2455440.044151
2455440.064584
2455440.085018
2455440.105451
2455440.125885
2455440.146318
2455440.166751
2455440.187185
2455440.207618
2455440.228052
2455440.248485
2455440.268919
2455440.289352
2455440.309785
2455440.330219
2455440.350652
2455440.371086
2455440.391519
2455440.411952
2455440.432386
2455440.452819
2455440.473253
2455440.493686
2455440.514120
2455440.534553
2455440.554986
2455440.575420
2455440.595853
2455440.616287
2455440.636720
2455440.657153
2455440.677587
2455440.698020
2455440.718454
2455440.738887
2455440.759321
2455440.779754
2455440.800188
2455440.820621
2455440.841054
2455440.861488
2455440.881921
2455440.902354
2455440.922788
2455440.943221
2455440.963655
2455440.984088
2455441.004522
2455441.024955
2455441.045388
2455441.065822
2455441.086255
2455441.106689
2455441.127122
2455441.147556
2455441.167989
2455441.188422
2455441.208856
2455441.229289
2455441.249722
2455441.270156
2455441.290589
2455441.311023
2455441.331456
2455441.351890
2455441.372323
2455441.392756
2455441.413190
2455441.433623
2455441.454057
2455441.474490
2455441.494924
2455441.515357
2455441.535790
2455441.556224
2455441.576657
2455441.597091
2455441.617524
2455441.637957
2455441.658391
2455441.678824
2455441.699258
2455441.719691
2455441.740124
2455441.760558
2455441.780991
2455441.801425
2455441.821858
2455441.842292
2455441.862725
2455441.883158
2455441.903592
2455441.924025
2455441.944459
2455441.964892
2455441.985325
2455442.005759
2455442.026192
2455442.046626
2455442.067059
2455442.087492
2455442.107926
2455442.128359
2455442.148793
2455442.169226
2455442.189659
2455442.210093
2455442.230526
2455442.250960
2455442.271393
2455442.291826
2455442.312260
2455442.332693
2455442.353127
2455442.373560
2455442.393993
2455442.414427
2455442.434860
2455442.455294
2455442.475727
2455442.496160
2455442.516594
2455442.537027
2455442.557461
2455442.577894
2455442.598328
2455442.618761
2455442.639194
2455442.659628
2455442.680061
2455442.700494
2455442.720928
2455442.741361
2455442.761795
2455442.782228
2455442.802661
2455442.823095
2455442.843528
2455442.863962
2455442.884395
2455442.904829
2455442.925262
2455442.945695
2455442.966129
2455442.986562
2455443.006995
2455443.027429
2455443.047862
2455443.068296
2455443.088729
2455443.109162
2455443.129596
2455443.150029
2455443.170463
2455443.190896
2455443.211329
2455443.231763
2455443.252196
2455443.272630
2455443.293063
2455443.313496
2455443.333930
2455443.354363
2455443.374797
2455443.395230
2455443.415663
2455443.436097
2455443.456530
2455443.476964
2455443.497397
2455443.517830
2455443.538264
2455443.558697
2455443.579130
2455443.599564
2455443.619997
2455443.640431
2455443.660864
2455443.681297
2455443.701731
2455443.722164
2455443.742598
2455443.763031
2455443.783464
2455443.803898
2455443.824331
2455443.844765
2455443.865198
2455443.885631
2455443.906065
2455443.926498
2455443.946932
2455443.967365
2455443.987798
2455444.008232
2455444.028665
2455444.049098
2455444.069532
2455444.089965
2455444.110399
2455444.130832
2455444.151265
2455444.171699
2455444.192132
2455444.212566
2455444.232999
2455444.253432
2455444.273866
2455444.294299
2455444.314732
2455444.335166
2455444.355599
2455444.376033
2455444.396466
2455444.416899
2455444.437333
2455444.457766
2455444.478200
2455444.498633
2455444.519066
2455444.539500
2455444.559933
2455444.580367
2455444.600800
2455444.621233
2455444.641667
2455444.662100
2455444.682533
2455444.702967
2455444.723400
2455444.743833
2455444.764267
2455444.784700
2455444.805134
2455444.825567
2455444.846000
2455444.866434
2455444.886867
2455444.907301
2455444.927734
2455444.948167
2455444.968601
2455444.989034
2455445.009467
2455445.029901
2455445.050334
2455445.070768
2455445.091201
2455445.111634
2455445.132068
2455445.152501
2455445.172934
2455445.193368
2455445.213801
2455445.234235
2455445.254668
2455445.275101
2455445.295535
2455445.315968
2455445.336401
2455445.356835
2455445.377268
2455445.397702
2455445.418135
2455445.438568
2455445.459002
2455445.479435
2455445.499868
2455445.520302
2455445.540735
2455445.561168
2455445.581602
2455445.602035
2455445.622469
2455445.642902
2455445.663335
2455445.683769
2455445.704202
2455445.724636
2455445.745069
2455445.765502
2455445.785936
2455445.806369
2455445.826802
2455445.847236
2455445.867669
2455445.888102
2455445.908536
2455445.928969
2455445.949403
2455445.969836
2455445.990269
2455446.010703
2455446.031136
2455446.051569
2455446.072003
2455446.092436
2455446.112870
2455446.133303
2455446.153736
2455446.174170
2455446.194603
2455446.215036
2455446.235470
2455446.255903
2455446.276337
2455446.296770
2455446.317203
2455446.337637
2455446.358070
2455446.378503
2455446.398937
2455446.419370
2455446.439803
2455446.460237
2455446.480670
2455446.501103
2455446.521537
2455446.541970
2455446.562404
2455446.582837
2455446.603270
2455446.623704
2455446.644137
2455446.664570
2455446.685004
2455446.705437
2455446.725870
2455446.746304
2455446.766737
2455446.787170
2455446.807604
2455446.828037
2455446.848471
2455446.868904
2455446.889337
2455446.909771
2455446.930204
2455446.950637
2455446.971071
2455446.991504
2455447.011938
2455447.032371
2455447.052804
2455447.073238
2455447.093671
2455447.114104
2455447.134538
2455447.154971
2455447.175404
2455447.195838
2455447.216271
2455447.236704
2455447.257138
2455447.277571
2455447.298004
2455447.318438
2455447.338871
2455447.359305
2455447.379738
2455447.400171
2455447.420605
2455447.441038
2455447.461471
2455447.481905
2455447.502338
2455447.522771
2455447.543205
2455447.563638
2455447.584072
2455447.604505
2455447.624938
2455447.645372
2455447.665805
2455447.686238
2455447.706672
2455447.727105
2455447.747538
2455447.767972
2455447.788405
2455447.808838
2455447.829272
2455447.849705
2455447.870138
2455447.890572
2455447.911005
2455447.931438
2455447.951872
2455447.972305
2455447.992738
2455448.013172
2455448.033605
2455448.054039
2455448.074472
2455448.094905
2455448.115339
2455448.135772
2455448.156205
2455448.176639
2455448.197072
2455448.217505
2455448.237939
2455448.258372
2455448.278805
2455448.299239
2455448.319672
2455448.340105
2455448.360539
2455448.380972
2455448.401405
2455448.421839
2455448.442272
2455448.462706
2455448.483139
2455448.503572
2455448.524006
2455448.544439
2455448.564872
2455448.585306
2455448.605739
2455448.626172
2455448.646606
2455448.667039
2455448.687472
2455448.707906
2455448.728339
2455448.748772
2455448.769206
2455448.789639
2455448.810072
2455448.830506
2455448.850939
2455448.871372
2455448.891806
2455448.912239
2455448.932672
2455448.953106
2455448.973539
2455448.993972
2455449.014406
2455449.034839
2455449.055272
2455449.075706
2455449.096139
2455449.116572
2455449.137006
2455449.157439
2455449.177872
2455449.198306
2455449.218739
2455449.239172
2455449.259606
2455449.280039
2455449.300472
2455449.320906
2455449.341339
2455449.361773
2455449.382206
2455449.402639
2455449.423073
2455449.443506
2455449.463939
2455449.484373
2455449.504806
2455449.525239
2455449.545673
2455449.566106
2455449.586539
2455449.606973
2455449.627406
2455449.647839
2455449.668273
2455449.688706
2455449.709139
2455449.729573
2455449.750006
2455449.770439
2455449.790873
2455449.811306
2455449.831739
2455449.852173
2455449.872606
2455449.893039
2455449.913473
2455449.933906
2455449.954339
2455449.974773
2455449.995206
2455450.015639
2455450.036073
2455450.056506
2455450.076939
2455450.097373
2455450.117806
2455450.138239
2455450.158673
2455450.179106
2455450.199539
2455450.219973
2455450.240406
2455450.260839
2455450.281273
2455450.301706
2455450.322139
2455450.342572
2455450.363006
2455450.383439
2455450.403872
2455450.424306
2455450.444739
2455450.465172
2455450.485606
2455450.506039
2455450.526473
2455450.546906
2455450.567339
2455450.587772
2455450.608206
2455450.628639
2455450.649072
2455450.669506
2455450.689939
2455450.710372
2455450.730806
2455450.751239
2455450.771672
2455450.792106
2455450.812539
2455450.832972
2455450.853406
2455450.873839
2455450.894272
2455450.914706
2455450.935139
2455450.955572
2455450.976006
2455450.996439
2455451.016872
2455451.037306
2455451.057739
2455451.078172
2455451.098605
2455451.119039
2455451.139472
2455451.159905
2455451.180339
2455451.200772
2455451.221205
2455451.241639
2455451.262072
2455451.282505
2455451.302939
2455451.323372
2455451.343805
2455451.364239
2455451.384672
2455451.405105
2455451.425539
2455451.445972
2455451.466405
2455451.486839
2455451.507272
2455451.527705
2455451.548139
2455451.568572
2455451.589005
2455451.609438
2455451.629872
2455451.650305
2455451.670738
2455451.691172
2455451.711605
2455451.732038
2455451.752472
2455451.772905
2455451.793338
2455451.813772
2455451.834205
2455451.854638
2455451.875072
2455451.895505
2455451.915938
2455451.936372
2455451.956805
2455451.977238
2455451.997671
2455452.018105
2455452.038538
2455452.058971
2455452.079405
2455452.099838
2455452.120271
2455452.140705
2455452.161138
2455452.181571
2455452.202005
2455452.222438
2455452.242871
2455452.263305
2455452.283738
2455452.304171
2455452.324604
2455452.345038
2455452.365471
2455452.385904
2455452.406338
2455452.426771
2455452.447204
2455452.467638
2455452.488071
2455452.508504
2455452.528938
2455452.549371
2455452.569804
2455452.590237
2455452.610671
2455452.631104
2455452.651537
2455452.671971
2455452.692404
2455452.712837
2455452.733271
2455452.753704
2455452.774137
2455452.794571
2455452.815004
2455452.835437
2455452.855870
2455452.876304
2455452.896737
2455452.917170
2455452.937604
2455452.958037
2455452.978470
2455452.998904
2455453.019337
2455453.039770
2455453.060204
2455453.080637
2455453.101070
2455453.121503
2455453.141937
2455453.162370
2455453.182803
2455453.203237
2455453.223670
2455453.244103
2455453.264537
2455453.284970
2455453.305403
2455453.325836
2455453.346270
2455453.366703
2455453.387136
2455453.407570
2455453.428003
2455453.448436
2455453.468870
2455453.489303
2455453.509736
2455453.530169
2455453.550603
2455453.571036
2455453.591469
2455453.611903
2455453.632336
2455453.652769
2455453.673202
2455453.693636
2455453.714069
2455453.734502
2455453.754936
2455453.775369
2455453.795802
2455453.816236
2455453.836669
2455453.857102
2455453.877536
2455453.897969
2455453.918402
2455453.938835
2455453.959269
2455453.979702
2455454.000135
2455454.020569
2455454.041002
2455454.061435
2455454.081868
2455454.102302
2455454.122735
2455454.143168
2455454.163602
2455454.184035
2455454.204468
2455454.224902
2455454.245335
2455454.265768
2455454.286201
2455454.306635
2455454.327068
2455454.347501
2455454.367934
2455454.388368
2455454.408801
2455454.429234
2455454.449668
2455454.470101
2455454.490534
2455454.510968
2455454.531401
2455454.551834
2455454.572268
2455454.592701
2455454.613134
2455454.633567
2455454.654001
2455454.674434
2455454.694867
2455454.715300
2455454.735734
2455454.756167
2455454.776600
2455454.797034
2455454.817467
2455454.837900
2455454.858334
2455454.878767
2455454.899200
2455454.919633
2455454.940067
2455454.960500
2455454.980933
2455455.001367
2455455.021800
2455455.042233
2455455.062666
2455455.083100
2455455.103533
2455455.123966
2455455.144400
2455455.164833
2455455.185266
2455455.205699
2455455.226133
2455455.246566
2455455.266999
2455455.287432
2455455.307866
2455455.328299
2455455.348732
2455455.369166
2455455.389599
2455455.410032
2455455.430466
2455455.450899
2455455.471332
2455455.491765
2455455.512199
2455455.532632
2455455.553065
2455455.573498
2455455.593932
2455455.614365
2455455.634798
2455455.655231
2455455.675665
2455455.696098
2455455.716531
2455455.736965
2455455.757398
2455455.777831
2455455.798265
2455455.818698
2455455.839131
2455455.859564
2455455.879998
2455455.900431
2455455.920864
2455455.941297
2455455.961731
2455455.982164
2455456.002597
2455456.023031
2455456.043464
2455456.063897
2455456.084330
2455456.104764
2455456.125197
2455456.145630
2455456.166063
2455456.186497
2455456.206930
2455456.227363
2455456.247797
2455456.268230
2455456.288663
2455456.309096
2455456.329530
2455456.349963
2455456.370396
2455456.390830
2455456.411263
2455456.431696
2455456.452129
2455456.472563
2455456.492996
2455456.513429
2455456.533862
2455456.554296
2455456.574729
2455456.595162
2455456.615596
2455456.636029
2455456.656462
2455456.676895
2455456.697329
2455456.717762
2455456.738195
2455456.758628
2455456.779062
2455456.799495
2455456.819928
2455456.840362
2455456.860795
2455456.881228
2455456.901661
2455456.922095
2455456.942528
2455456.962961
2455456.983394
2455457.003828
2455457.024261
2455457.044694
2455457.065128
2455457.085561
2455457.105994
2455457.126427
2455457.146861
2455457.167294
2455457.187727
2455457.208160
2455457.228594
2455457.249027
2455457.269460
2455457.289893
2455457.310327
2455457.330760
2455457.351193
2455457.371627
2455457.392060
2455457.412493
2455457.432926
2455457.453360
2455457.473793
2455457.494226
2455457.514659
2455457.535093
2455457.555526
2455457.575959
2455457.596392
2455457.616826
2455457.637259
2455457.657692
2455457.678125
2455457.698559
2455457.718992
2455457.739425
2455457.759859
2455457.780292
2455457.800725
2455457.821158
2455457.841592
2455457.862025
2455457.882458
2455457.902891
2455457.923325
2455457.943758
2455457.964191
2455457.984624
2455458.005058
2455458.025491
2455458.045924
2455458.066357
2455458.086791
2455458.107224
2455458.127657
2455458.148090
2455458.168524
2455458.188957
2455458.209390
2455458.229823
2455458.250257
2455458.270690
2455458.291123
2455458.311556
2455458.331990
2455458.352423
2455458.372856
2455458.393289
2455458.413723
2455458.434156
2455458.454589
2455458.475023
2455458.495456
2455458.515889
2455458.536322
2455458.556756
2455458.577189
2455458.597622
2455458.618055
2455458.638489
2455458.658922
2455458.679355
2455458.699788
2455458.720222
2455458.740655
2455458.761088
2455458.781521
2455458.801955
2455458.822388
2455458.842821
2455458.863254
2455458.883688
2455458.904121
2455458.924554
2455458.944987
2455458.965421
2455458.985854
2455459.006287
2455459.026720
2455459.047154
2455459.067587
2455459.088020
2455459.108453
2455459.128887
2455459.149320
2455459.169753
2455459.190186
2455459.210620
2455459.231053
2455459.251486
2455459.271919
2455459.292353
2455459.312786
2455459.333219
2455459.353652
2455459.374086
2455459.394519
2455459.414952
2455459.435385
2455459.455819
2455459.476252
2455459.496685
2455459.517118
2455459.537552
2455459.557985
2455459.578418
2455459.598851
2455459.619285
2455459.639718
2455459.660151
2455459.680584
2455459.701018
2455459.721451
2455459.741884
2455459.762317
2455459.782750
2455459.803184
2455459.823617
2455459.844050
2455459.864484
2455459.884917
2455459.905350
2455459.925783
2455459.946217
2455459.966650
2455459.987083
2455460.007516
2455460.027949
2455460.048383
2455460.068816
2455460.089249
2455460.109682
2455460.130116
2455460.150549
2455460.170982
2455460.191415
2455460.211849
2455460.232282
2455460.252715
2455460.273148
2455460.293582
2455460.314015
2455460.334448
2455460.354881
2455460.375315
2455460.395748
2455460.416181
2455460.436614
2455460.457048
2455460.477481
2455460.497914
2455460.518347
2455460.538780
2455460.559214
2455460.579647
2455460.600080
2455460.620513
2455460.640947
2455460.661380
2455460.681813
2455460.702246
2455460.722680
2455460.743113
2455460.763546
2455460.783979
2455460.804413
2455460.824846
2455460.845279
2455460.865712
2455460.886145
2455460.906579
2455460.927012
2455460.947445
2455460.967878
2455460.988312
2455461.008745
2455461.029178
2455461.049611
2455461.070045
2455461.090478
2455461.110911
2455461.131344
2455461.151778
2455461.172211
2455461.192644
2455461.213077
2455461.233510
2455461.253944
2455461.274377
2455461.294810
2455461.315243
2455461.335677
2455461.356110
2455461.376543
2455461.396976
2455461.417410
2455461.437843
2455461.458276
2455461.478709
2455461.499142
2455461.519576
2455461.540009
2455461.560442
2455461.580875
2455461.601309
2455461.621742
2455461.642175
2455461.662608
2455461.683042
2455461.703475
2455461.723908
2455461.744341
2455461.764774
2455461.785208
2455461.805641
2455461.826074
2455461.846507
2455461.866941
2455461.887374
2455461.907807
2455461.928240
2455461.948673
2455461.969107
2455461.989540
2455462.009973
2455462.030406
2455462.050840
2455462.071273
2455462.091706
2455462.112139
2455462.132573
2455462.153006
2455462.173439
2455462.193872
2455462.214305
2455462.234739
2455462.255172
2455462.275605
2455462.296038
