2455185.377343
2455185.397776
2455185.418209
2455185.438642
2455185.459075
2455185.479508
2455185.499941
2455185.520374
2455185.540807
2455185.561241
2455185.581674
2455185.602107
2455185.622540
2455185.642973
2455185.663406
2455185.683839
2455185.704273
2455185.724706
2455185.745139
2455185.765572
2455185.786005
2455185.806438
2455185.826871
2455185.847304
2455185.867737
2455185.888171
2455185.908604
2455185.929037
2455185.949470
2455185.969903
2455185.990336
2455186.010769
2455186.031203
2455186.051636
2455186.072069
2455186.092502
2455186.112935
2455186.133368
2455186.153801
2455186.174234
2455186.194668
2455186.215101
2455186.235534
2455186.255967
2455186.276400
2455186.296833
2455186.317266
2455186.337699
2455186.358133
2455186.378566
2455186.398999
2455186.419432
2455186.439865
2455186.460298
2455186.480731
2455186.501164
2455186.521598
2455186.542031
2455186.562464
2455186.582897
2455186.603330
2455186.623763
2455186.644196
2455186.664630
2455186.685063
2455186.705496
2455186.725929
2455186.746362
2455186.766795
2455186.787228
2455186.807661
2455186.828095
2455186.848528
2455186.868961
2455186.889394
2455186.909827
2455186.930260
2455186.950693
2455186.971127
2455186.991560
2455187.011993
2455187.032426
2455187.052859
2455187.073292
2455187.093725
2455187.114159
2455187.134592
2455187.155025
2455187.175458
2455187.195891
2455187.216324
2455187.236757
2455187.257190
2455187.277624
2455187.298057
2455187.318490
2455187.338923
2455187.359356
2455187.379789
2455187.400222
2455187.420656
2455187.441089
2455187.461522
2455187.481955
2455187.502388
2455187.522821
2455187.543254
2455187.563688
2455187.584121
2455187.604554
2455187.624987
2455187.645420
2455187.665853
2455187.686286
2455187.706719
2455187.727153
2455187.747586
2455187.768019
2455187.788452
2455187.808885
2455187.829318
2455187.849751
2455187.870185
2455187.890618
2455187.911051
2455187.931484
2455187.951917
2455187.972350
2455187.992783
2455188.013217
2455188.033650
2455188.054083
2455188.074516
2455188.094949
2455188.115382
2455188.135815
2455188.156249
2455188.176682
2455188.197115
2455188.217548
2455188.237981
2455188.258414
2455188.278847
2455188.299281
2455188.319714
2455188.340147
2455188.360580
2455188.381013
2455188.401446
2455188.421880
2455188.442313
2455188.462746
2455188.483179
2455188.503612
2455188.524045
2455188.544478
2455188.564912
2455188.585345
2455188.605778
2455188.626211
2455188.646644
2455188.667077
2455188.687510
2455188.707944
2455188.728377
2455188.748810
2455188.769243
2455188.789676
2455188.810109
2455188.830542
2455188.850976
2455188.871409
2455188.891842
2455188.912275
2455188.932708
2455188.953141
2455188.973575
2455188.994008
2455189.014441
2455189.034874
2455189.055307
2455189.075740
2455189.096173
2455189.116607
2455189.137040
2455189.157473
2455189.177906
2455189.198339
2455189.218772
2455189.239206
2455189.259639
2455189.280072
2455189.300505
2455189.320938
2455189.341371
2455189.361804
2455189.382238
2455189.402671
2455189.423104
2455189.443537
2455189.463970
2455189.484403
2455189.504837
2455189.525270
2455189.545703
2455189.566136
2455189.586569
2455189.607002
2455189.627435
2455189.647869
2455189.668302
2455189.688735
2455189.709168
2455189.729601
2455189.750034
2455189.770467
2455189.790901
2455189.811334
2455189.831767
2455189.852200
2455189.872633
2455189.893066
2455189.913500
2455189.933933
2455189.954366
2455189.974799
2455189.995232
2455190.015665
2455190.036099
2455190.056532
2455190.076965
2455190.097398
2455190.117831
2455190.138264
2455190.158698
2455190.179131
2455190.199564
2455190.219997
2455190.240430
2455190.260863
2455190.281297
2455190.301730
2455190.322163
2455190.342596
2455190.363029
2455190.383462
2455190.403895
2455190.424329
2455190.444762
2455190.465195
2455190.485628
2455190.506061
2455190.526494
2455190.546928
2455190.567361
2455190.587794
2455190.608227
2455190.628660
2455190.649093
2455190.669527
2455190.689960
2455190.710393
2455190.730826
2455190.751259
2455190.771692
2455190.792125
2455190.812559
2455190.832992
2455190.853425
2455190.873858
2455190.894291
2455190.914725
2455190.935158
2455190.955591
2455190.976024
2455190.996457
2455191.016890
2455191.037324
2455191.057757
2455191.078190
2455191.098623
2455191.119056
2455191.139489
2455191.159923
2455191.180356
2455191.200789
2455191.221222
2455191.241655
2455191.262088
2455191.282522
2455191.302955
2455191.323388
2455191.343821
2455191.364254
2455191.384687
2455191.405120
2455191.425554
2455191.445987
2455191.466420
2455191.486853
2455191.507286
2455191.527720
2455191.548153
2455191.568586
2455191.589019
2455191.609452
2455191.629885
2455191.650319
2455191.670752
2455191.691185
2455191.711618
2455191.732051
2455191.752485
2455191.772918
2455191.793351
2455191.813784
2455191.834217
2455191.854650
2455191.875083
2455191.895517
2455191.915950
2455191.936383
2455191.956816
2455191.977249
2455191.997683
2455192.018116
2455192.038549
2455192.058982
2455192.079415
2455192.099849
2455192.120282
2455192.140715
2455192.161148
2455192.181581
2455192.202014
2455192.222448
2455192.242881
2455192.263314
2455192.283747
2455192.304180
2455192.324613
2455192.345047
2455192.365480
2455192.385913
2455192.406346
2455192.426779
2455192.447212
2455192.467646
2455192.488079
2455192.508512
2455192.528945
2455192.549378
2455192.569812
2455192.590245
2455192.610678
2455192.631111
2455192.651544
2455192.671977
2455192.692411
2455192.712844
2455192.733277
2455192.753710
2455192.774143
2455192.794576
2455192.815010
2455192.835443
2455192.855876
2455192.876309
2455192.896742
2455192.917176
2455192.937609
2455192.958042
2455192.978475
2455192.998908
2455193.019342
2455193.039775
2455193.060208
2455193.080641
2455193.101074
2455193.121507
2455193.141941
2455193.162374
2455193.182807
2455193.203240
2455193.223673
2455193.244107
2455193.264540
2455193.284973
2455193.305406
2455193.325839
2455193.346272
2455193.366706
2455193.387139
2455193.407572
2455193.428005
2455193.448438
2455193.468872
2455193.489305
2455193.509738
2455193.530171
2455193.550604
2455193.571038
2455193.591471
2455193.611904
2455193.632337
2455193.652770
2455193.673203
2455193.693637
2455193.714070
2455193.734503
2455193.754936
2455193.775369
2455193.795803
2455193.816236
2455193.836669
2455193.857102
2455193.877535
2455193.897969
2455193.918402
2455193.938835
2455193.959268
2455193.979701
2455194.000135
2455194.020568
2455194.041001
2455194.061434
2455194.081867
2455194.102301
2455194.122734
2455194.143167
2455194.163600
2455194.184033
2455194.204466
2455194.224900
2455194.245333
2455194.265766
2455194.286199
2455194.306632
2455194.327066
2455194.347499
2455194.367932
2455194.388365
2455194.408798
2455194.429232
2455194.449665
2455194.470098
2455194.490531
2455194.510964
2455194.531398
2455194.551831
2455194.572264
2455194.592697
2455194.613130
2455194.633564
2455194.653997
2455194.674430
2455194.694863
2455194.715296
2455194.735730
2455194.756163
2455194.776596
2455194.797029
2455194.817462
2455194.837896
2455194.858329
2455194.878762
2455194.899195
2455194.919628
2455194.940062
2455194.960495
2455194.980928
2455195.001361
2455195.021794
2455195.042228
2455195.062661
2455195.083094
2455195.103527
2455195.123960
2455195.144394
2455195.164827
2455195.185260
2455195.205693
2455195.226126
2455195.246560
2455195.266993
2455195.287426
2455195.307859
2455195.328292
2455195.348726
2455195.369159
2455195.389592
2455195.410025
2455195.430459
2455195.450892
2455195.471325
2455195.491758
2455195.512191
2455195.532624
2455195.553058
2455195.573491
2455195.593924
2455195.614357
2455195.634791
2455195.655224
2455195.675657
2455195.696090
2455195.716523
2455195.736956
2455195.757390
2455195.777823
2455195.798256
2455195.818689
2455195.839123
2455195.859556
2455195.879989
2455195.900422
2455195.920855
2455195.941289
2455195.961722
2455195.982155
2455196.002588
2455196.023022
2455196.043455
2455196.063888
2455196.084321
2455196.104754
2455196.125187
2455196.145621
2455196.166054
2455196.186487
2455196.206920
2455196.227354
2455196.247787
2455196.268220
2455196.288653
2455196.309086
2455196.329520
2455196.349953
2455196.370386
2455196.390819
2455196.411252
2455196.431686
2455196.452119
2455196.472552
2455196.492985
2455196.513419
2455196.533852
2455196.554285
2455196.574718
2455196.595151
2455196.615585
2455196.636018
2455196.656451
2455196.676884
2455196.697318
2455196.717751
2455196.738184
2455196.758617
2455196.779050
2455196.799484
2455196.819917
2455196.840350
2455196.860783
2455196.881216
2455196.901650
2455196.922083
2455196.942516
2455196.962949
2455196.983383
2455197.003816
2455197.024249
2455197.044682
2455197.065115
2455197.085549
2455197.105982
2455197.126415
2455197.146848
2455197.167282
2455197.187715
2455197.208148
2455197.228581
2455197.249014
2455197.269448
2455197.289881
2455197.310314
2455197.330747
2455197.351180
2455197.371614
2455197.392047
2455197.412480
2455197.432913
2455197.453347
2455197.473780
2455197.494213
2455197.514646
2455197.535079
2455197.555513
2455197.575946
2455197.596379
2455197.616812
2455197.637246
2455197.657679
2455197.678112
2455197.698545
2455197.718979
2455197.739412
2455197.759845
2455197.780278
2455197.800711
2455197.821145
2455197.841578
2455197.862011
2455197.882444
2455197.902878
2455197.923311
2455197.943744
2455197.964177
2455197.984611
2455198.005044
2455198.025477
2455198.045910
2455198.066343
2455198.086777
2455198.107210
2455198.127643
2455198.148076
2455198.168510
2455198.188943
2455198.209376
2455198.229809
2455198.250243
2455198.270676
2455198.291109
2455198.311542
2455198.331975
2455198.352409
2455198.372842
2455198.393275
2455198.413708
2455198.434142
2455198.454575
2455198.475008
2455198.495441
2455198.515874
2455198.536308
2455198.556741
2455198.577174
2455198.597607
2455198.618041
2455198.638474
2455198.658907
2455198.679340
2455198.699774
2455198.720207
2455198.740640
2455198.761073
2455198.781507
2455198.801940
2455198.822373
2455198.842806
2455198.863239
2455198.883673
2455198.904106
2455198.924539
2455198.944972
2455198.965406
2455198.985839
2455199.006272
2455199.026705
2455199.047139
2455199.067572
2455199.088005
2455199.108438
2455199.128872
2455199.149305
2455199.169738
2455199.190171
2455199.210604
2455199.231038
2455199.251471
2455199.271904
2455199.292337
2455199.312771
2455199.333204
2455199.353637
2455199.374070
2455199.394504
2455199.414937
2455199.435370
2455199.455803
2455199.476237
2455199.496670
2455199.517103
2455199.537536
2455199.557970
2455199.578403
2455199.598836
2455199.619269
2455199.639703
2455199.660136
2455199.680569
2455199.701002
2455199.721436
2455199.741869
2455199.762302
2455199.782735
2455199.803168
2455199.823602
2455199.844035
2455199.864468
2455199.884901
2455199.905335
2455199.925768
2455199.946201
2455199.966634
2455199.987068
2455200.007501
2455200.027934
2455200.048367
2455200.068801
2455200.089234
2455200.109667
2455200.130100
2455200.150534
2455200.170967
2455200.191400
2455200.211833
2455200.232267
2455200.252700
2455200.273133
2455200.293566
2455200.314000
2455200.334433
2455200.354866
2455200.375299
2455200.395733
2455200.416166
2455200.436599
2455200.457032
2455200.477466
2455200.497899
2455200.518332
2455200.538765
2455200.559199
2455200.579632
2455200.600065
2455200.620499
2455200.640932
2455200.661365
2455200.681798
2455200.702232
2455200.722665
2455200.743098
2455200.763531
2455200.783965
2455200.804398
2455200.824831
2455200.845264
2455200.865697
2455200.886131
2455200.906564
2455200.926997
2455200.947431
2455200.967864
2455200.988297
2455201.008730
2455201.029164
2455201.049597
2455201.070030
2455201.090463
2455201.110897
2455201.131330
2455201.151763
2455201.172196
2455201.192630
2455201.213063
2455201.233496
2455201.253929
2455201.274363
2455201.294796
2455201.315229
2455201.335662
2455201.356096
2455201.376529
2455201.396962
2455201.417395
2455201.437829
2455201.458262
2455201.478695
2455201.499129
2455201.519562
2455201.539995
2455201.560428
2455201.580862
2455201.601295
2455201.621728
2455201.642161
2455201.662595
2455201.683028
2455201.703461
2455201.723894
2455201.744328
2455201.764761
2455201.785194
2455201.805627
2455201.826061
2455201.846494
2455201.866927
2455201.887360
2455201.907794
2455201.928227
2455201.948660
2455201.969094
2455201.989527
2455202.009960
2455202.030393
2455202.050827
2455202.071260
2455202.091693
2455202.112126
2455202.132560
2455202.152993
2455202.173426
2455202.193859
2455202.214293
2455202.234726
2455202.255159
2455202.275593
2455202.296026
2455202.316459
2455202.336892
2455202.357326
2455202.377759
2455202.398192
2455202.418625
2455202.439059
2455202.459492
2455202.479925
2455202.500359
2455202.520792
2455202.541225
2455202.561658
2455202.582092
2455202.602525
2455202.622958
2455202.643391
2455202.663825
2455202.684258
2455202.704691
2455202.725125
2455202.745558
2455202.765991
2455202.786424
2455202.806858
2455202.827291
2455202.847724
2455202.868157
2455202.888591
2455202.909024
2455202.929457
2455202.949890
2455202.970324
2455202.990757
2455203.011190
2455203.031624
2455203.052057
2455203.072490
2455203.092924
2455203.113357
2455203.133790
2455203.154223
2455203.174657
2455203.195090
2455203.215523
2455203.235956
2455203.256390
2455203.276823
2455203.297256
2455203.317689
2455203.338123
2455203.358556
2455203.378989
2455203.399423
2455203.419856
2455203.440289
2455203.460722
2455203.481156
2455203.501589
2455203.522022
2455203.542455
2455203.562889
2455203.583322
2455203.603755
2455203.624189
2455203.644622
2455203.665055
2455203.685488
2455203.705922
2455203.726355
2455203.746788
2455203.767222
2455203.787655
2455203.808088
2455203.828522
2455203.848955
2455203.869388
2455203.889821
2455203.910255
2455203.930688
2455203.951121
2455203.971555
2455203.991988
2455204.012421
2455204.032854
2455204.053288
2455204.073721
2455204.094154
2455204.114588
2455204.135021
2455204.155454
2455204.175887
2455204.196321
2455204.216754
2455204.237187
2455204.257620
2455204.278054
2455204.298487
2455204.318920
2455204.339354
2455204.359787
2455204.380220
2455204.400654
2455204.421087
2455204.441520
2455204.461953
2455204.482387
2455204.502820
2455204.523253
2455204.543687
2455204.564120
2455204.584553
2455204.604986
2455204.625420
2455204.645853
2455204.666286
2455204.686720
2455204.707153
2455204.727586
2455204.748019
2455204.768453
2455204.788886
2455204.809319
2455204.829753
2455204.850186
2455204.870619
2455204.891053
2455204.911486
2455204.931919
2455204.952352
2455204.972786
2455204.993219
2455205.013652
2455205.034086
2455205.054519
2455205.074952
2455205.095386
2455205.115819
2455205.136252
2455205.156685
2455205.177119
2455205.197552
2455205.217985
2455205.238419
2455205.258852
2455205.279285
2455205.299719
2455205.320152
2455205.340585
2455205.361018
2455205.381452
2455205.401885
2455205.422318
2455205.442752
2455205.463185
2455205.483618
2455205.504052
2455205.524485
2455205.544918
2455205.565351
2455205.585785
2455205.606218
2455205.626651
2455205.647085
2455205.667518
2455205.687951
2455205.708384
2455205.728818
2455205.749251
2455205.769684
2455205.790118
2455205.810551
2455205.830984
2455205.851418
2455205.871851
2455205.892284
2455205.912717
2455205.933151
2455205.953584
2455205.974017
2455205.994451
2455206.014884
2455206.035317
2455206.055751
2455206.076184
2455206.096617
2455206.117051
2455206.137484
2455206.157917
2455206.178350
2455206.198784
2455206.219217
2455206.239650
2455206.260084
2455206.280517
2455206.300950
2455206.321384
2455206.341817
2455206.362250
2455206.382684
2455206.403117
2455206.423550
2455206.443984
2455206.464417
2455206.484850
2455206.505283
2455206.525717
2455206.546150
2455206.566583
2455206.587017
2455206.607450
2455206.627883
2455206.648317
2455206.668750
2455206.689183
2455206.709616
2455206.730050
2455206.750483
2455206.770916
2455206.791350
2455206.811783
2455206.832216
2455206.852650
2455206.873083
2455206.893516
2455206.913950
2455206.934383
2455206.954816
2455206.975250
2455206.995683
2455207.016116
2455207.036550
2455207.056983
2455207.077416
2455207.097849
2455207.118283
2455207.138716
2455207.159149
2455207.179583
2455207.200016
2455207.220449
2455207.240883
2455207.261316
2455207.281749
2455207.302183
2455207.322616
2455207.343049
2455207.363483
2455207.383916
2455207.404349
2455207.424783
2455207.445216
2455207.465649
2455207.486083
2455207.506516
2455207.526949
2455207.547383
2455207.567816
2455207.588249
2455207.608682
2455207.629116
2455207.649549
2455207.669982
2455207.690416
2455207.710849
2455207.731282
2455207.751716
2455207.772149
2455207.792582
2455207.813016
2455207.833449
2455207.853882
2455207.874316
2455207.894749
2455207.915182
2455207.935616
2455207.956049
2455207.976482
2455207.996916
2455208.017349
2455208.037782
2455208.058216
2455208.078649
2455208.099082
2455208.119516
2455208.139949
2455208.160382
2455208.180816
2455208.201249
2455208.221682
2455208.242115
2455208.262549
2455208.282982
2455208.303415
2455208.323849
2455208.344282
2455208.364715
2455208.385149
2455208.405582
2455208.426015
2455208.446449
2455208.466882
2455208.487315
2455208.507749
2455208.528182
2455208.548615
2455208.569049
2455208.589482
2455208.609915
2455208.630349
2455208.650782
2455208.671215
2455208.691649
2455208.712082
2455208.732515
2455208.752949
2455208.773382
2455208.793815
2455208.814249
2455208.834682
2455208.855115
2455208.875549
2455208.895982
2455208.916416
2455208.936849
2455208.957282
2455208.977716
2455208.998149
2455209.018582
2455209.039016
2455209.059449
2455209.079882
2455209.100316
2455209.120749
2455209.141182
2455209.161616
2455209.182049
2455209.202482
2455209.222915
2455209.243349
2455209.263782
2455209.284215
2455209.304649
2455209.325082
2455209.345515
2455209.365949
2455209.386382
2455209.406816
2455209.427249
2455209.447682
2455209.468116
2455209.488549
2455209.508982
2455209.529416
2455209.549849
2455209.570282
2455209.590716
2455209.611149
2455209.631582
2455209.652016
2455209.672449
2455209.692882
2455209.713316
2455209.733749
2455209.754182
2455209.774616
2455209.795049
2455209.815482
2455209.835916
2455209.856349
2455209.876782
2455209.897216
2455209.917649
2455209.938082
2455209.958516
2455209.978949
2455209.999382
2455210.019816
2455210.040249
2455210.060683
2455210.081116
2455210.101549
2455210.121983
2455210.142416
2455210.162849
2455210.183283
2455210.203716
2455210.224149
2455210.244583
2455210.265016
2455210.285449
2455210.305883
2455210.326316
2455210.346750
2455210.367183
2455210.387616
2455210.408050
2455210.428483
2455210.448916
2455210.469350
2455210.489783
2455210.510216
2455210.530650
2455210.551083
2455210.571516
2455210.591950
2455210.612383
2455210.632816
2455210.653250
2455210.673683
2455210.694116
2455210.714550
2455210.734983
2455210.755417
2455210.775850
2455210.796283
2455210.816717
2455210.837150
2455210.857583
2455210.878017
2455210.898450
2455210.918883
2455210.939317
2455210.959750
2455210.980183
2455211.000617
2455211.021050
2455211.041483
2455211.061917
2455211.082350
2455211.102784
2455211.123217
2455211.143650
2455211.164084
2455211.184517
2455211.204950
2455211.225384
2455211.245817
2455211.266250
2455211.286684
2455211.307117
2455211.327551
2455211.347984
2455211.368417
2455211.388851
2455211.409284
2455211.429717
2455211.450151
2455211.470584
2455211.491017
2455211.511451
2455211.531884
2455211.552317
2455211.572751
2455211.593184
2455211.613618
2455211.634051
2455211.654484
2455211.674918
2455211.695351
2455211.715784
2455211.736218
2455211.756651
2455211.777085
2455211.797518
2455211.817951
2455211.838385
2455211.858818
2455211.879251
2455211.899685
2455211.920118
2455211.940551
2455211.960985
2455211.981418
2455212.001852
2455212.022285
2455212.042718
2455212.063152
2455212.083585
2455212.104018
2455212.124452
2455212.144885
2455212.165318
2455212.185752
2455212.206185
2455212.226619
2455212.247052
2455212.267485
2455212.287919
2455212.308352
2455212.328785
2455212.349219
2455212.369652
2455212.390086
2455212.410519
2455212.430952
2455212.451386
2455212.471819
2455212.492252
2455212.512686
2455212.533119
2455212.553553
2455212.573986
2455212.594419
2455212.614853
2455212.635286
2455212.655719
2455212.676153
2455212.696586
2455212.717019
2455212.737453
2455212.757886
2455212.778320
2455212.798753
2455212.819186
2455212.839620
2455212.860053
2455212.880487
2455212.900920
2455212.921353
2455212.941787
2455212.962220
2455212.982653
2455213.003087
2455213.023520
2455213.043954
2455213.064387
2455213.084820
2455213.105254
2455213.125687
2455213.146120
2455213.166554
2455213.186987
2455213.207421
2455213.227854
2455213.248287
2455213.268721
2455213.289154
2455213.309587
2455213.330021
2455213.350454
2455213.370888
2455213.391321
2455213.411754
2455213.432188
2455213.452621
2455213.473055
2455213.493488
2455213.513921
2455213.534355
2455213.554788
2455213.575221
2455213.595655
2455213.616088
2455213.636522
2455213.656955
2455213.677388
2455213.697822
2455213.718255
2455213.738689
2455213.759122
2455213.779555
2455213.799989
2455213.820422
2455213.840855
2455213.861289
2455213.881722
2455213.902156
2455213.922589
2455213.943022
2455213.963456
2455213.983889
2455214.004323
2455214.024756
2455214.045189
2455214.065623
2455214.086056
2455214.106489
2455214.126923
2455214.147356
2455214.167790
2455214.188223
2455214.208656
2455214.229090
2455214.249523
2455214.269957
2455214.290390
2455214.310823
2455214.331257
2455214.351690
2455214.372124
2455214.392557
2455214.412990
2455214.433424
2455214.453857
2455214.474290
2455214.494724
2455214.515157
2455214.535591
2455214.556024
2455214.576458
2455214.596891
2455214.617324
2455214.637758
2455214.658191
2455214.678624
2455214.699058
2455214.719491
2455214.739925
2455214.760358
2455214.780792
2455214.801225
2455214.821658
2455214.842092
2455214.862525
2455214.882958
2455214.903392
2455214.923825
2455214.944259
2455214.964692
2455214.985125
2455215.005559
2455215.025992
2455215.046426
2455215.066859
2455215.087292
2455215.107726
2455215.128159
2455215.148593
2455215.169026
2455215.189459
2455215.209893
2455215.230326
2455215.250760
2455215.271193
2455215.291627
2455215.312060
2455215.332493
2455215.352927
2455215.373360
2455215.393793
2455215.414227
2455215.434660
2455215.455094
2455215.475527
2455215.495960
2455215.516394
2455215.536827
2455215.557261
2455215.577694
2455215.598127
2455215.618561
2455215.638994
2455215.659428
2455215.679861
2455215.700295
2455215.720728
2455215.741161
2455215.761595
2455215.782028
2455215.802462
2455215.822895
2455215.843328
2455215.863762
2455215.884195
2455215.904629
2455215.925062
2455215.945495
2455215.965929
2455215.986362
2455216.006796
2455216.027229
2455216.047662
2455216.068096
2455216.088529
2455216.108963
2455216.129396
2455216.149830
2455216.170263
2455216.190696
2455216.211130
2455216.231563
2455216.251996
2455216.272430
2455216.292863
2455216.313297
2455216.333730
2455216.354164
2455216.374597
2455216.395030
2455216.415464
           NaN
           NaN
           NaN
2455216.497198
           NaN
           NaN
           NaN
           NaN
           NaN
           NaN
           NaN
           NaN
           NaN
           NaN
           NaN
           NaN
           NaN
           NaN
           NaN
           NaN
           NaN
           NaN
           NaN
           NaN
           NaN
           NaN
           NaN
           NaN
           NaN
           NaN
           NaN
           NaN
           NaN
           NaN
           NaN
           NaN
           NaN
           NaN
           NaN
           NaN
           NaN
           NaN
           NaN
2455217.314534
2455217.334968
2455217.355401
2455217.375835
2455217.396268
2455217.416701
2455217.437135
2455217.457568
2455217.478002
2455217.498435
2455217.518869
2455217.539302
2455217.559735
2455217.580169
2455217.600602
2455217.621036
2455217.641469
2455217.661903
2455217.682336
2455217.702769
2455217.723203
2455217.743636
2455217.764070
2455217.784503
2455217.804937
2455217.825370
2455217.845803
2455217.866237
2455217.886670
2455217.907104
2455217.927537
2455217.947971
2455217.968404
2455217.988837
2455218.009271
2455218.029704
2455218.050138
2455218.070571
2455218.091005
2455218.111438
2455218.131871
2455218.152305
2455218.172738
2455218.193172
2455218.213605
2455218.234039
2455218.254472
2455218.274905
2455218.295339
2455218.315772
2455218.336206
2455218.356639
2455218.377073
2455218.397506
2455218.417940
2455218.438373
2455218.458806
2455218.479240
2455218.499673
2455218.520107
2455218.540540
2455218.560974
2455218.581407
2455218.601840
2455218.622274
2455218.642707
2455218.663141
2455218.683574
2455218.704008
2455218.724441
2455218.744875
2455218.765308
2455218.785741
2455218.806175
2455218.826608
2455218.847042
2455218.867475
2455218.887909
2455218.908342
2455218.928775
2455218.949209
2455218.969642
2455218.990076
2455219.010509
2455219.030943
2455219.051376
2455219.071810
2455219.092243
2455219.112676
2455219.133110
2455219.153543
2455219.173977
2455219.194410
2455219.214844
2455219.235277
2455219.255711
2455219.276144
2455219.296577
2455219.317011
2455219.337444
2455219.357878
2455219.378311
2455219.398745
2455219.419178
2455219.439612
2455219.460045
2455219.480478
2455219.500912
2455219.521345
2455219.541779
2455219.562212
2455219.582646
2455219.603079
2455219.623513
2455219.643946
2455219.664379
2455219.684813
2455219.705246
2455219.725680
2455219.746113
2455219.766547
2455219.786980
2455219.807414
2455219.827847
2455219.848281
2455219.868714
2455219.889148
2455219.909581
2455219.930014
2455219.950448
2455219.970881
2455219.991315
2455220.011748
2455220.032182
2455220.052615
2455220.073048
2455220.093482
2455220.113915
2455220.134349
2455220.154782
2455220.175216
2455220.195649
2455220.216083
2455220.236516
2455220.256950
2455220.277383
2455220.297817
2455220.318250
2455220.338683
2455220.359117
2455220.379550
2455220.399984
2455220.420417
2455220.440851
2455220.461284
2455220.481718
2455220.502151
2455220.522585
2455220.543018
2455220.563451
2455220.583885
2455220.604318
2455220.624752
2455220.645185
2455220.665619
2455220.686052
2455220.706486
2455220.726919
2455220.747353
2455220.767786
2455220.788219
2455220.808653
2455220.829086
2455220.849520
2455220.869953
2455220.890387
2455220.910820
2455220.931254
2455220.951687
2455220.972121
2455220.992554
2455221.012988
2455221.033421
2455221.053855
2455221.074288
2455221.094721
2455221.115155
2455221.135588
2455221.156022
2455221.176455
2455221.196889
2455221.217322
2455221.237756
2455221.258189
2455221.278623
2455221.299056
2455221.319490
2455221.339923
2455221.360357
2455221.380790
2455221.401223
2455221.421657
2455221.442090
2455221.462524
2455221.482957
2455221.503391
2455221.523824
2455221.544258
2455221.564691
2455221.585125
2455221.605558
2455221.625992
2455221.646425
2455221.666859
2455221.687292
2455221.707726
2455221.728159
2455221.748592
2455221.769026
2455221.789459
2455221.809893
2455221.830326
2455221.850760
2455221.871193
2455221.891627
2455221.912060
2455221.932494
2455221.952927
2455221.973361
2455221.993794
2455222.014228
2455222.034661
2455222.055095
2455222.075528
2455222.095962
2455222.116395
2455222.136828
2455222.157262
2455222.177695
2455222.198129
2455222.218562
2455222.238996
2455222.259429
2455222.279863
2455222.300296
2455222.320730
2455222.341163
2455222.361597
2455222.382030
2455222.402464
2455222.422897
2455222.443331
2455222.463764
2455222.484198
2455222.504631
2455222.525065
2455222.545498
2455222.565931
2455222.586365
2455222.606799
2455222.627232
2455222.647665
2455222.668099
2455222.688532
2455222.708966
2455222.729399
2455222.749833
2455222.770266
2455222.790700
2455222.811133
2455222.831567
2455222.852000
2455222.872434
2455222.892867
2455222.913301
2455222.933734
2455222.954168
2455222.974601
2455222.995035
2455223.015468
2455223.035902
2455223.056335
2455223.076769
2455223.097202
2455223.117636
2455223.138069
2455223.158503
2455223.178936
2455223.199370
2455223.219803
2455223.240236
2455223.260670
2455223.281103
2455223.301537
2455223.321970
2455223.342404
2455223.362837
2455223.383271
2455223.403704
2455223.424138
2455223.444571
2455223.465005
2455223.485438
2455223.505872
2455223.526305
2455223.546739
2455223.567172
2455223.587606
2455223.608039
2455223.628473
2455223.648906
2455223.669340
2455223.689773
2455223.710207
2455223.730640
2455223.751074
2455223.771507
2455223.791941
2455223.812374
2455223.832808
2455223.853241
2455223.873675
2455223.894108
2455223.914542
2455223.934975
2455223.955409
2455223.975842
2455223.996276
2455224.016709
2455224.037143
2455224.057576
2455224.078010
2455224.098443
2455224.118877
2455224.139310
2455224.159744
2455224.180177
2455224.200611
2455224.221044
2455224.241478
2455224.261911
2455224.282345
2455224.302778
2455224.323212
2455224.343645
2455224.364079
2455224.384512
2455224.404946
2455224.425379
2455224.445813
2455224.466246
2455224.486680
2455224.507113
2455224.527547
2455224.547980
2455224.568414
2455224.588847
2455224.609281
2455224.629714
2455224.650148
2455224.670581
2455224.691015
2455224.711448
2455224.731882
2455224.752315
2455224.772749
2455224.793182
2455224.813616
2455224.834049
2455224.854483
2455224.874916
2455224.895350
2455224.915783
2455224.936217
2455224.956650
2455224.977084
2455224.997517
2455225.017951
2455225.038384
2455225.058818
2455225.079251
2455225.099685
2455225.120118
2455225.140552
2455225.160985
2455225.181419
2455225.201852
2455225.222286
2455225.242719
2455225.263153
2455225.283587
2455225.304020
2455225.324454
2455225.344887
2455225.365320
2455225.385754
2455225.406188
2455225.426621
2455225.447055
2455225.467488
2455225.487922
2455225.508355
2455225.528789
2455225.549222
2455225.569656
2455225.590089
2455225.610523
2455225.630956
2455225.651390
2455225.671823
2455225.692257
2455225.712690
2455225.733124
2455225.753557
2455225.773991
2455225.794424
2455225.814858
2455225.835291
2455225.855725
2455225.876158
2455225.896592
2455225.917025
2455225.937459
2455225.957892
2455225.978326
2455225.998759
2455226.019193
2455226.039627
2455226.060060
2455226.080494
2455226.100927
2455226.121361
2455226.141794
2455226.162228
2455226.182661
2455226.203095
2455226.223528
2455226.243962
2455226.264395
2455226.284829
2455226.305262
2455226.325696
2455226.346129
2455226.366563
2455226.386996
2455226.407430
2455226.427863
2455226.448297
2455226.468730
2455226.489164
2455226.509598
2455226.530031
2455226.550465
2455226.570898
2455226.591332
2455226.611765
2455226.632199
2455226.652632
2455226.673066
2455226.693499
2455226.713933
2455226.734366
2455226.754800
2455226.775233
2455226.795667
2455226.816100
2455226.836534
2455226.856967
2455226.877401
2455226.897835
2455226.918268
2455226.938702
2455226.959135
2455226.979569
2455227.000002
2455227.020436
2455227.040869
2455227.061303
2455227.081736
2455227.102170
2455227.122603
2455227.143037
2455227.163470
2455227.183904
2455227.204337
2455227.224771
2455227.245204
2455227.265638
2455227.286072
2455227.306505
2455227.326939
2455227.347372
2455227.367806
2455227.388239
2455227.408673
2455227.429106
2455227.449540
2455227.469973
2455227.490407
2455227.510840
2455227.531274
2455227.551708
2455227.572141
2455227.592575
2455227.613008
2455227.633442
2455227.653875
2455227.674309
2455227.694742
2455227.715176
2455227.735609
2455227.756043
2455227.776476
2455227.796910
2455227.817344
2455227.837777
2455227.858211
2455227.878644
2455227.899078
2455227.919511
2455227.939945
2455227.960378
2455227.980812
2455228.001245
2455228.021679
2455228.042113
2455228.062546
2455228.082979
2455228.103413
2455228.123847
2455228.144280
2455228.164714
2455228.185147
2455228.205581
2455228.226014
2455228.246448
2455228.266881
2455228.287315
2455228.307749
2455228.328182
2455228.348616
2455228.369049
2455228.389483
2455228.409916
2455228.430350
2455228.450783
2455228.471217
2455228.491650
2455228.512084
2455228.532517
2455228.552951
2455228.573385
2455228.593818
2455228.614252
2455228.634685
2455228.655119
2455228.675552
2455228.695986
2455228.716419
2455228.736853
2455228.757287
2455228.777720
2455228.798154
2455228.818587
2455228.839021
2455228.859454
2455228.879888
2455228.900321
2455228.920755
2455228.941189
2455228.961622
2455228.982056
2455229.002489
2455229.022923
2455229.043356
2455229.063790
2455229.084223
2455229.104657
2455229.125091
2455229.145524
2455229.165958
2455229.186391
2455229.206825
2455229.227258
2455229.247692
2455229.268125
2455229.288559
2455229.308992
2455229.329426
2455229.349860
2455229.370293
2455229.390727
2455229.411160
2455229.431594
2455229.452027
2455229.472461
2455229.492894
2455229.513328
2455229.533762
2455229.554195
2455229.574629
2455229.595062
2455229.615496
2455229.635929
2455229.656363
2455229.676796
2455229.697230
2455229.717664
2455229.738097
2455229.758531
2455229.778964
2455229.799398
2455229.819831
2455229.840265
           NaN
           NaN
           NaN
           NaN
           NaN
           NaN
           NaN
           NaN
           NaN
           NaN
           NaN
           NaN
           NaN
           NaN
           NaN
           NaN
           NaN
           NaN
           NaN
           NaN
           NaN
           NaN
           NaN
           NaN
           NaN
           NaN
           NaN
           NaN
           NaN
           NaN
           NaN
           NaN
           NaN
           NaN
           NaN
           NaN
           NaN
           NaN
           NaN
           NaN
           NaN
           NaN
           NaN
           NaN
           NaN
           NaN
           NaN
           NaN
           NaN
           NaN
           NaN
           NaN
           NaN
           NaN
           NaN
           NaN
           NaN
           NaN
           NaN
           NaN
           NaN
           NaN
           NaN
           NaN
           NaN
           NaN
           NaN
           NaN
           NaN
           NaN
           NaN
           NaN
           NaN
           NaN
           NaN
           NaN
           NaN
           NaN
           NaN
           NaN
           NaN
           NaN
           NaN
           NaN
           NaN
           NaN
           NaN
           NaN
           NaN
           NaN
           NaN
           NaN
           NaN
           NaN
           NaN
           NaN
           NaN
           NaN
           NaN
           NaN
           NaN
           NaN
           NaN
           NaN
           NaN
           NaN
           NaN
           NaN
           NaN
           NaN
           NaN
           NaN
           NaN
           NaN
           NaN
           NaN
           NaN
           NaN
           NaN
           NaN
           NaN
           NaN
           NaN
           NaN
           NaN
           NaN
           NaN
           NaN
           NaN
           NaN
           NaN
           NaN
           NaN
           NaN
           NaN
           NaN
           NaN
           NaN
           NaN
           NaN
           NaN
           NaN
           NaN
           NaN
           NaN
           NaN
           NaN
           NaN
           NaN
           NaN
           NaN
           NaN
           NaN
           NaN
           NaN
           NaN
           NaN
           NaN
           NaN
           NaN
           NaN
           NaN
           NaN
           NaN
           NaN
           NaN
           NaN
           NaN
           NaN
           NaN
           NaN
           NaN
           NaN
           NaN
           NaN
           NaN
           NaN
           NaN
           NaN
           NaN
           NaN
           NaN
           NaN
           NaN
           NaN
           NaN
           NaN
           NaN
           NaN
           NaN
           NaN
           NaN
           NaN
2455233.804381
2455233.824815
2455233.845249
2455233.865682
2455233.886116
2455233.906549
2455233.926983
2455233.947417
2455233.967850
2455233.988284
2455234.008717
2455234.029151
2455234.049585
2455234.070018
2455234.090452
2455234.110886
2455234.131319
2455234.151753
2455234.172186
2455234.192620
2455234.213054
2455234.233487
2455234.253921
2455234.274354
2455234.294788
2455234.315222
2455234.335655
2455234.356089
2455234.376522
2455234.396956
2455234.417390
2455234.437823
2455234.458257
2455234.478691
2455234.499124
2455234.519558
2455234.539991
2455234.560425
2455234.580859
2455234.601292
2455234.621726
2455234.642159
2455234.662593
2455234.683027
2455234.703460
2455234.723894
2455234.744328
2455234.764761
2455234.785195
2455234.805628
2455234.826062
2455234.846496
2455234.866929
2455234.887363
2455234.907796
2455234.928230
2455234.948664
2455234.969097
2455234.989531
2455235.009965
2455235.030398
2455235.050832
2455235.071265
2455235.091699
2455235.112133
2455235.132566
2455235.153000
2455235.173433
2455235.193867
2455235.214301
2455235.234734
2455235.255168
2455235.275602
2455235.296035
2455235.316469
2455235.336902
2455235.357336
2455235.377770
2455235.398203
2455235.418637
2455235.439071
2455235.459504
2455235.479938
2455235.500371
2455235.520805
2455235.541239
2455235.561672
2455235.582106
2455235.602539
2455235.622973
2455235.643407
2455235.663840
2455235.684274
2455235.704708
2455235.725141
2455235.745575
2455235.766009
2455235.786442
2455235.806876
2455235.827309
2455235.847743
2455235.868177
2455235.888610
2455235.909044
2455235.929477
2455235.949911
2455235.970345
2455235.990778
2455236.011212
2455236.031646
2455236.052079
2455236.072513
2455236.092947
2455236.113380
2455236.133814
2455236.154248
2455236.174681
2455236.195115
2455236.215548
2455236.235982
2455236.256416
2455236.276849
2455236.297283
2455236.317716
2455236.338150
2455236.358584
2455236.379017
2455236.399451
2455236.419885
2455236.440318
2455236.460752
2455236.481186
2455236.501619
2455236.522053
2455236.542486
2455236.562920
2455236.583354
2455236.603787
2455236.624221
2455236.644655
2455236.665088
2455236.685522
2455236.705956
2455236.726389
2455236.746823
2455236.767256
2455236.787690
2455236.808124
2455236.828557
2455236.848991
2455236.869425
2455236.889858
2455236.910292
2455236.930726
2455236.951159
2455236.971593
2455236.992027
2455237.012460
2455237.032894
2455237.053327
2455237.073761
2455237.094195
2455237.114628
2455237.135062
2455237.155496
2455237.175929
2455237.196363
2455237.216797
2455237.237230
2455237.257664
2455237.278097
2455237.298531
2455237.318965
2455237.339398
2455237.359832
2455237.380266
2455237.400699
2455237.421133
2455237.441567
2455237.462000
2455237.482434
2455237.502868
2455237.523301
2455237.543735
2455237.564168
2455237.584602
2455237.605036
2455237.625469
2455237.645903
2455237.666337
2455237.686770
2455237.707204
2455237.727638
2455237.748071
2455237.768505
2455237.788939
2455237.809372
2455237.829806
2455237.850240
2455237.870673
2455237.891107
2455237.911541
2455237.931974
2455237.952408
2455237.972841
2455237.993275
2455238.013709
2455238.034142
2455238.054576
2455238.075010
2455238.095443
2455238.115877
2455238.136311
2455238.156744
2455238.177178
2455238.197612
2455238.218045
2455238.238479
2455238.258912
2455238.279346
2455238.299780
2455238.320213
2455238.340647
2455238.361081
2455238.381514
2455238.401948
2455238.422382
2455238.442815
2455238.463249
2455238.483683
2455238.504116
2455238.524550
2455238.544984
2455238.565417
2455238.585851
2455238.606285
2455238.626718
2455238.647152
2455238.667586
2455238.688019
2455238.708453
2455238.728887
2455238.749320
2455238.769754
2455238.790188
2455238.810621
2455238.831055
2455238.851489
2455238.871922
2455238.892356
2455238.912790
2455238.933223
2455238.953657
2455238.974091
2455238.994524
2455239.014958
2455239.035392
2455239.055825
2455239.076259
2455239.096692
2455239.117126
2455239.137560
2455239.157993
2455239.178427
2455239.198861
2455239.219294
2455239.239728
2455239.260162
2455239.280595
2455239.301029
2455239.321463
2455239.341896
2455239.362330
2455239.382764
2455239.403197
2455239.423631
2455239.444065
2455239.464498
2455239.484932
2455239.505366
2455239.525800
2455239.546233
2455239.566667
2455239.587100
2455239.607534
2455239.627968
2455239.648401
2455239.668835
2455239.689269
2455239.709702
2455239.730136
2455239.750570
2455239.771003
2455239.791437
2455239.811871
2455239.832304
2455239.852738
2455239.873172
2455239.893605
2455239.914039
2455239.934473
2455239.954906
2455239.975340
2455239.995774
2455240.016207
2455240.036641
2455240.057075
2455240.077508
2455240.097942
2455240.118376
2455240.138810
2455240.159243
2455240.179677
2455240.200111
2455240.220544
2455240.240978
2455240.261412
2455240.281845
2455240.302279
2455240.322713
2455240.343146
2455240.363580
2455240.384014
2455240.404447
2455240.424881
2455240.445315
2455240.465748
2455240.486182
2455240.506616
2455240.527049
2455240.547483
2455240.567917
2455240.588350
2455240.608784
2455240.629218
2455240.649651
2455240.670085
2455240.690519
2455240.710952
2455240.731386
2455240.751820
2455240.772254
2455240.792687
2455240.813121
2455240.833555
2455240.853988
2455240.874422
2455240.894856
2455240.915289
2455240.935723
2455240.956157
2455240.976590
2455240.997024
2455241.017458
2455241.037891
2455241.058325
2455241.078759
2455241.099193
2455241.119626
2455241.140060
2455241.160494
2455241.180927
2455241.201361
2455241.221795
2455241.242228
2455241.262662
2455241.283096
2455241.303529
2455241.323963
2455241.344397
2455241.364830
2455241.385264
2455241.405698
2455241.426131
2455241.446565
2455241.466999
2455241.487432
2455241.507866
2455241.528300
2455241.548734
2455241.569167
2455241.589601
2455241.610035
2455241.630468
2455241.650902
2455241.671336
2455241.691769
2455241.712203
2455241.732637
2455241.753070
2455241.773504
2455241.793938
2455241.814372
2455241.834805
2455241.855239
2455241.875673
2455241.896106
2455241.916540
2455241.936974
2455241.957407
2455241.977841
2455241.998275
2455242.018708
2455242.039142
2455242.059576
2455242.080010
2455242.100443
2455242.120877
2455242.141311
2455242.161744
2455242.182178
2455242.202612
2455242.223045
2455242.243479
2455242.263913
2455242.284346
2455242.304780
2455242.325214
2455242.345648
2455242.366081
2455242.386515
2455242.406949
2455242.427382
2455242.447816
2455242.468250
2455242.488683
2455242.509117
2455242.529551
2455242.549985
2455242.570418
2455242.590852
2455242.611286
2455242.631719
2455242.652153
2455242.672587
2455242.693021
2455242.713454
2455242.733888
2455242.754322
2455242.774755
2455242.795189
2455242.815623
2455242.836056
2455242.856490
2455242.876924
2455242.897358
2455242.917791
2455242.938225
2455242.958659
2455242.979092
2455242.999526
2455243.019960
2455243.040393
2455243.060827
2455243.081261
2455243.101695
2455243.122128
2455243.142562
2455243.162996
2455243.183429
2455243.203863
2455243.224297
2455243.244730
2455243.265164
2455243.285598
2455243.306032
2455243.326465
2455243.346899
2455243.367333
2455243.387766
2455243.408200
2455243.428634
2455243.449068
2455243.469501
2455243.489935
2455243.510369
2455243.530802
2455243.551236
2455243.571670
2455243.592104
2455243.612537
2455243.632971
2455243.653405
2455243.673838
2455243.694272
2455243.714706
2455243.735140
2455243.755573
2455243.776007
2455243.796441
2455243.816874
2455243.837308
2455243.857742
2455243.878175
2455243.898609
2455243.919043
2455243.939477
2455243.959910
2455243.980344
2455244.000778
2455244.021212
2455244.041645
2455244.062079
2455244.082513
2455244.102946
2455244.123380
2455244.143814
2455244.164248
2455244.184681
2455244.205115
2455244.225549
2455244.245982
2455244.266416
2455244.286850
2455244.307284
2455244.327717
2455244.348151
2455244.368585
2455244.389019
2455244.409452
2455244.429886
2455244.450320
2455244.470753
2455244.491187
2455244.511621
2455244.532054
2455244.552488
2455244.572922
2455244.593356
2455244.613789
2455244.634223
2455244.654657
2455244.675091
2455244.695524
2455244.715958
2455244.736392
2455244.756825
2455244.777259
2455244.797693
2455244.818126
2455244.838560
2455244.858994
2455244.879428
2455244.899861
2455244.920295
2455244.940729
2455244.961163
2455244.981596
2455245.002030
2455245.022464
2455245.042898
2455245.063331
2455245.083765
2455245.104199
2455245.124632
2455245.145066
2455245.165500
2455245.185934
2455245.206367
2455245.226801
2455245.247235
2455245.267669
2455245.288102
2455245.308536
2455245.328970
2455245.349404
2455245.369837
2455245.390271
2455245.410705
2455245.431138
2455245.451572
2455245.472006
2455245.492440
2455245.512873
2455245.533307
2455245.553741
2455245.574175
2455245.594608
2455245.615042
2455245.635476
2455245.655909
2455245.676343
2455245.696777
2455245.717211
2455245.737644
2455245.758078
2455245.778512
2455245.798946
2455245.819379
2455245.839813
2455245.860247
2455245.880681
2455245.901114
2455245.921548
2455245.941982
2455245.962416
2455245.982849
2455246.003283
2455246.023717
2455246.044150
2455246.064584
2455246.085018
2455246.105452
2455246.125885
2455246.146319
2455246.166753
2455246.187187
2455246.207620
2455246.228054
           NaN
           NaN
           NaN
2455246.309789
2455246.330223
2455246.350656
2455246.371090
2455246.391524
2455246.411958
2455246.432391
2455246.452825
2455246.473259
2455246.493693
2455246.514126
2455246.534560
2455246.554994
2455246.575428
2455246.595861
2455246.616295
2455246.636729
2455246.657163
2455246.677596
2455246.698030
2455246.718464
2455246.738898
2455246.759331
2455246.779765
2455246.800199
2455246.820633
2455246.841066
2455246.861500
2455246.881934
2455246.902368
2455246.922801
2455246.943235
2455246.963669
2455246.984102
2455247.004536
2455247.024970
2455247.045404
2455247.065837
2455247.086271
2455247.106705
2455247.127139
2455247.147572
2455247.168006
2455247.188440
2455247.208874
2455247.229307
2455247.249741
2455247.270175
2455247.290609
2455247.311042
2455247.331476
2455247.351910
2455247.372344
2455247.392777
2455247.413211
2455247.433645
2455247.454079
2455247.474512
2455247.494946
2455247.515380
2455247.535814
2455247.556248
2455247.576681
2455247.597115
2455247.617549
2455247.637983
2455247.658416
2455247.678850
2455247.699284
2455247.719718
2455247.740151
2455247.760585
2455247.781019
2455247.801453
2455247.821886
2455247.842320
2455247.862754
2455247.883188
2455247.903621
2455247.924055
2455247.944489
2455247.964923
2455247.985356
2455248.005790
2455248.026224
2455248.046658
2455248.067091
2455248.087525
2455248.107959
2455248.128393
2455248.148826
2455248.169260
2455248.189694
2455248.210128
2455248.230561
2455248.250995
2455248.271429
2455248.291863
2455248.312296
2455248.332730
2455248.353164
2455248.373598
2455248.394032
2455248.414465
2455248.434899
2455248.455333
2455248.475767
2455248.496200
2455248.516634
2455248.537068
2455248.557502
2455248.577935
2455248.598369
2455248.618803
2455248.639237
2455248.659670
2455248.680104
2455248.700538
2455248.720972
2455248.741405
2455248.761839
2455248.782273
2455248.802707
2455248.823141
2455248.843574
2455248.864008
2455248.884442
2455248.904876
2455248.925309
2455248.945743
2455248.966177
2455248.986611
2455249.007044
2455249.027478
2455249.047912
2455249.068346
2455249.088779
2455249.109213
2455249.129647
2455249.150081
2455249.170515
2455249.190948
2455249.211382
2455249.231816
2455249.252250
2455249.272683
2455249.293117
2455249.313551
2455249.333985
2455249.354419
2455249.374852
2455249.395286
2455249.415720
2455249.436154
2455249.456587
2455249.477021
2455249.497455
2455249.517889
2455249.538322
2455249.558756
2455249.579190
2455249.599624
2455249.620058
2455249.640491
2455249.660925
2455249.681359
2455249.701793
2455249.722226
2455249.742660
2455249.763094
2455249.783528
2455249.803962
2455249.824395
2455249.844829
2455249.865263
2455249.885697
2455249.906130
2455249.926564
2455249.946998
2455249.967432
2455249.987866
2455250.008299
2455250.028733
2455250.049167
2455250.069601
2455250.090034
2455250.110468
2455250.130902
2455250.151336
2455250.171770
2455250.192203
2455250.212637
2455250.233071
2455250.253505
2455250.273938
2455250.294372
2455250.314806
2455250.335240
2455250.355674
2455250.376107
2455250.396541
2455250.416975
2455250.437409
2455250.457842
2455250.478276
2455250.498710
2455250.519144
2455250.539578
2455250.560011
2455250.580445
2455250.600879
2455250.621313
2455250.641746
2455250.662180
2455250.682614
2455250.703048
2455250.723482
2455250.743915
2455250.764349
2455250.784783
2455250.805217
2455250.825651
2455250.846084
2455250.866518
2455250.886952
2455250.907386
2455250.927820
2455250.948253
2455250.968687
2455250.989121
2455251.009555
2455251.029989
2455251.050422
2455251.070856
2455251.091290
2455251.111724
2455251.132157
2455251.152591
2455251.173025
2455251.193459
2455251.213893
2455251.234326
2455251.254760
2455251.275194
2455251.295628
2455251.316062
2455251.336495
2455251.356929
2455251.377363
2455251.397797
2455251.418230
2455251.438664
2455251.459098
2455251.479532
2455251.499966
2455251.520400
2455251.540833
2455251.561267
2455251.581701
2455251.602135
2455251.622568
2455251.643002
2455251.663436
2455251.683870
2455251.704304
2455251.724737
2455251.745171
2455251.765605
2455251.786039
2455251.806473
2455251.826906
2455251.847340
2455251.867774
2455251.888208
2455251.908642
2455251.929075
2455251.949509
2455251.969943
2455251.990377
2455252.010811
2455252.031244
2455252.051678
2455252.072112
2455252.092546
2455252.112980
2455252.133413
2455252.153847
2455252.174281
2455252.194715
2455252.215148
2455252.235582
2455252.256016
2455252.276450
2455252.296884
2455252.317318
2455252.337751
2455252.358185
2455252.378619
2455252.399053
2455252.419487
2455252.439920
2455252.460354
2455252.480788
2455252.501222
2455252.521656
2455252.542089
2455252.562523
2455252.582957
2455252.603391
2455252.623825
2455252.644258
2455252.664692
2455252.685126
2455252.705560
2455252.725994
2455252.746427
2455252.766861
2455252.787295
2455252.807729
2455252.828163
2455252.848596
2455252.869030
2455252.889464
2455252.909898
2455252.930332
2455252.950766
2455252.971199
2455252.991633
2455253.012067
2455253.032501
2455253.052934
2455253.073368
2455253.093802
2455253.114236
2455253.134670
2455253.155104
2455253.175537
2455253.195971
2455253.216405
2455253.236839
2455253.257273
2455253.277706
2455253.298140
2455253.318574
2455253.339008
2455253.359442
2455253.379875
2455253.400309
2455253.420743
2455253.441177
2455253.461611
2455253.482045
2455253.502478
2455253.522912
2455253.543346
2455253.563780
2455253.584214
2455253.604647
2455253.625081
2455253.645515
2455253.665949
2455253.686383
2455253.706816
2455253.727250
2455253.747684
2455253.768118
2455253.788552
2455253.808986
2455253.829419
2455253.849853
2455253.870287
2455253.890721
2455253.911155
2455253.931588
2455253.952022
2455253.972456
2455253.992890
2455254.013324
2455254.033758
2455254.054191
2455254.074625
2455254.095059
2455254.115493
2455254.135927
2455254.156360
2455254.176794
2455254.197228
2455254.217662
2455254.238096
2455254.258530
2455254.278963
2455254.299397
2455254.319831
2455254.340265
2455254.360699
2455254.381133
2455254.401566
2455254.422000
2455254.442434
2455254.462868
2455254.483302
2455254.503735
2455254.524169
2455254.544603
2455254.565037
2455254.585471
2455254.605905
2455254.626338
2455254.646772
2455254.667206
2455254.687640
2455254.708074
2455254.728508
2455254.748941
2455254.769375
2455254.789809
2455254.810243
2455254.830677
2455254.851110
2455254.871544
2455254.891978
2455254.912412
2455254.932846
2455254.953280
2455254.973713
2455254.994147
2455255.014581
2455255.035015
2455255.055449
2455255.075883
2455255.096316
2455255.116750
2455255.137184
2455255.157618
2455255.178052
2455255.198485
2455255.218919
2455255.239353
2455255.259787
2455255.280221
2455255.300655
2455255.321088
2455255.341522
2455255.361956
2455255.382390
2455255.402824
2455255.423258
2455255.443691
2455255.464125
2455255.484559
2455255.504993
2455255.525427
2455255.545861
2455255.566295
2455255.586728
2455255.607162
2455255.627596
2455255.648030
2455255.668464
2455255.688898
2455255.709331
2455255.729765
2455255.750199
2455255.770633
2455255.791067
2455255.811501
2455255.831934
2455255.852368
2455255.872802
2455255.893236
2455255.913670
2455255.934104
2455255.954537
2455255.974971
2455255.995405
2455256.015839
2455256.036273
2455256.056707
2455256.077140
2455256.097574
2455256.118008
2455256.138442
2455256.158876
2455256.179310
2455256.199743
2455256.220177
2455256.240611
2455256.261045
2455256.281479
2455256.301913
2455256.322347
2455256.342780
2455256.363214
2455256.383648
2455256.404082
2455256.424516
2455256.444950
2455256.465383
2455256.485817
2455256.506251
2455256.526685
2455256.547119
2455256.567553
2455256.587987
2455256.608420
2455256.628854
2455256.649288
2455256.669722
2455256.690156
2455256.710590
2455256.731023
2455256.751457
2455256.771891
2455256.792325
2455256.812759
2455256.833193
2455256.853626
2455256.874060
2455256.894494
2455256.914928
2455256.935362
2455256.955796
2455256.976230
2455256.996663
2455257.017097
2455257.037531
2455257.057965
2455257.078399
2455257.098833
2455257.119266
2455257.139700
2455257.160134
2455257.180568
2455257.201002
2455257.221436
2455257.241870
2455257.262303
2455257.282737
2455257.303171
2455257.323605
2455257.344039
2455257.364473
2455257.384907
2455257.405340
2455257.425774
2455257.446208
2455257.466642
2455257.487076
2455257.507510
2455257.527944
2455257.548377
2455257.568811
2455257.589245
2455257.609679
2455257.630113
2455257.650547
2455257.670980
2455257.691414
2455257.711848
2455257.732282
2455257.752716
2455257.773150
2455257.793584
2455257.814017
2455257.834451
2455257.854885
2455257.875319
2455257.895753
2455257.916187
2455257.936621
2455257.957054
2455257.977488
2455257.997922
2455258.018356
2455258.038790
2455258.059224
2455258.079658
2455258.100091
2455258.120525
2455258.140959
2455258.161393
2455258.181827
2455258.202261
2455258.222695
2455258.243128
2455258.263562
2455258.283996
2455258.304430
2455258.324864
2455258.345298
2455258.365732
2455258.386166
2455258.406599
2455258.427033
2455258.447467
2455258.467901
2455258.488335
2455258.508769
2455258.529203
2455258.549636
2455258.570070
2455258.590504
2455258.610938
2455258.631372
2455258.651806
2455258.672240
2455258.692673
2455258.713107
2455258.733541
2455258.753975
2455258.774409
2455258.794843
2455258.815277
2455258.835710
2455258.856144
2455258.876578
2455258.897012
2455258.917446
2455258.937880
2455258.958314
2455258.978748
2455258.999181
2455259.019615
2455259.040049
2455259.060483
2455259.080917
2455259.101351
2455259.121785
2455259.142218
2455259.162652
2455259.183086
2455259.203520
2455259.223954
2455259.244388
2455259.264822
2455259.285256
2455259.305689
2455259.326123
2455259.346557
2455259.366991
2455259.387425
2455259.407859
2455259.428293
2455259.448727
2455259.469160
2455259.489594
2455259.510028
2455259.530462
2455259.550896
2455259.571330
2455259.591764
2455259.612197
2455259.632631
2455259.653065
2455259.673499
2455259.693933
2455259.714367
2455259.734801
2455259.755235
2455259.775668
2455259.796102
2455259.816536
2455259.836970
2455259.857404
2455259.877838
2455259.898272
2455259.918706
2455259.939140
2455259.959573
2455259.980007
2455260.000441
2455260.020875
2455260.041309
2455260.061743
2455260.082177
2455260.102611
2455260.123044
2455260.143478
2455260.163912
2455260.184346
2455260.204780
2455260.225214
2455260.245648
2455260.266082
2455260.286515
2455260.306949
2455260.327383
2455260.347817
2455260.368251
2455260.388685
2455260.409119
2455260.429553
2455260.449986
2455260.470420
2455260.490854
2455260.511288
2455260.531722
2455260.552156
2455260.572590
2455260.593024
2455260.613458
2455260.633891
2455260.654325
2455260.674759
2455260.695193
2455260.715627
2455260.736061
2455260.756495
2455260.776928
2455260.797362
2455260.817796
2455260.838230
2455260.858664
2455260.879098
2455260.899532
2455260.919966
2455260.940400
2455260.960833
2455260.981267
2455261.001701
2455261.022135
2455261.042569
2455261.063003
2455261.083437
2455261.103871
2455261.124305
2455261.144738
2455261.165172
2455261.185606
2455261.206040
2455261.226474
2455261.246908
2455261.267342
2455261.287776
2455261.308210
2455261.328643
2455261.349077
2455261.369511
2455261.389945
2455261.410379
2455261.430813
2455261.451247
2455261.471681
2455261.492115
2455261.512549
2455261.532982
2455261.553416
2455261.573850
2455261.594284
2455261.614718
2455261.635152
2455261.655586
2455261.676020
2455261.696454
2455261.716887
2455261.737321
2455261.757755
2455261.778189
2455261.798623
2455261.819057
2455261.839491
2455261.859925
2455261.880359
2455261.900792
2455261.921226
2455261.941660
2455261.962094
2455261.982528
2455262.002962
2455262.023396
2455262.043830
2455262.064264
2455262.084698
2455262.105131
2455262.125565
2455262.145999
2455262.166433
2455262.186867
2455262.207301
2455262.227735
2455262.248169
2455262.268603
2455262.289036
2455262.309470
2455262.329904
2455262.350338
2455262.370772
2455262.391206
2455262.411640
2455262.432074
2455262.452508
2455262.472942
2455262.493375
2455262.513809
2455262.534243
2455262.554677
2455262.575111
2455262.595545
2455262.615979
2455262.636413
2455262.656847
2455262.677281
2455262.697714
2455262.718148
2455262.738582
2455262.759016
2455262.779450
2455262.799884
2455262.820318
2455262.840752
2455262.861186
2455262.881620
2455262.902053
2455262.922487
2455262.942921
2455262.963355
2455262.983789
2455263.004223
2455263.024657
2455263.045091
2455263.065525
2455263.085959
2455263.106393
2455263.126826
2455263.147260
2455263.167694
2455263.188128
2455263.208562
2455263.228996
2455263.249430
2455263.269864
2455263.290298
2455263.310732
2455263.331166
2455263.351599
2455263.372033
2455263.392467
2455263.412901
2455263.433335
2455263.453769
2455263.474203
2455263.494637
2455263.515071
2455263.535505
2455263.555938
2455263.576372
2455263.596806
2455263.617240
2455263.637674
2455263.658108
2455263.678542
2455263.698976
2455263.719410
2455263.739844
2455263.760278
2455263.780712
2455263.801145
2455263.821579
2455263.842013
2455263.862447
2455263.882881
2455263.903315
2455263.923749
2455263.944183
2455263.964617
2455263.985051
2455264.005484
2455264.025919
2455264.046352
2455264.066786
2455264.087220
2455264.107654
2455264.128088
2455264.148522
2455264.168956
2455264.189390
2455264.209824
2455264.230258
2455264.250691
2455264.271125
2455264.291559
2455264.311993
2455264.332427
2455264.352861
2455264.373295
2455264.393729
2455264.414163
2455264.434597
2455264.455031
2455264.475465
2455264.495898
2455264.516332
2455264.536766
2455264.557200
2455264.577634
2455264.598068
2455264.618502
2455264.638936
2455264.659370
2455264.679804
2455264.700238
2455264.720672
2455264.741106
2455264.761539
2455264.781973
2455264.802407
2455264.822841
2455264.843275
2455264.863709
2455264.884143
2455264.904577
2455264.925011
2455264.945445
2455264.965879
2455264.986313
2455265.006747
2455265.027180
2455265.047614
2455265.068048
2455265.088482
2455265.108916
2455265.129350
2455265.149784
2455265.170218
2455265.190652
2455265.211086
2455265.231520
2455265.251954
2455265.272388
2455265.292821
2455265.313255
2455265.333689
2455265.354123
2455265.374557
2455265.394991
2455265.415425
2455265.435859
2455265.456293
2455265.476727
2455265.497161
2455265.517595
2455265.538029
2455265.558462
2455265.578896
2455265.599330
2455265.619764
2455265.640198
2455265.660632
2455265.681066
2455265.701500
2455265.721934
2455265.742368
2455265.762802
2455265.783236
2455265.803670
2455265.824104
2455265.844538
2455265.864971
2455265.885405
2455265.905839
2455265.926273
2455265.946707
2455265.967141
2455265.987575
2455266.008009
2455266.028443
2455266.048877
2455266.069311
2455266.089745
2455266.110179
2455266.130612
2455266.151046
2455266.171480
2455266.191914
2455266.212348
2455266.232782
2455266.253216
2455266.273650
2455266.294084
2455266.314518
2455266.334952
2455266.355386
2455266.375820
2455266.396254
2455266.416688
2455266.437122
2455266.457555
2455266.477989
2455266.498423
2455266.518857
2455266.539291
2455266.559725
2455266.580159
2455266.600593
2455266.621027
2455266.641461
2455266.661895
2455266.682329
2455266.702763
2455266.723197
2455266.743631
2455266.764064
2455266.784498
2455266.804932
2455266.825366
2455266.845800
2455266.866234
2455266.886668
2455266.907102
2455266.927536
2455266.947970
2455266.968404
2455266.988838
2455267.009272
2455267.029706
2455267.050140
2455267.070574
2455267.091007
2455267.111442
2455267.131875
2455267.152309
2455267.172743
2455267.193177
2455267.213611
2455267.234045
2455267.254479
2455267.274913
2455267.295347
2455267.315781
2455267.336215
2455267.356649
2455267.377083
2455267.397517
2455267.417951
2455267.438385
2455267.458818
2455267.479252
2455267.499686
2455267.520120
2455267.540554
2455267.560988
2455267.581422
2455267.601856
2455267.622290
2455267.642724
2455267.663158
2455267.683592
2455267.704026
2455267.724460
2455267.744894
2455267.765328
2455267.785762
2455267.806196
2455267.826630
2455267.847063
2455267.867497
2455267.887931
2455267.908365
2455267.928799
2455267.949233
2455267.969667
2455267.990101
2455268.010535
2455268.030969
2455268.051403
2455268.071837
2455268.092271
2455268.112705
2455268.133139
2455268.153573
2455268.174007
2455268.194441
2455268.214875
2455268.235308
2455268.255742
2455268.276176
2455268.296610
2455268.317044
2455268.337478
2455268.357912
2455268.378346
2455268.398780
2455268.419214
2455268.439648
2455268.460082
2455268.480516
2455268.500950
2455268.521384
2455268.541818
2455268.562252
2455268.582686
2455268.603120
2455268.623554
2455268.643988
2455268.664422
2455268.684855
2455268.705289
2455268.725723
2455268.746157
2455268.766591
2455268.787025
2455268.807459
2455268.827893
2455268.848327
2455268.868761
2455268.889195
2455268.909629
2455268.930063
2455268.950497
2455268.970931
2455268.991365
2455269.011799
2455269.032233
2455269.052667
2455269.073101
2455269.093534
2455269.113969
2455269.134402
2455269.154836
2455269.175270
2455269.195704
2455269.216138
2455269.236572
2455269.257006
2455269.277440
2455269.297874
2455269.318308
2455269.338742
2455269.359176
2455269.379610
2455269.400044
2455269.420478
2455269.440912
2455269.461346
2455269.481780
2455269.502214
2455269.522648
2455269.543082
2455269.563516
2455269.583950
2455269.604384
2455269.624818
2455269.645252
2455269.665685
2455269.686120
2455269.706553
2455269.726987
2455269.747421
2455269.767855
2455269.788289
2455269.808723
2455269.829157
2455269.849591
2455269.870025
2455269.890459
2455269.910893
2455269.931327
2455269.951761
2455269.972195
2455269.992629
2455270.013063
2455270.033497
2455270.053931
2455270.074365
2455270.094799
2455270.115233
2455270.135667
2455270.156101
2455270.176535
2455270.196968
2455270.217403
2455270.237837
2455270.258270
2455270.278704
2455270.299138
2455270.319572
2455270.340006
2455270.360440
2455270.380874
2455270.401308
2455270.421742
2455270.442176
2455270.462610
2455270.483044
2455270.503478
2455270.523912
2455270.544346
2455270.564780
2455270.585214
2455270.605648
2455270.626082
2455270.646516
2455270.666950
2455270.687384
2455270.707818
2455270.728252
2455270.748686
2455270.769120
2455270.789554
2455270.809988
2455270.830422
2455270.850856
2455270.871290
2455270.891723
2455270.912158
2455270.932592
2455270.953025
2455270.973459
2455270.993893
2455271.014327
2455271.034761
2455271.055195
2455271.075629
2455271.096063
2455271.116497
2455271.136931
2455271.157365
2455271.177799
2455271.198233
2455271.218667
2455271.239101
2455271.259535
2455271.279969
2455271.300403
2455271.320837
2455271.341271
2455271.361705
2455271.382139
2455271.402573
2455271.423007
2455271.443441
2455271.463875
2455271.484309
2455271.504743
2455271.525177
2455271.545611
2455271.566045
2455271.586479
2455271.606913
2455271.627347
2455271.647781
2455271.668215
2455271.688649
2455271.709083
2455271.729517
2455271.749951
2455271.770384
2455271.790818
2455271.811253
2455271.831687
2455271.852120
2455271.872554
2455271.892988
2455271.913422
2455271.933856
2455271.954290
2455271.974724
2455271.995158
2455272.015592
2455272.036026
2455272.056460
2455272.076894
2455272.097328
2455272.117762
2455272.138196
2455272.158630
2455272.179064
2455272.199498
2455272.219932
2455272.240366
2455272.260800
2455272.281234
2455272.301668
2455272.322102
2455272.342536
2455272.362970
2455272.383404
2455272.403838
2455272.424272
2455272.444706
2455272.465140
2455272.485574
2455272.506008
2455272.526442
2455272.546876
2455272.567310
2455272.587744
2455272.608178
2455272.628612
2455272.649046
2455272.669480
2455272.689914
2455272.710348
2455272.730782
2455272.751216
2455272.771650
2455272.792084
2455272.812518
2455272.832952
2455272.853386
2455272.873820
2455272.894254
2455272.914688
2455272.935122
2455272.955556
2455272.975990
2455272.996424
2455273.016858
2455273.037292
2455273.057726
2455273.078160
2455273.098594
2455273.119028
2455273.139462
2455273.159896
2455273.180330
2455273.200764
2455273.221197
2455273.241631
2455273.262065
2455273.282499
2455273.302933
2455273.323367
2455273.343801
2455273.364235
2455273.384669
2455273.405103
2455273.425537
2455273.445971
2455273.466405
2455273.486839
2455273.507273
2455273.527707
2455273.548141
2455273.568575
2455273.589009
2455273.609443
2455273.629877
2455273.650311
2455273.670745
2455273.691179
2455273.711613
2455273.732047
2455273.752481
2455273.772915
2455273.793349
2455273.813783
2455273.834217
2455273.854651
2455273.875085
2455273.895519
2455273.915953
2455273.936387
2455273.956821
2455273.977255
2455273.997689
2455274.018123
2455274.038557
2455274.058991
2455274.079425
2455274.099859
2455274.120293
2455274.140727
2455274.161161
2455274.181595
2455274.202029
2455274.222463
2455274.242897
2455274.263331
2455274.283765
2455274.304199
2455274.324633
2455274.345067
2455274.365501
2455274.385935
2455274.406369
2455274.426803
2455274.447237
2455274.467671
2455274.488105
2455274.508539
2455274.528973
2455274.549407
2455274.569841
2455274.590275
2455274.610709
2455274.631143
2455274.651577
2455274.672011
2455274.692445
2455274.712879
2455274.733313
2455274.753747
2455274.774181
2455274.794615
2455274.815049
2455274.835483
2455274.855917
2455274.876351
2455274.896785
2455274.917219
2455274.937653
2455274.958087
2455274.978521
2455274.998955
2455275.019389
2455275.039823
2455275.060257
2455275.080691
2455275.101125
2455275.121559
2455275.141993
2455275.162427
2455275.182861
2455275.203295
