2454953.538886
2454953.559321
2454953.579755
2454953.600189
2454953.620623
2454953.641057
2454953.661492
2454953.681926
2454953.702360
2454953.722794
2454953.743228
2454953.763663
2454953.784097
2454953.804531
2454953.824965
2454953.845399
2454953.865834
2454953.886268
2454953.906702
2454953.927136
2454953.947570
2454953.968005
2454953.988439
2454954.008873
2454954.029307
2454954.049741
2454954.070176
2454954.090610
2454954.111044
2454954.131478
2454954.151912
2454954.172347
2454954.192781
2454954.213215
2454954.233649
2454954.254083
2454954.274517
2454954.294952
2454954.315386
2454954.335820
2454954.356254
2454954.376689
2454954.397123
2454954.417557
2454954.437991
2454954.458425
2454954.478859
2454954.499294
2454954.519728
2454954.540162
2454954.560596
2454954.581031
2454954.601465
2454954.621899
2454954.642333
2454954.662767
2454954.683202
2454954.703636
2454954.724070
2454954.744504
2454954.764938
2454954.785373
2454954.805807
2454954.826241
2454954.846675
2454954.867109
2454954.887544
2454954.907978
2454954.928412
2454954.948846
2454954.969280
2454954.989715
2454955.010149
2454955.030583
2454955.051017
2454955.071451
2454955.091885
2454955.112320
2454955.132754
2454955.153188
2454955.173622
2454955.194057
2454955.214491
2454955.234925
2454955.255359
2454955.275793
2454955.296227
2454955.316662
2454955.337096
2454955.357530
2454955.377964
2454955.398399
2454955.418833
2454955.439267
2454955.459701
2454955.480135
2454955.500569
2454955.521004
2454955.541438
2454955.561872
2454955.582306
2454955.602741
2454955.623175
2454955.643609
2454955.664043
2454955.684477
2454955.704912
2454955.725346
2454955.745780
2454955.766214
2454955.786648
2454955.807082
2454955.827517
2454955.847951
2454955.868385
2454955.888819
2454955.909254
2454955.929688
2454955.950122
2454955.970556
2454955.990990
2454956.011424
2454956.031859
2454956.052293
2454956.072727
2454956.093161
2454956.113596
2454956.134030
2454956.154464
2454956.174898
2454956.195332
2454956.215766
2454956.236201
2454956.256635
2454956.277069
2454956.297503
2454956.317938
2454956.338372
2454956.358806
2454956.379240
2454956.399674
2454956.420108
2454956.440543
2454956.460977
2454956.481411
2454956.501845
2454956.522279
2454956.542714
2454956.563148
2454956.583582
2454956.604016
2454956.624450
2454956.644885
2454956.665319
2454956.685753
2454956.706187
2454956.726621
2454956.747056
2454956.767490
2454956.787924
2454956.808358
2454956.828793
2454956.849227
2454956.869661
2454956.890095
2454956.910529
2454956.930963
2454956.951398
2454956.971832
2454956.992266
2454957.012700
2454957.033135
2454957.053569
2454957.074003
2454957.094437
2454957.114871
2454957.135305
2454957.155740
2454957.176174
2454957.196608
2454957.217042
2454957.237476
2454957.257911
2454957.278345
2454957.298779
2454957.319213
2454957.339647
2454957.360082
2454957.380516
2454957.400950
2454957.421384
2454957.441818
2454957.462253
2454957.482687
2454957.503121
2454957.523555
2454957.543989
2454957.564424
2454957.584858
2454957.605292
2454957.625726
2454957.646160
2454957.666595
2454957.687029
2454957.707463
2454957.727897
2454957.748331
2454957.768766
2454957.789200
2454957.809634
2454957.830068
2454957.850502
2454957.870937
2454957.891371
2454957.911805
2454957.932239
2454957.952673
2454957.973108
2454957.993542
2454958.013976
2454958.034410
2454958.054844
2454958.075279
2454958.095713
2454958.116147
2454958.136581
2454958.157015
2454958.177449
2454958.197884
2454958.218318
2454958.238752
2454958.259186
2454958.279621
2454958.300055
2454958.320489
2454958.340923
2454958.361357
2454958.381791
2454958.402226
2454958.422660
2454958.443094
2454958.463528
2454958.483963
2454958.504397
2454958.524831
2454958.545265
2454958.565699
2454958.586133
2454958.606568
2454958.627002
2454958.647436
2454958.667870
2454958.688305
2454958.708739
2454958.729173
2454958.749607
2454958.770041
2454958.790475
2454958.810910
2454958.831344
2454958.851778
2454958.872212
2454958.892647
2454958.913081
2454958.933515
2454958.953949
2454958.974383
2454958.994818
2454959.015252
2454959.035686
2454959.056120
2454959.076554
2454959.096988
2454959.117423
2454959.137857
2454959.158291
2454959.178725
2454959.199160
2454959.219594
2454959.240028
2454959.260462
2454959.280896
2454959.301330
2454959.321765
2454959.342199
2454959.362633
2454959.383067
2454959.403502
2454959.423936
2454959.444370
2454959.464804
2454959.485238
2454959.505672
2454959.526107
2454959.546541
2454959.566975
2454959.587409
2454959.607843
2454959.628278
2454959.648712
2454959.669146
2454959.689580
2454959.710014
2454959.730449
2454959.750883
2454959.771317
2454959.791751
2454959.812185
2454959.832619
2454959.853054
2454959.873488
2454959.893922
2454959.914356
2454959.934791
2454959.955225
2454959.975659
2454959.996093
2454960.016527
2454960.036961
2454960.057396
2454960.077830
2454960.098264
2454960.118698
2454960.139133
2454960.159567
2454960.180001
2454960.200435
2454960.220869
2454960.241303
2454960.261738
2454960.282172
2454960.302606
2454960.323040
2454960.343475
2454960.363909
2454960.384343
2454960.404777
2454960.425211
2454960.445645
2454960.466080
2454960.486514
2454960.506948
2454960.527382
2454960.547816
2454960.568251
2454960.588685
2454960.609119
2454960.629553
2454960.649987
2454960.670422
2454960.690856
2454960.711290
2454960.731724
2454960.752158
2454960.772593
2454960.793027
2454960.813461
2454960.833895
2454960.854329
2454960.874764
2454960.895198
2454960.915632
2454960.936066
2454960.956500
2454960.976935
2454960.997369
2454961.017803
2454961.038237
2454961.058671
2454961.079106
2454961.099540
2454961.119974
2454961.140408
2454961.160842
2454961.181277
2454961.201711
2454961.222145
2454961.242579
2454961.263013
2454961.283448
2454961.303882
2454961.324316
2454961.344750
2454961.365184
2454961.385619
2454961.406053
2454961.426487
2454961.446921
2454961.467355
2454961.487789
2454961.508224
2454961.528658
2454961.549092
2454961.569526
2454961.589960
2454961.610395
2454961.630829
2454961.651263
2454961.671697
2454961.692131
2454961.712566
2454961.733000
2454961.753434
2454961.773868
2454961.794302
2454961.814737
2454961.835171
2454961.855605
2454961.876039
2454961.896473
2454961.916908
2454961.937342
2454961.957776
2454961.978210
2454961.998644
2454962.019079
2454962.039513
2454962.059947
2454962.080381
2454962.100815
2454962.121250
2454962.141684
2454962.162118
2454962.182552
2454962.202986
2454962.223421
2454962.243855
2454962.264289
2454962.284723
2454962.305157
2454962.325591
2454962.346026
2454962.366460
2454962.386894
2454962.407328
2454962.427762
2454962.448197
2454962.468631
2454962.489065
2454962.509499
2454962.529933
2454962.550368
2454962.570802
2454962.591236
2454962.611670
2454962.632104
2454962.652539
2454962.672973
2454962.693407
2454962.713841
2454962.734275
2454962.754710
2454962.775144
2454962.795578
2454962.816012
2454962.836446
2454962.856880
2454962.877315
2454962.897749
2454962.918183
2454962.938617
2454962.959051
2454962.979486
2454962.999920
2454963.020354
2454963.040788
2454963.061222
2454963.081657
2454963.102091
2454963.122525
2454963.142959
2454963.163393
2454963.183828
2454963.204262
2454963.224696
2454963.245130
