2455739.845348
2455739.865782
2455739.886216
2455739.906650
2455739.927084
2455739.947518
2455739.967953
2455739.988387
2455740.008821
2455740.029255
2455740.049689
2455740.070123
2455740.090557
2455740.110991
2455740.131425
2455740.151859
2455740.172293
2455740.192727
2455740.213161
2455740.233595
2455740.254030
2455740.274463
2455740.294898
2455740.315332
2455740.335766
2455740.356200
2455740.376634
2455740.397068
2455740.417502
2455740.437936
2455740.458370
2455740.478804
2455740.499238
2455740.519672
2455740.540106
2455740.560540
2455740.580974
2455740.601408
2455740.621842
2455740.642277
2455740.662711
2455740.683145
2455740.703579
2455740.724013
2455740.744447
2455740.764881
2455740.785315
2455740.805749
2455740.826183
2455740.846617
2455740.867051
2455740.887485
2455740.907919
2455740.928353
2455740.948787
2455740.969221
2455740.989656
2455741.010090
2455741.030524
2455741.050958
2455741.071392
2455741.091826
2455741.112260
2455741.132694
2455741.153128
2455741.173562
2455741.193996
2455741.214430
2455741.234864
2455741.255298
2455741.275732
2455741.296166
2455741.316600
2455741.337035
2455741.357469
2455741.377903
2455741.398337
2455741.418771
2455741.439205
2455741.459639
2455741.480073
2455741.500507
2455741.520941
2455741.541375
2455741.561809
2455741.582243
2455741.602677
2455741.623111
2455741.643545
2455741.663979
2455741.684413
2455741.704847
2455741.725282
2455741.745716
2455741.766150
2455741.786584
2455741.807018
2455741.827452
2455741.847886
2455741.868320
2455741.888754
2455741.909188
2455741.929622
2455741.950056
2455741.970490
2455741.990924
2455742.011358
2455742.031792
2455742.052226
2455742.072660
2455742.093094
2455742.113529
2455742.133963
2455742.154397
2455742.174831
2455742.195265
2455742.215699
2455742.236133
2455742.256567
2455742.277001
2455742.297435
2455742.317869
2455742.338303
2455742.358737
2455742.379171
2455742.399605
2455742.420039
2455742.440473
2455742.460907
2455742.481341
2455742.501775
2455742.522209
2455742.542643
2455742.563078
2455742.583512
2455742.603946
2455742.624380
2455742.644814
2455742.665248
2455742.685682
2455742.706116
2455742.726550
2455742.746984
2455742.767418
2455742.787852
2455742.808286
2455742.828720
2455742.849154
2455742.869588
2455742.890022
2455742.910456
2455742.930890
2455742.951324
2455742.971759
2455742.992192
2455743.012627
2455743.033061
2455743.053495
2455743.073929
2455743.094363
2455743.114797
2455743.135231
2455743.155665
2455743.176099
2455743.196533
2455743.216967
2455743.237401
2455743.257835
2455743.278269
2455743.298703
2455743.319137
2455743.339571
2455743.360005
2455743.380439
2455743.400873
2455743.421307
2455743.441741
2455743.462176
2455743.482610
2455743.503044
2455743.523478
2455743.543912
2455743.564346
2455743.584780
2455743.605214
2455743.625648
2455743.646082
2455743.666516
2455743.686950
2455743.707384
2455743.727818
2455743.748252
2455743.768686
2455743.789120
2455743.809554
2455743.829988
2455743.850422
2455743.870856
2455743.891290
2455743.911724
2455743.932158
2455743.952592
2455743.973027
2455743.993460
2455744.013894
2455744.034329
2455744.054763
2455744.075197
2455744.095631
2455744.116065
2455744.136499
2455744.156933
2455744.177367
2455744.197801
2455744.218235
2455744.238669
2455744.259103
2455744.279537
2455744.299971
2455744.320405
2455744.340839
2455744.361273
2455744.381707
2455744.402141
2455744.422575
2455744.443009
2455744.463443
2455744.483877
2455744.504311
2455744.524745
2455744.545179
2455744.565614
2455744.586048
2455744.606482
2455744.626916
2455744.647350
2455744.667784
2455744.688218
2455744.708652
2455744.729086
2455744.749520
2455744.769954
2455744.790388
2455744.810822
2455744.831256
2455744.851690
2455744.872124
2455744.892558
2455744.912992
2455744.933426
2455744.953860
2455744.974294
2455744.994728
2455745.015162
2455745.035596
2455745.056030
2455745.076464
2455745.096898
2455745.117332
2455745.137766
2455745.158200
2455745.178634
2455745.199069
2455745.219503
2455745.239936
2455745.260371
2455745.280805
2455745.301239
2455745.321673
2455745.342107
2455745.362541
2455745.382975
2455745.403409
2455745.423843
2455745.444277
2455745.464711
2455745.485145
2455745.505579
2455745.526013
2455745.546447
2455745.566881
2455745.587315
2455745.607749
2455745.628183
2455745.648617
2455745.669051
2455745.689485
2455745.709919
2455745.730353
2455745.750787
2455745.771221
2455745.791655
2455745.812089
2455745.832523
2455745.852957
2455745.873391
2455745.893825
2455745.914259
2455745.934694
2455745.955127
2455745.975561
2455745.995996
2455746.016430
2455746.036864
2455746.057298
2455746.077732
2455746.098166
2455746.118600
2455746.139034
2455746.159468
2455746.179902
2455746.200336
2455746.220770
2455746.241204
2455746.261638
2455746.282072
2455746.302506
2455746.322940
2455746.343374
2455746.363808
2455746.384242
2455746.404676
2455746.425110
2455746.445544
2455746.465978
2455746.486412
2455746.506846
2455746.527280
2455746.547714
2455746.568148
2455746.588582
2455746.609016
2455746.629450
2455746.649884
2455746.670318
2455746.690752
2455746.711186
2455746.731620
2455746.752054
2455746.772488
2455746.792922
2455746.813356
2455746.833790
2455746.854224
2455746.874658
2455746.895093
2455746.915527
2455746.935960
2455746.956395
2455746.976829
2455746.997262
2455747.017697
2455747.038131
2455747.058565
2455747.078999
2455747.099433
2455747.119867
2455747.140301
2455747.160735
2455747.181169
2455747.201603
2455747.222037
2455747.242471
2455747.262905
2455747.283339
2455747.303773
2455747.324207
2455747.344641
2455747.365075
2455747.385509
2455747.405943
2455747.426377
2455747.446811
2455747.467245
2455747.487679
2455747.508113
2455747.528547
2455747.548981
2455747.569415
2455747.589849
2455747.610283
2455747.630717
2455747.651151
2455747.671585
2455747.692019
2455747.712453
2455747.732887
2455747.753321
2455747.773755
2455747.794189
2455747.814623
2455747.835057
2455747.855491
2455747.875925
2455747.896359
2455747.916793
2455747.937227
2455747.957661
2455747.978095
2455747.998529
2455748.018963
2455748.039397
2455748.059831
2455748.080265
2455748.100699
2455748.121133
2455748.141567
2455748.162001
2455748.182435
2455748.202869
2455748.223303
2455748.243737
2455748.264171
2455748.284605
2455748.305039
2455748.325473
2455748.345907
2455748.366341
2455748.386775
2455748.407209
2455748.427643
2455748.448077
2455748.468511
2455748.488945
2455748.509379
2455748.529813
2455748.550247
2455748.570681
2455748.591115
2455748.611549
2455748.631983
2455748.652418
2455748.672851
2455748.693286
2455748.713720
2455748.734153
2455748.754588
2455748.775022
2455748.795455
2455748.815890
2455748.836323
2455748.856757
2455748.877191
2455748.897625
2455748.918060
2455748.938493
2455748.958927
2455748.979362
2455748.999795
2455749.020229
2455749.040664
2455749.061097
2455749.081531
2455749.101965
2455749.122399
2455749.142833
2455749.163268
2455749.183701
2455749.204136
2455749.224570
2455749.245003
2455749.265438
2455749.285872
2455749.306305
2455749.326740
2455749.347174
2455749.367607
2455749.388042
2455749.408476
2455749.428910
2455749.449344
2455749.469778
2455749.490212
2455749.510645
2455749.531079
2455749.551514
2455749.571947
2455749.592381
2455749.612816
2455749.633250
2455749.653684
2455749.674118
2455749.694552
2455749.714986
2455749.735420
2455749.755854
2455749.776288
2455749.796722
2455749.817155
2455749.837589
2455749.858023
2455749.878457
2455749.898891
2455749.919325
2455749.939760
2455749.960193
2455749.980627
2455750.001062
2455750.021495
2455750.041929
2455750.062363
2455750.082797
2455750.103231
2455750.123665
2455750.144099
2455750.164533
2455750.184967
2455750.205401
2455750.225836
2455750.246269
2455750.266703
2455750.287137
2455750.307571
2455750.328005
2455750.348439
2455750.368873
2455750.389307
2455750.409741
2455750.430175
2455750.450609
2455750.471043
2455750.491477
2455750.511911
2455750.532345
2455750.552779
2455750.573213
2455750.593647
2455750.614081
2455750.634515
2455750.654949
2455750.675383
2455750.695817
2455750.716251
2455750.736685
2455750.757119
2455750.777553
2455750.797987
2455750.818421
2455750.838855
2455750.859289
2455750.879723
2455750.900157
2455750.920591
2455750.941025
2455750.961459
2455750.981893
2455751.002327
2455751.022761
2455751.043195
2455751.063629
2455751.084063
2455751.104497
2455751.124931
2455751.145365
2455751.165799
2455751.186233
2455751.206667
2455751.227101
2455751.247535
2455751.267969
2455751.288403
2455751.308837
2455751.329271
2455751.349705
2455751.370139
2455751.390573
2455751.411007
2455751.431441
2455751.451875
2455751.472309
2455751.492743
2455751.513177
2455751.533611
2455751.554045
2455751.574479
2455751.594913
2455751.615347
2455751.635781
2455751.656215
2455751.676649
2455751.697083
2455751.717517
2455751.737951
2455751.758384
2455751.778818
2455751.799252
2455751.819686
2455751.840120
2455751.860554
2455751.880988
2455751.901422
2455751.921856
2455751.942290
2455751.962724
2455751.983158
2455752.003592
2455752.024026
2455752.044460
2455752.064894
2455752.085328
2455752.105762
2455752.126196
2455752.146630
2455752.167064
2455752.187498
2455752.207932
2455752.228366
2455752.248800
2455752.269234
2455752.289668
2455752.310102
2455752.330536
2455752.350970
2455752.371404
2455752.391838
2455752.412272
2455752.432706
2455752.453140
2455752.473574
2455752.494008
2455752.514442
2455752.534876
2455752.555310
2455752.575744
2455752.596178
2455752.616612
2455752.637046
2455752.657480
2455752.677914
2455752.698348
2455752.718782
2455752.739215
2455752.759649
2455752.780083
2455752.800517
2455752.820951
2455752.841385
2455752.861819
2455752.882253
2455752.902687
2455752.923121
2455752.943555
2455752.963989
2455752.984423
2455753.004857
2455753.025291
2455753.045725
2455753.066159
2455753.086593
2455753.107027
2455753.127461
2455753.147895
2455753.168329
2455753.188763
2455753.209197
2455753.229631
2455753.250065
2455753.270499
2455753.290933
2455753.311367
2455753.331801
2455753.352235
2455753.372669
2455753.393103
2455753.413537
2455753.433971
2455753.454405
2455753.474838
2455753.495272
2455753.515707
2455753.536140
2455753.556574
2455753.577008
2455753.597442
2455753.617876
2455753.638310
2455753.658744
2455753.679178
2455753.699612
2455753.720046
2455753.740480
2455753.760914
2455753.781348
2455753.801782
2455753.822216
2455753.842650
2455753.863084
2455753.883518
2455753.903952
2455753.924386
2455753.944820
2455753.965254
2455753.985688
2455754.006122
2455754.026556
2455754.046990
2455754.067424
2455754.087858
2455754.108291
2455754.128725
2455754.149159
2455754.169593
2455754.190027
2455754.210461
2455754.230895
2455754.251329
2455754.271763
2455754.292197
2455754.312631
2455754.333065
2455754.353499
2455754.373933
2455754.394367
2455754.414801
2455754.435235
2455754.455669
2455754.476103
2455754.496537
2455754.516971
2455754.537405
2455754.557839
2455754.578273
2455754.598707
2455754.619140
2455754.639574
2455754.660008
2455754.680442
2455754.700876
2455754.721310
2455754.741744
2455754.762178
2455754.782612
2455754.803046
2455754.823480
2455754.843914
2455754.864348
2455754.884782
2455754.905216
2455754.925650
2455754.946084
2455754.966518
2455754.986952
2455755.007386
2455755.027820
2455755.048254
2455755.068688
2455755.089122
2455755.109556
2455755.129989
2455755.150423
2455755.170857
2455755.191291
2455755.211725
2455755.232159
2455755.252593
2455755.273027
2455755.293461
2455755.313895
2455755.334329
2455755.354763
2455755.375197
2455755.395631
2455755.416065
2455755.436499
2455755.456933
2455755.477367
2455755.497801
2455755.518235
2455755.538669
2455755.559103
2455755.579537
2455755.599970
2455755.620404
2455755.640838
2455755.661272
2455755.681706
2455755.702140
2455755.722574
2455755.743008
2455755.763442
2455755.783876
2455755.804310
2455755.824744
2455755.845178
2455755.865612
2455755.886046
2455755.906480
2455755.926914
2455755.947348
2455755.967782
2455755.988215
2455756.008649
2455756.029083
2455756.049517
2455756.069951
2455756.090385
2455756.110819
2455756.131253
2455756.151687
2455756.172121
2455756.192555
2455756.212989
2455756.233423
2455756.253857
2455756.274291
2455756.294725
2455756.315159
2455756.335593
2455756.356027
2455756.376461
2455756.396894
2455756.417328
2455756.437762
2455756.458196
2455756.478630
2455756.499064
2455756.519498
2455756.539932
2455756.560366
2455756.580800
2455756.601234
2455756.621668
2455756.642102
2455756.662536
2455756.682970
2455756.703404
2455756.723838
2455756.744271
2455756.764706
2455756.785139
2455756.805573
2455756.826007
2455756.846441
2455756.866875
2455756.887309
2455756.907743
2455756.928177
2455756.948611
2455756.969045
2455756.989479
2455757.009913
2455757.030347
2455757.050781
2455757.071215
2455757.091649
2455757.112083
2455757.132516
2455757.152950
2455757.173384
2455757.193818
2455757.214252
2455757.234686
2455757.255120
2455757.275554
2455757.295988
2455757.316422
2455757.336856
2455757.357290
2455757.377724
2455757.398158
2455757.418592
2455757.439026
2455757.459459
2455757.479893
2455757.500327
2455757.520761
2455757.541195
2455757.561629
2455757.582063
2455757.602497
2455757.622931
2455757.643365
2455757.663799
2455757.684233
2455757.704667
2455757.725101
2455757.745535
2455757.765969
2455757.786402
2455757.806836
2455757.827270
2455757.847704
2455757.868138
2455757.888572
2455757.909006
2455757.929440
2455757.949874
2455757.970308
2455757.990742
2455758.011176
2455758.031610
2455758.052044
2455758.072478
2455758.092912
2455758.113345
2455758.133779
2455758.154213
2455758.174647
2455758.195081
2455758.215515
2455758.235949
2455758.256383
2455758.276817
2455758.297251
2455758.317685
2455758.338119
2455758.358553
2455758.378987
2455758.399420
2455758.419854
2455758.440288
2455758.460722
2455758.481156
2455758.501590
2455758.522024
2455758.542458
2455758.562892
2455758.583326
2455758.603760
2455758.624194
2455758.644628
2455758.665062
2455758.685495
2455758.705929
2455758.726363
2455758.746797
2455758.767231
2455758.787665
2455758.808099
2455758.828533
2455758.848967
2455758.869401
2455758.889835
2455758.910269
2455758.930703
2455758.951137
2455758.971570
2455758.992004
2455759.012438
2455759.032872
2455759.053306
2455759.073740
2455759.094174
2455759.114608
2455759.135042
2455759.155476
2455759.175910
2455759.196344
2455759.216778
2455759.237211
2455759.257645
2455759.278079
2455759.298513
2455759.318947
2455759.339381
2455759.359815
2455759.380249
2455759.400683
2455759.421117
2455759.441551
2455759.461985
2455759.482419
2455759.502853
2455759.523286
2455759.543720
2455759.564154
2455759.584588
2455759.605022
2455759.625456
2455759.645890
2455759.666324
2455759.686758
2455759.707192
2455759.727626
2455759.748060
2455759.768493
2455759.788927
2455759.809361
2455759.829795
2455759.850229
2455759.870663
2455759.891097
2455759.911531
2455759.931965
2455759.952399
2455759.972833
2455759.993267
2455760.013701
2455760.034134
2455760.054568
2455760.075002
2455760.095436
2455760.115870
2455760.136304
2455760.156738
2455760.177172
2455760.197606
2455760.218040
2455760.238474
2455760.258907
2455760.279341
2455760.299775
2455760.320209
2455760.340643
2455760.361077
2455760.381511
2455760.401945
2455760.422379
2455760.442813
2455760.463247
2455760.483680
2455760.504114
2455760.524548
2455760.544982
2455760.565416
2455760.585850
2455760.606284
2455760.626718
2455760.647152
2455760.667586
2455760.688020
2455760.708454
2455760.728887
2455760.749321
2455760.769755
2455760.790189
2455760.810623
2455760.831057
2455760.851491
2455760.871925
2455760.892359
2455760.912793
2455760.933227
2455760.953660
2455760.974094
2455760.994528
2455761.014962
2455761.035396
2455761.055830
2455761.076264
2455761.096698
2455761.117132
2455761.137566
2455761.158000
2455761.178434
2455761.198867
2455761.219301
2455761.239735
2455761.260169
2455761.280603
2455761.301037
2455761.321471
2455761.341905
2455761.362339
2455761.382773
2455761.403206
2455761.423640
2455761.444074
2455761.464508
2455761.484942
2455761.505376
2455761.525810
2455761.546244
2455761.566678
2455761.587112
2455761.607546
2455761.627979
2455761.648413
2455761.668847
2455761.689281
2455761.709715
2455761.730149
2455761.750583
2455761.771017
2455761.791451
2455761.811885
2455761.832319
2455761.852752
2455761.873186
2455761.893620
2455761.914054
2455761.934488
2455761.954922
2455761.975356
2455761.995790
2455762.016224
2455762.036657
2455762.057091
2455762.077525
2455762.097959
2455762.118393
2455762.138827
2455762.159261
2455762.179695
2455762.200129
2455762.220563
2455762.240996
2455762.261430
2455762.281864
2455762.302298
2455762.322732
2455762.343166
2455762.363600
2455762.384034
2455762.404468
2455762.424902
2455762.445335
2455762.465769
2455762.486203
2455762.506637
2455762.527071
2455762.547505
2455762.567939
2455762.588373
2455762.608807
2455762.629240
2455762.649674
2455762.670108
2455762.690542
2455762.710976
2455762.731410
2455762.751844
2455762.772278
2455762.792712
2455762.813146
2455762.833579
2455762.854013
2455762.874447
2455762.894881
2455762.915315
2455762.935749
2455762.956183
2455762.976617
2455762.997051
2455763.017484
2455763.037918
2455763.058352
2455763.078786
2455763.099220
2455763.119654
2455763.140088
2455763.160522
2455763.180956
2455763.201390
2455763.221823
2455763.242257
2455763.262691
2455763.283125
2455763.303559
2455763.323993
2455763.344427
2455763.364861
2455763.385295
2455763.405728
2455763.426162
2455763.446596
2455763.467030
2455763.487464
2455763.507898
2455763.528332
2455763.548766
2455763.569200
2455763.589633
2455763.610067
2455763.630501
2455763.650935
2455763.671369
2455763.691803
2455763.712237
2455763.732671
2455763.753105
2455763.773538
2455763.793972
2455763.814406
2455763.834840
2455763.855274
2455763.875708
2455763.896142
2455763.916576
2455763.937009
2455763.957443
2455763.977877
2455763.998311
2455764.018745
2455764.039179
2455764.059613
2455764.080047
2455764.100480
2455764.120914
2455764.141348
2455764.161782
2455764.182216
2455764.202650
2455764.223084
2455764.243518
2455764.263952
2455764.284385
2455764.304819
2455764.325253
2455764.345687
2455764.366121
2455764.386555
2455764.406989
2455764.427423
2455764.447856
2455764.468290
2455764.488724
2455764.509158
2455764.529592
2455764.550026
2455764.570460
2455764.590894
2455764.611328
2455764.631761
2455764.652195
2455764.672629
2455764.693063
2455764.713497
2455764.733931
2455764.754365
2455764.774799
2455764.795232
2455764.815666
2455764.836100
2455764.856534
2455764.876968
2455764.897402
2455764.917836
2455764.938270
2455764.958703
2455764.979137
2455764.999571
2455765.020005
2455765.040439
2455765.060873
2455765.081307
2455765.101741
2455765.122175
2455765.142608
2455765.163042
2455765.183476
2455765.203910
2455765.224344
2455765.244778
2455765.265212
2455765.285645
2455765.306079
2455765.326513
2455765.346947
2455765.367381
2455765.387815
2455765.408249
2455765.428683
2455765.449117
2455765.469550
2455765.489984
2455765.510418
2455765.530852
2455765.551286
2455765.571720
2455765.592153
2455765.612587
2455765.633021
2455765.653455
2455765.673889
2455765.694323
2455765.714757
2455765.735191
2455765.755625
2455765.776058
2455765.796492
2455765.816926
2455765.837360
2455765.857794
2455765.878228
2455765.898662
2455765.919095
2455765.939529
2455765.959963
2455765.980397
2455766.000831
2455766.021265
2455766.041699
2455766.062133
2455766.082566
2455766.103000
2455766.123434
2455766.143868
2455766.164302
2455766.184736
2455766.205170
2455766.225603
2455766.246037
2455766.266471
2455766.286905
2455766.307339
2455766.327773
2455766.348207
2455766.368641
2455766.389074
2455766.409508
2455766.429942
2455766.450376
2455766.470810
2455766.491244
2455766.511677
2455766.532111
2455766.552545
2455766.572979
2455766.593413
2455766.613847
2455766.634281
2455766.654715
2455766.675148
2455766.695582
2455766.716016
2455766.736450
2455766.756884
2455766.777318
2455766.797752
2455766.818185
2455766.838619
2455766.859053
2455766.879487
2455766.899921
2455766.920355
2455766.940789
2455766.961222
2455766.981656
2455767.002090
2455767.022524
2455767.042958
2455767.063392
2455767.083826
2455767.104260
2455767.124693
2455767.145127
2455767.165561
2455767.185995
2455767.206429
2455767.226863
2455767.247296
2455767.267730
2455767.288164
2455767.308598
2455767.329032
2455767.349466
2455767.369900
2455767.390334
2455767.410767
2455767.431201
2455767.451635
2455767.472069
2455767.492503
2455767.512937
2455767.533370
2455767.553804
2455767.574238
2455767.594672
2455767.615106
2455767.635540
2455767.655973
2455767.676407
2455767.696841
2455767.717275
2455767.737709
2455767.758143
2455767.778577
2455767.799011
2455767.819444
2455767.839878
2455767.860312
2455767.880746
2455767.901180
2455767.921614
2455767.942047
2455767.962481
2455767.982915
2455768.003349
2455768.023783
2455768.044217
2455768.064651
2455768.085084
2455768.105518
2455768.125952
2455768.146386
2455768.166820
2455768.187254
2455768.207688
2455768.228121
2455768.248555
2455768.268989
2455768.289423
2455768.309857
2455768.330291
2455768.350725
2455768.371158
2455768.391592
2455768.412026
2455768.432460
2455768.452894
2455768.473328
2455768.493761
2455768.514195
2455768.534629
2455768.555063
2455768.575497
2455768.595931
2455768.616364
2455768.636798
2455768.657232
2455768.677666
2455768.698100
2455768.718534
2455768.738967
2455768.759401
2455768.779835
2455768.800269
2455768.820703
2455768.841137
2455768.861571
2455768.882004
2455768.902438
2455768.922872
2455768.943306
2455768.963740
2455768.984174
2455769.004607
2455769.025041
2455769.045475
2455769.065909
2455769.086343
2455769.106777
2455769.127210
2455769.147644
2455769.168078
2455769.188512
2455769.208946
2455769.229380
2455769.249814
2455769.270247
2455769.290681
2455769.311115
2455769.331549
2455769.351983
2455769.372417
2455769.392850
2455769.413284
2455769.433718
2455769.454152
2455769.474586
2455769.495020
2455769.515453
2455769.535887
2455769.556321
2455769.576755
2455769.597189
2455769.617623
2455769.638056
2455769.658490
2455769.678924
2455769.699358
2455769.719792
2455769.740226
2455769.760659
2455769.781093
2455769.801527
2455769.821961
2455769.842395
2455769.862829
2455769.883262
2455769.903696
2455769.924130
2455769.944564
           NaN
           NaN
           NaN
           NaN
           NaN
           NaN
           NaN
           NaN
           NaN
           NaN
           NaN
           NaN
           NaN
           NaN
           NaN
           NaN
           NaN
           NaN
           NaN
           NaN
           NaN
           NaN
           NaN
           NaN
           NaN
           NaN
           NaN
           NaN
           NaN
           NaN
           NaN
           NaN
           NaN
           NaN
           NaN
           NaN
           NaN
           NaN
           NaN
           NaN
           NaN
2455770.802785
2455770.823219
2455770.843652
2455770.864086
2455770.884520
2455770.904954
2455770.925388
2455770.945822
2455770.966255
2455770.986689
2455771.007123
2455771.027557
2455771.047991
2455771.068424
2455771.088858
2455771.109292
2455771.129726
2455771.150160
2455771.170594
2455771.191027
2455771.211461
2455771.231895
2455771.252329
2455771.272763
2455771.293196
2455771.313630
2455771.334064
2455771.354498
2455771.374932
2455771.395365
2455771.415799
2455771.436233
2455771.456667
2455771.477101
2455771.497535
2455771.517968
2455771.538402
2455771.558836
2455771.579270
2455771.599704
2455771.620138
2455771.640571
2455771.661005
2455771.681439
2455771.701873
2455771.722307
2455771.742740
2455771.763174
2455771.783608
2455771.804042
2455771.824476
2455771.844910
2455771.865343
2455771.885777
2455771.906211
2455771.926645
2455771.947079
2455771.967512
2455771.987946
2455772.008380
2455772.028814
2455772.049248
2455772.069681
2455772.090115
2455772.110549
2455772.130983
2455772.151417
2455772.171850
2455772.192284
2455772.212718
2455772.233152
2455772.253586
2455772.274020
2455772.294453
2455772.314887
2455772.335321
2455772.355755
2455772.376189
2455772.396622
2455772.417056
2455772.437490
2455772.457924
2455772.478358
2455772.498792
2455772.519225
2455772.539659
2455772.560093
2455772.580527
2455772.600961
2455772.621394
2455772.641828
2455772.662262
2455772.682696
2455772.703130
2455772.723563
2455772.743997
2455772.764431
2455772.784865
2455772.805298
2455772.825732
2455772.846166
2455772.866600
2455772.887034
2455772.907468
2455772.927902
2455772.948335
2455772.968769
2455772.989203
2455773.009637
2455773.030070
2455773.050504
2455773.070938
2455773.091372
2455773.111806
2455773.132240
2455773.152673
2455773.173107
2455773.193541
2455773.213975
2455773.234409
2455773.254842
2455773.275276
2455773.295710
2455773.316144
2455773.336578
2455773.357011
2455773.377445
2455773.397879
2455773.418313
2455773.438747
2455773.459180
2455773.479614
2455773.500048
2455773.520482
2455773.540915
2455773.561349
2455773.581783
2455773.602217
2455773.622651
2455773.643085
2455773.663518
2455773.683952
2455773.704386
2455773.724820
2455773.745254
2455773.765687
2455773.786121
2455773.806555
2455773.826989
2455773.847423
2455773.867856
2455773.888290
2455773.908724
2455773.929158
2455773.949591
2455773.970025
2455773.990459
2455774.010893
2455774.031327
2455774.051760
2455774.072194
2455774.092628
2455774.113062
2455774.133496
2455774.153929
2455774.174363
2455774.194797
2455774.215231
2455774.235665
2455774.256098
2455774.276532
2455774.296966
2455774.317400
2455774.337834
2455774.358267
2455774.378701
2455774.399135
2455774.419569
2455774.440002
2455774.460436
2455774.480870
2455774.501304
2455774.521738
2455774.542172
2455774.562605
2455774.583039
2455774.603473
2455774.623907
2455774.644340
2455774.664774
2455774.685208
2455774.705642
2455774.726076
2455774.746509
2455774.766943
2455774.787377
2455774.807811
2455774.828245
2455774.848678
2455774.869112
2455774.889546
2455774.909980
2455774.930414
2455774.950847
2455774.971281
2455774.991715
2455775.012149
2455775.032582
2455775.053016
2455775.073450
2455775.093884
2455775.114318
2455775.134751
2455775.155185
2455775.175619
2455775.196053
2455775.216487
2455775.236920
2455775.257354
2455775.277788
2455775.298222
2455775.318655
2455775.339089
2455775.359523
2455775.379957
2455775.400391
2455775.420824
2455775.441258
2455775.461692
2455775.482126
2455775.502559
2455775.522993
2455775.543427
2455775.563861
2455775.584295
2455775.604728
2455775.625162
2455775.645596
2455775.666030
2455775.686463
2455775.706897
2455775.727331
2455775.747765
2455775.768199
2455775.788632
2455775.809066
2455775.829500
2455775.849934
2455775.870367
2455775.890801
2455775.911235
2455775.931669
2455775.952103
2455775.972536
2455775.992970
2455776.013404
2455776.033838
2455776.054271
2455776.074705
2455776.095139
2455776.115573
2455776.136007
2455776.156440
2455776.176874
2455776.197308
2455776.217742
2455776.238175
2455776.258609
2455776.279043
2455776.299477
2455776.319911
2455776.340344
2455776.360778
2455776.381212
2455776.401646
2455776.422079
2455776.442513
2455776.462947
2455776.483381
2455776.503814
2455776.524248
2455776.544682
2455776.565116
2455776.585550
2455776.605983
2455776.626417
2455776.646851
2455776.667285
2455776.687718
2455776.708152
2455776.728586
2455776.749020
2455776.769454
2455776.789887
2455776.810321
2455776.830755
2455776.851189
2455776.871622
2455776.892056
2455776.912490
2455776.932924
2455776.953357
2455776.973791
2455776.994225
2455777.014659
2455777.035092
2455777.055526
2455777.075960
2455777.096394
2455777.116828
2455777.137261
2455777.157695
2455777.178129
2455777.198563
2455777.218997
2455777.239430
2455777.259864
2455777.280298
2455777.300731
2455777.321165
2455777.341599
2455777.362033
2455777.382467
2455777.402900
2455777.423334
2455777.443768
2455777.464202
2455777.484635
2455777.505069
2455777.525503
2455777.545937
2455777.566370
2455777.586804
2455777.607238
2455777.627672
2455777.648105
2455777.668539
2455777.688973
2455777.709407
2455777.729840
2455777.750274
2455777.770708
2455777.791142
2455777.811576
2455777.832009
2455777.852443
2455777.872877
2455777.893311
2455777.913744
2455777.934178
2455777.954612
2455777.975046
2455777.995479
2455778.015913
2455778.036347
2455778.056781
2455778.077214
2455778.097648
2455778.118082
2455778.138516
2455778.158949
2455778.179383
2455778.199817
2455778.220251
2455778.240684
2455778.261118
2455778.281552
2455778.301986
2455778.322419
2455778.342853
2455778.363287
2455778.383721
2455778.404154
2455778.424588
2455778.445022
2455778.465456
2455778.485890
2455778.506323
2455778.526757
2455778.547191
2455778.567625
2455778.588058
2455778.608492
2455778.628926
2455778.649360
2455778.669793
2455778.690227
2455778.710661
2455778.731095
2455778.751528
2455778.771962
2455778.792396
2455778.812830
2455778.833263
2455778.853697
2455778.874131
2455778.894565
2455778.914998
2455778.935432
2455778.955866
2455778.976300
2455778.996733
2455779.017167
2455779.037601
2455779.058035
2455779.078468
2455779.098902
2455779.119336
2455779.139770
2455779.160203
2455779.180637
2455779.201071
2455779.221504
2455779.241938
2455779.262372
2455779.282806
2455779.303240
2455779.323673
2455779.344107
2455779.364541
2455779.384974
2455779.405408
2455779.425842
2455779.446276
2455779.466710
2455779.487143
2455779.507577
2455779.528011
2455779.548444
2455779.568878
2455779.589312
2455779.609746
2455779.630179
2455779.650613
2455779.671047
2455779.691481
2455779.711914
2455779.732348
2455779.752782
2455779.773216
2455779.793649
2455779.814083
2455779.834517
2455779.854951
2455779.875384
2455779.895818
2455779.916252
2455779.936686
2455779.957119
2455779.977553
2455779.997987
2455780.018420
2455780.038854
2455780.059288
2455780.079722
2455780.100155
2455780.120589
2455780.141023
2455780.161457
2455780.181890
2455780.202324
2455780.222758
2455780.243192
2455780.263625
2455780.284059
2455780.304493
2455780.324927
2455780.345360
2455780.365794
2455780.386228
2455780.406661
2455780.427095
2455780.447529
2455780.467963
2455780.488397
2455780.508830
2455780.529264
2455780.549698
2455780.570131
2455780.590565
2455780.610999
2455780.631433
2455780.651866
2455780.672300
2455780.692734
2455780.713167
2455780.733601
2455780.754035
2455780.774469
2455780.794902
2455780.815336
2455780.835770
2455780.856204
2455780.876637
2455780.897071
2455780.917505
2455780.937939
2455780.958372
2455780.978806
2455780.999240
2455781.019673
2455781.040107
2455781.060541
2455781.080975
2455781.101408
2455781.121842
2455781.142276
2455781.162710
2455781.183143
2455781.203577
2455781.224011
2455781.244445
2455781.264878
2455781.285312
2455781.305746
2455781.326179
2455781.346613
2455781.367047
2455781.387481
2455781.407914
2455781.428348
2455781.448782
2455781.469216
2455781.489649
2455781.510083
2455781.530517
2455781.550950
2455781.571384
2455781.591818
2455781.612252
2455781.632685
2455781.653119
2455781.673553
2455781.693986
2455781.714420
2455781.734854
2455781.755288
2455781.775721
2455781.796155
2455781.816589
2455781.837023
2455781.857456
2455781.877890
2455781.898324
2455781.918757
2455781.939191
2455781.959625
2455781.980059
2455782.000492
2455782.020926
2455782.041360
2455782.061793
2455782.082227
2455782.102661
2455782.123095
2455782.143528
2455782.163962
2455782.184396
2455782.204829
2455782.225263
2455782.245697
2455782.266131
2455782.286564
2455782.306998
2455782.327432
2455782.347866
2455782.368299
2455782.388733
2455782.409167
2455782.429600
2455782.450034
2455782.470468
2455782.490901
2455782.511335
2455782.531769
2455782.552203
2455782.572636
2455782.593070
2455782.613504
2455782.633938
2455782.654371
2455782.674805
2455782.695239
2455782.715672
2455782.736106
2455782.756540
2455782.776973
2455782.797407
2455782.817841
2455782.838275
2455782.858708
2455782.879142
2455782.899576
2455782.920010
2455782.940443
2455782.960877
2455782.981311
2455783.001744
2455783.022178
2455783.042612
2455783.063045
2455783.083479
2455783.103913
2455783.124347
2455783.144780
2455783.165214
2455783.185648
2455783.206081
2455783.226515
2455783.246949
2455783.267383
2455783.287816
2455783.308250
2455783.328684
2455783.349117
2455783.369551
2455783.389985
2455783.410419
2455783.430852
2455783.451286
2455783.471720
2455783.492153
2455783.512587
2455783.533021
2455783.553454
2455783.573888
2455783.594322
2455783.614756
2455783.635189
2455783.655623
2455783.676057
2455783.696490
2455783.716924
2455783.737358
2455783.757792
2455783.778225
2455783.798659
2455783.819093
2455783.839526
2455783.859960
2455783.880394
2455783.900827
2455783.921261
2455783.941695
2455783.962129
2455783.982562
2455784.002996
2455784.023430
2455784.043863
2455784.064297
2455784.084731
2455784.105165
2455784.125598
2455784.146032
2455784.166466
2455784.186899
2455784.207333
2455784.227767
2455784.248200
2455784.268634
2455784.289068
2455784.309501
2455784.329935
2455784.350369
2455784.370802
2455784.391236
2455784.411670
2455784.432104
2455784.452537
2455784.472971
2455784.493405
2455784.513838
2455784.534272
2455784.554706
2455784.575139
2455784.595573
2455784.616007
2455784.636441
2455784.656874
2455784.677308
2455784.697742
2455784.718175
2455784.738609
2455784.759043
2455784.779476
2455784.799910
2455784.820344
2455784.840777
2455784.861211
2455784.881645
2455784.902079
2455784.922512
2455784.942946
2455784.963380
2455784.983813
2455785.004247
2455785.024681
2455785.045114
2455785.065548
2455785.085982
2455785.106415
2455785.126849
2455785.147283
2455785.167717
2455785.188150
2455785.208584
2455785.229018
2455785.249451
2455785.269885
2455785.290319
2455785.310752
2455785.331186
2455785.351620
2455785.372053
2455785.392487
2455785.412921
2455785.433355
2455785.453788
2455785.474222
2455785.494656
2455785.515089
2455785.535523
2455785.555957
2455785.576390
2455785.596824
2455785.617258
2455785.637691
2455785.658125
2455785.678559
2455785.698992
2455785.719426
2455785.739860
2455785.760293
2455785.780727
2455785.801161
2455785.821595
2455785.842028
2455785.862462
2455785.882896
2455785.903329
2455785.923763
2455785.944197
2455785.964630
2455785.985064
2455786.005498
2455786.025931
2455786.046365
2455786.066799
2455786.087232
2455786.107666
2455786.128100
2455786.148533
2455786.168967
2455786.189401
2455786.209834
2455786.230268
2455786.250702
2455786.271136
2455786.291569
2455786.312003
2455786.332437
2455786.352870
2455786.373304
2455786.393738
2455786.414171
2455786.434605
2455786.455039
2455786.475472
2455786.495906
2455786.516340
2455786.536773
2455786.557207
2455786.577641
2455786.598074
2455786.618508
2455786.638942
2455786.659375
2455786.679809
2455786.700243
2455786.720676
2455786.741110
2455786.761544
2455786.781977
2455786.802411
2455786.822845
2455786.843278
2455786.863712
2455786.884146
2455786.904579
2455786.925013
2455786.945447
2455786.965880
2455786.986314
2455787.006748
2455787.027182
2455787.047615
2455787.068049
2455787.088483
2455787.108916
2455787.129350
2455787.149784
2455787.170217
2455787.190651
2455787.211085
2455787.231518
2455787.251952
2455787.272386
2455787.292819
2455787.313253
2455787.333687
2455787.354120
2455787.374554
2455787.394988
2455787.415421
2455787.435855
2455787.456289
2455787.476722
2455787.497156
2455787.517590
2455787.538023
2455787.558457
2455787.578891
2455787.599324
2455787.619758
2455787.640192
2455787.660625
2455787.681059
2455787.701493
2455787.721926
2455787.742360
2455787.762794
2455787.783227
2455787.803661
2455787.824095
2455787.844528
2455787.864962
2455787.885396
2455787.905829
2455787.926263
2455787.946697
2455787.967130
2455787.987564
2455788.007998
2455788.028431
2455788.048865
2455788.069299
2455788.089732
2455788.110166
2455788.130600
2455788.151033
2455788.171467
2455788.191901
2455788.212334
2455788.232768
2455788.253202
2455788.273635
2455788.294069
2455788.314503
2455788.334936
2455788.355370
2455788.375803
2455788.396237
2455788.416671
2455788.437104
2455788.457538
2455788.477972
2455788.498405
2455788.518839
2455788.539273
2455788.559706
2455788.580140
2455788.600574
2455788.621007
2455788.641441
2455788.661875
2455788.682308
2455788.702742
2455788.723176
2455788.743609
2455788.764043
2455788.784477
2455788.804910
2455788.825344
2455788.845778
2455788.866211
2455788.886645
2455788.907078
2455788.927512
2455788.947946
2455788.968379
2455788.988813
2455789.009247
2455789.029680
2455789.050114
2455789.070548
2455789.090981
2455789.111415
2455789.131849
2455789.152282
2455789.172716
2455789.193150
2455789.213583
2455789.234017
2455789.254451
2455789.274884
2455789.295318
2455789.315752
2455789.336185
2455789.356619
2455789.377052
2455789.397486
2455789.417920
2455789.438353
2455789.458787
2455789.479221
2455789.499654
2455789.520088
2455789.540522
2455789.560955
2455789.581389
2455789.601823
2455789.622256
2455789.642690
2455789.663124
2455789.683557
2455789.703991
2455789.724424
2455789.744858
2455789.765292
2455789.785726
2455789.806159
2455789.826593
2455789.847026
2455789.867460
2455789.887894
2455789.908327
2455789.928761
2455789.949195
2455789.969628
2455789.990062
2455790.010496
2455790.030929
2455790.051363
2455790.071796
2455790.092230
2455790.112664
2455790.133097
2455790.153531
2455790.173965
2455790.194398
2455790.214832
2455790.235266
2455790.255699
2455790.276133
2455790.296567
2455790.317000
2455790.337434
2455790.357867
2455790.378301
2455790.398735
2455790.419168
2455790.439602
2455790.460036
2455790.480469
2455790.500903
2455790.521336
2455790.541770
2455790.562204
2455790.582637
2455790.603071
2455790.623505
2455790.643938
2455790.664372
2455790.684806
2455790.705239
2455790.725673
2455790.746107
2455790.766540
2455790.786974
2455790.807407
2455790.827841
2455790.848275
2455790.868708
2455790.889142
2455790.909576
2455790.930009
2455790.950443
2455790.970876
2455790.991310
2455791.011744
2455791.032177
2455791.052611
2455791.073045
2455791.093478
2455791.113912
2455791.134346
2455791.154779
2455791.175213
2455791.195646
2455791.216080
2455791.236514
2455791.256947
2455791.277381
2455791.297815
2455791.318248
2455791.338682
2455791.359115
2455791.379549
2455791.399983
2455791.420416
2455791.440850
2455791.461284
2455791.481717
2455791.502151
2455791.522585
2455791.543018
2455791.563452
2455791.583885
2455791.604319
2455791.624753
2455791.645186
2455791.665620
2455791.686054
2455791.706487
2455791.726921
2455791.747354
2455791.767788
2455791.788222
2455791.808655
2455791.829089
2455791.849523
2455791.869956
2455791.890390
2455791.910823
2455791.931257
2455791.951691
2455791.972124
2455791.992558
2455792.012991
2455792.033425
2455792.053859
2455792.074292
2455792.094726
2455792.115160
2455792.135593
2455792.156027
2455792.176461
2455792.196894
2455792.217328
2455792.237761
2455792.258195
2455792.278629
2455792.299062
2455792.319496
2455792.339929
2455792.360363
2455792.380797
2455792.401230
2455792.421664
2455792.442098
2455792.462531
2455792.482965
2455792.503398
2455792.523832
2455792.544266
2455792.564699
2455792.585133
2455792.605567
2455792.626000
2455792.646434
2455792.666867
2455792.687301
2455792.707735
2455792.728168
2455792.748602
2455792.769035
2455792.789469
2455792.809903
2455792.830336
2455792.850770
2455792.871204
2455792.891637
2455792.912071
2455792.932504
2455792.952938
2455792.973372
2455792.993805
2455793.014239
2455793.034672
2455793.055106
2455793.075540
2455793.095973
2455793.116407
2455793.136840
2455793.157274
2455793.177708
2455793.198141
2455793.218575
2455793.239009
2455793.259442
2455793.279876
2455793.300309
2455793.320743
2455793.341177
2455793.361610
2455793.382044
2455793.402478
2455793.422911
2455793.443345
2455793.463778
2455793.484212
2455793.504645
2455793.525079
2455793.545513
2455793.565946
2455793.586380
2455793.606813
2455793.627247
2455793.647681
2455793.668114
2455793.688548
2455793.708982
2455793.729415
2455793.749849
2455793.770282
2455793.790716
2455793.811150
2455793.831583
2455793.852017
2455793.872450
2455793.892884
2455793.913318
2455793.933751
2455793.954185
2455793.974619
2455793.995052
2455794.015486
2455794.035919
2455794.056353
2455794.076786
2455794.097220
2455794.117654
2455794.138087
2455794.158521
2455794.178955
2455794.199388
2455794.219822
2455794.240255
2455794.260689
2455794.281122
2455794.301556
2455794.321990
2455794.342423
2455794.362857
2455794.383291
2455794.403724
2455794.424158
2455794.444591
2455794.465025
2455794.485459
2455794.505892
2455794.526326
2455794.546759
2455794.567193
2455794.587626
2455794.608060
2455794.628494
2455794.648927
2455794.669361
2455794.689794
2455794.710228
2455794.730662
2455794.751095
2455794.771529
2455794.791962
2455794.812396
2455794.832830
2455794.853263
2455794.873697
2455794.894131
2455794.914564
2455794.934998
2455794.955431
2455794.975865
2455794.996298
2455795.016732
2455795.037166
2455795.057599
2455795.078033
2455795.098466
2455795.118900
2455795.139333
2455795.159767
2455795.180201
2455795.200634
2455795.221068
2455795.241502
2455795.261935
2455795.282369
2455795.302802
2455795.323236
2455795.343669
2455795.364103
2455795.384537
2455795.404970
2455795.425404
2455795.445837
2455795.466271
2455795.486705
2455795.507138
2455795.527572
2455795.548005
2455795.568439
2455795.588873
2455795.609306
2455795.629740
2455795.650173
2455795.670607
2455795.691040
2455795.711474
2455795.731908
2455795.752341
2455795.772775
2455795.793208
2455795.813642
2455795.834076
2455795.854509
2455795.874943
2455795.895376
2455795.915810
2455795.936243
2455795.956677
2455795.977111
2455795.997544
2455796.017978
2455796.038411
2455796.058845
2455796.079279
2455796.099712
2455796.120146
2455796.140579
2455796.161013
2455796.181447
2455796.201880
2455796.222314
2455796.242747
2455796.263181
2455796.283614
2455796.304048
2455796.324482
2455796.344915
2455796.365349
2455796.385782
2455796.406216
2455796.426649
2455796.447083
2455796.467517
2455796.487950
2455796.508384
2455796.528817
2455796.549251
2455796.569684
2455796.590118
2455796.610552
2455796.630985
2455796.651419
2455796.671852
2455796.692286
2455796.712719
2455796.733153
2455796.753587
2455796.774020
2455796.794454
2455796.814887
2455796.835321
2455796.855755
2455796.876188
2455796.896622
2455796.917055
2455796.937489
2455796.957923
2455796.978356
2455796.998790
2455797.019223
2455797.039657
2455797.060090
2455797.080524
2455797.100957
2455797.121391
2455797.141825
2455797.162258
2455797.182692
2455797.203125
2455797.223559
2455797.243993
2455797.264426
2455797.284860
2455797.305293
2455797.325727
2455797.346160
2455797.366594
2455797.387027
2455797.407461
2455797.427895
2455797.448328
2455797.468762
2455797.489195
2455797.509629
2455797.530063
2455797.550496
2455797.570930
2455797.591363
2455797.611797
2455797.632230
2455797.652664
2455797.673097
2455797.693531
2455797.713965
2455797.734398
2455797.754832
2455797.775265
2455797.795699
2455797.816132
2455797.836566
2455797.857000
2455797.877433
2455797.897867
2455797.918300
2455797.938734
2455797.959167
2455797.979601
2455798.000034
2455798.020468
2455798.040902
2455798.061335
2455798.081769
2455798.102202
2455798.122636
2455798.143069
2455798.163503
2455798.183937
2455798.204370
2455798.224804
2455798.245237
2455798.265671
2455798.286104
2455798.306538
2455798.326971
2455798.347405
2455798.367839
2455798.388272
2455798.408706
2455798.429139
2455798.449573
2455798.470006
2455798.490440
2455798.510874
2455798.531307
2455798.551741
2455798.572174
2455798.592608
2455798.613041
2455798.633475
2455798.653908
2455798.674342
2455798.694776
2455798.715209
2455798.735643
2455798.756076
2455798.776510
2455798.796943
2455798.817377
2455798.837810
2455798.858244
2455798.878678
2455798.899111
2455798.919545
2455798.939978
2455798.960412
2455798.980845
2455799.001279
2455799.021713
2455799.042146
2455799.062580
2455799.083013
2455799.103447
2455799.123880
2455799.144314
2455799.164747
2455799.185181
2455799.205614
2455799.226048
2455799.246481
2455799.266915
2455799.287349
2455799.307782
2455799.328216
2455799.348649
2455799.369083
2455799.389516
2455799.409950
2455799.430384
2455799.450817
2455799.471250
2455799.491684
2455799.512118
2455799.532551
2455799.552985
2455799.573418
2455799.593852
2455799.614285
2455799.634719
2455799.655153
2455799.675586
2455799.696020
2455799.716453
2455799.736887
2455799.757320
2455799.777754
2455799.798187
2455799.818621
2455799.839054
2455799.859488
2455799.879921
2455799.900355
2455799.920789
2455799.941222
2455799.961656
2455799.982089
2455800.002523
2455800.022956
2455800.043390
2455800.063823
2455800.084257
2455800.104691
2455800.125124
2455800.145558
2455800.165991
2455800.186425
2455800.206858
2455800.227292
2455800.247725
2455800.268159
2455800.288592
2455800.309026
2455800.329459
2455800.349893
2455800.370327
2455800.390760
2455800.411194
2455800.431627
2455800.452061
2455800.472494
2455800.492928
2455800.513361
2455800.533795
2455800.554228
2455800.574662
2455800.595096
2455800.615529
2455800.635963
2455800.656396
2455800.676830
2455800.697263
2455800.717697
2455800.738130
2455800.758564
2455800.778997
2455800.799431
2455800.819864
2455800.840298
2455800.860732
2455800.881165
2455800.901598
2455800.922032
2455800.942466
2455800.962899
2455800.983333
2455801.003766
2455801.024200
2455801.044633
2455801.065067
2455801.085500
2455801.105934
2455801.126367
2455801.146801
2455801.167234
2455801.187668
2455801.208102
2455801.228535
2455801.248969
2455801.269402
2455801.289836
2455801.310269
2455801.330703
2455801.351136
2455801.371570
2455801.392003
2455801.412437
2455801.432870
2455801.453304
2455801.473737
2455801.494171
2455801.514605
2455801.535038
2455801.555472
2455801.575905
2455801.596339
2455801.616772
2455801.637206
2455801.657639
2455801.678073
2455801.698506
2455801.718940
2455801.739373
2455801.759807
2455801.780240
2455801.800674
2455801.821107
2455801.841541
2455801.861975
2455801.882408
2455801.902842
2455801.923275
2455801.943709
2455801.964142
2455801.984576
2455802.005009
2455802.025443
2455802.045876
2455802.066310
2455802.086743
2455802.107177
2455802.127610
2455802.148044
2455802.168477
2455802.188911
2455802.209344
2455802.229778
           NaN
           NaN
           NaN
           NaN
           NaN
           NaN
           NaN
           NaN
           NaN
           NaN
           NaN
           NaN
           NaN
           NaN
           NaN
           NaN
           NaN
           NaN
           NaN
           NaN
           NaN
           NaN
           NaN
           NaN
           NaN
           NaN
           NaN
           NaN
           NaN
           NaN
           NaN
           NaN
           NaN
           NaN
           NaN
           NaN
           NaN
           NaN
           NaN
           NaN
           NaN
2455803.087986
2455803.108419
2455803.128853
2455803.149286
2455803.169720
2455803.190153
2455803.210587
2455803.231020
2455803.251454
2455803.271887
2455803.292321
2455803.312754
2455803.333188
2455803.353621
2455803.374055
2455803.394488
2455803.414922
2455803.435355
2455803.455789
2455803.476222
2455803.496656
2455803.517089
2455803.537523
2455803.557956
2455803.578390
2455803.598823
2455803.619257
2455803.639691
2455803.660124
2455803.680558
2455803.700991
2455803.721425
2455803.741858
2455803.762292
2455803.782725
2455803.803159
2455803.823592
2455803.844026
2455803.864459
2455803.884893
2455803.905326
2455803.925760
2455803.946193
2455803.966627
2455803.987060
2455804.007494
2455804.027927
2455804.048361
2455804.068794
2455804.089228
2455804.109661
2455804.130095
2455804.150528
2455804.170962
2455804.191395
2455804.211829
2455804.232262
2455804.252696
2455804.273129
2455804.293563
2455804.313996
2455804.334430
2455804.354863
2455804.375297
2455804.395730
2455804.416164
2455804.436597
2455804.457031
2455804.477464
2455804.497898
2455804.518331
2455804.538765
2455804.559198
2455804.579632
2455804.600065
2455804.620499
2455804.640932
2455804.661366
2455804.681799
2455804.702233
2455804.722666
2455804.743100
2455804.763533
2455804.783967
2455804.804400
2455804.824834
2455804.845267
2455804.865701
2455804.886134
2455804.906568
2455804.927001
2455804.947435
2455804.967868
2455804.988302
2455805.008735
2455805.029169
2455805.049602
2455805.070036
2455805.090469
2455805.110903
2455805.131336
2455805.151770
2455805.172203
2455805.192637
2455805.213070
2455805.233504
2455805.253937
2455805.274371
2455805.294804
2455805.315238
2455805.335671
2455805.356104
2455805.376538
2455805.396972
2455805.417405
2455805.437838
2455805.458272
2455805.478705
2455805.499139
2455805.519572
2455805.540006
2455805.560439
2455805.580873
2455805.601306
2455805.621740
2455805.642173
2455805.662607
2455805.683040
2455805.703474
2455805.723907
2455805.744341
2455805.764774
2455805.785208
2455805.805641
2455805.826075
2455805.846508
2455805.866942
2455805.887375
2455805.907809
2455805.928242
2455805.948676
2455805.969109
2455805.989543
2455806.009976
2455806.030410
2455806.050843
2455806.071277
2455806.091710
2455806.112143
2455806.132577
2455806.153011
2455806.173444
2455806.193877
2455806.214311
2455806.234744
2455806.255178
2455806.275611
2455806.296045
2455806.316478
2455806.336912
2455806.357345
2455806.377779
2455806.398212
2455806.418646
2455806.439079
2455806.459513
2455806.479946
2455806.500380
2455806.520813
2455806.541247
2455806.561680
2455806.582114
2455806.602547
2455806.622981
2455806.643414
2455806.663848
2455806.684281
2455806.704715
2455806.725148
2455806.745581
2455806.766015
2455806.786448
2455806.806882
2455806.827315
2455806.847749
2455806.868182
2455806.888616
2455806.909049
2455806.929483
2455806.949916
2455806.970350
2455806.990783
2455807.011217
2455807.031650
2455807.052084
2455807.072517
2455807.092950
2455807.113384
2455807.133818
2455807.154251
2455807.174684
2455807.195118
2455807.215551
2455807.235985
2455807.256418
2455807.276852
2455807.297285
2455807.317719
2455807.338152
2455807.358586
2455807.379019
2455807.399453
2455807.419886
2455807.440320
2455807.460753
2455807.481187
2455807.501620
2455807.522053
2455807.542487
2455807.562920
2455807.583354
2455807.603787
2455807.624221
2455807.644654
2455807.665088
2455807.685521
2455807.705955
2455807.726388
2455807.746822
2455807.767255
2455807.787689
2455807.808122
2455807.828556
2455807.848989
2455807.869423
2455807.889856
2455807.910289
2455807.930723
2455807.951156
2455807.971590
2455807.992023
2455808.012457
2455808.032890
2455808.053324
2455808.073757
2455808.094191
2455808.114624
2455808.135057
2455808.155491
2455808.175924
2455808.196358
2455808.216791
2455808.237225
2455808.257658
2455808.278092
2455808.298525
2455808.318959
2455808.339392
2455808.359826
2455808.380259
2455808.400693
2455808.421126
2455808.441559
2455808.461993
2455808.482426
2455808.502860
2455808.523293
2455808.543727
2455808.564160
2455808.584594
2455808.605027
2455808.625461
2455808.645894
2455808.666327
2455808.686761
2455808.707194
2455808.727628
2455808.748061
2455808.768495
2455808.788928
2455808.809362
2455808.829795
2455808.850229
2455808.870662
2455808.891095
2455808.911529
2455808.931962
2455808.952396
2455808.972829
2455808.993263
2455809.013696
2455809.034130
2455809.054563
2455809.074997
2455809.095430
2455809.115864
2455809.136297
2455809.156730
2455809.177164
2455809.197597
2455809.218031
2455809.238464
2455809.258898
2455809.279331
2455809.299765
2455809.320198
2455809.340632
2455809.361065
2455809.381498
2455809.401932
2455809.422365
2455809.442799
2455809.463232
2455809.483666
2455809.504099
2455809.524532
2455809.544966
2455809.565399
2455809.585833
2455809.606266
2455809.626700
2455809.647133
2455809.667567
2455809.688000
2455809.708434
2455809.728867
2455809.749300
2455809.769734
2455809.790167
2455809.810601
2455809.831034
2455809.851468
2455809.871901
2455809.892335
2455809.912768
2455809.933201
2455809.953635
2455809.974068
2455809.994502
2455810.014935
2455810.035369
2455810.055802
2455810.076236
2455810.096669
2455810.117103
2455810.137536
2455810.157969
2455810.178403
2455810.198836
2455810.219270
2455810.239703
2455810.260137
2455810.280570
2455810.301004
2455810.321437
2455810.341870
2455810.362304
2455810.382737
2455810.403171
2455810.423604
2455810.444038
2455810.464471
2455810.484905
2455810.505338
2455810.525771
2455810.546205
2455810.566638
2455810.587072
2455810.607505
2455810.627939
2455810.648372
2455810.668805
2455810.689239
2455810.709672
2455810.730106
2455810.750539
2455810.770973
2455810.791406
2455810.811840
2455810.832273
2455810.852706
2455810.873140
2455810.893573
2455810.914007
2455810.934440
2455810.954874
2455810.975307
2455810.995741
2455811.016174
2455811.036607
2455811.057041
2455811.077474
2455811.097908
2455811.118341
2455811.138775
2455811.159208
2455811.179641
2455811.200075
2455811.220508
2455811.240942
2455811.261375
2455811.281809
2455811.302242
2455811.322675
2455811.343109
2455811.363542
2455811.383976
2455811.404409
2455811.424843
2455811.445276
2455811.465710
2455811.486143
2455811.506576
2455811.527010
2455811.547443
2455811.567877
2455811.588310
2455811.608743
2455811.629177
2455811.649610
2455811.670044
2455811.690477
2455811.710911
2455811.731344
2455811.751778
2455811.772211
2455811.792644
2455811.813078
2455811.833511
2455811.853945
2455811.874378
2455811.894811
2455811.915245
2455811.935678
2455811.956112
2455811.976545
2455811.996979
2455812.017412
2455812.037846
2455812.058279
2455812.078712
2455812.099146
2455812.119579
2455812.140013
2455812.160446
2455812.180879
2455812.201313
2455812.221746
2455812.242180
2455812.262613
2455812.283047
2455812.303480
2455812.323913
2455812.344347
2455812.364780
2455812.385214
2455812.405647
2455812.426081
2455812.446514
2455812.466947
2455812.487381
2455812.507814
2455812.528248
2455812.548681
2455812.569114
2455812.589548
2455812.609981
2455812.630415
2455812.650848
2455812.671282
2455812.691715
2455812.712148
2455812.732582
2455812.753015
2455812.773449
2455812.793882
2455812.814316
2455812.834749
2455812.855182
2455812.875616
2455812.896049
2455812.916483
2455812.936916
2455812.957349
2455812.977783
2455812.998216
2455813.018650
2455813.039083
2455813.059517
2455813.079950
2455813.100383
2455813.120817
2455813.141250
2455813.161684
2455813.182117
2455813.202550
2455813.222984
2455813.243417
2455813.263851
2455813.284284
2455813.304718
2455813.325151
2455813.345584
2455813.366018
2455813.386451
2455813.406885
2455813.427318
2455813.447751
2455813.468185
2455813.488618
2455813.509052
2455813.529485
2455813.549918
2455813.570352
2455813.590785
2455813.611219
2455813.631652
2455813.652086
2455813.672519
2455813.692952
2455813.713386
2455813.733819
2455813.754253
2455813.774686
2455813.795119
2455813.815553
2455813.835986
2455813.856420
2455813.876853
2455813.897286
2455813.917720
2455813.938153
2455813.958587
2455813.979020
2455813.999453
2455814.019887
2455814.040320
2455814.060754
2455814.081187
2455814.101621
2455814.122054
2455814.142487
2455814.162921
2455814.183354
2455814.203788
2455814.224221
2455814.244654
2455814.265088
2455814.285521
2455814.305955
2455814.326388
2455814.346821
2455814.367255
2455814.387688
2455814.408122
2455814.428555
2455814.448988
2455814.469422
2455814.489855
2455814.510289
2455814.530722
2455814.551155
2455814.571589
2455814.592022
2455814.612456
2455814.632889
2455814.653322
2455814.673756
2455814.694189
2455814.714623
2455814.735056
2455814.755489
2455814.775923
2455814.796356
2455814.816790
2455814.837223
2455814.857656
2455814.878090
2455814.898523
2455814.918957
2455814.939390
2455814.959823
2455814.980257
2455815.000690
2455815.021124
2455815.041557
2455815.061990
2455815.082424
2455815.102857
2455815.123291
2455815.143724
2455815.164157
2455815.184591
2455815.205024
2455815.225458
2455815.245891
2455815.266324
2455815.286758
2455815.307191
2455815.327625
2455815.348058
2455815.368491
2455815.388925
2455815.409358
2455815.429792
2455815.450225
2455815.470658
2455815.491092
2455815.511525
2455815.531959
2455815.552392
2455815.572825
2455815.593259
2455815.613692
2455815.634125
2455815.654559
2455815.674992
2455815.695426
2455815.715859
2455815.736292
2455815.756726
2455815.777159
2455815.797593
2455815.818026
2455815.838459
2455815.858893
2455815.879326
2455815.899760
2455815.920193
2455815.940626
2455815.961060
2455815.981493
2455816.001926
2455816.022360
2455816.042793
2455816.063227
2455816.083660
2455816.104093
2455816.124527
2455816.144960
2455816.165394
2455816.185827
2455816.206260
2455816.226694
2455816.247127
2455816.267560
2455816.287994
2455816.308427
2455816.328861
2455816.349294
2455816.369727
2455816.390161
2455816.410594
2455816.431028
2455816.451461
2455816.471894
2455816.492328
2455816.512761
2455816.533195
2455816.553628
2455816.574061
2455816.594495
2455816.614928
2455816.635361
2455816.655795
2455816.676228
2455816.696662
2455816.717095
2455816.737528
2455816.757962
2455816.778395
2455816.798828
2455816.819262
2455816.839695
2455816.860129
2455816.880562
2455816.900995
2455816.921429
2455816.941862
2455816.962295
2455816.982729
2455817.003162
2455817.023596
2455817.044029
2455817.064462
2455817.084896
2455817.105329
2455817.125763
2455817.146196
2455817.166629
2455817.187063
2455817.207496
2455817.227929
2455817.248363
2455817.268796
2455817.289230
2455817.309663
2455817.330096
2455817.350530
2455817.370963
2455817.391396
2455817.411830
2455817.432263
2455817.452697
2455817.473130
2455817.493563
2455817.513997
2455817.534430
2455817.554863
2455817.575297
2455817.595730
2455817.616163
2455817.636597
2455817.657030
2455817.677464
2455817.697897
2455817.718330
2455817.738764
2455817.759197
2455817.779630
2455817.800064
2455817.820497
2455817.840931
2455817.861364
2455817.881797
2455817.902231
2455817.922664
2455817.943097
2455817.963531
2455817.983964
2455818.004398
2455818.024831
2455818.045264
2455818.065698
2455818.086131
2455818.106564
2455818.126998
2455818.147431
2455818.167865
2455818.188298
2455818.208731
2455818.229165
2455818.249598
2455818.270031
2455818.290465
2455818.310898
2455818.331331
2455818.351765
2455818.372198
2455818.392632
2455818.413065
2455818.433498
2455818.453932
2455818.474365
2455818.494798
2455818.515232
2455818.535665
2455818.556098
2455818.576532
2455818.596965
2455818.617399
2455818.637832
2455818.658265
2455818.678699
2455818.699132
2455818.719565
2455818.739999
2455818.760432
2455818.780865
2455818.801299
2455818.821732
2455818.842166
2455818.862599
2455818.883032
2455818.903466
2455818.923899
2455818.944332
2455818.964766
2455818.985199
2455819.005632
2455819.026066
2455819.046499
2455819.066933
2455819.087366
2455819.107799
2455819.128233
2455819.148666
2455819.169099
2455819.189533
2455819.209966
2455819.230399
2455819.250833
2455819.271266
2455819.291699
2455819.312133
2455819.332566
2455819.352999
2455819.373433
2455819.393866
2455819.414300
2455819.434733
2455819.455166
2455819.475600
2455819.496033
2455819.516466
2455819.536900
2455819.557333
2455819.577766
2455819.598200
2455819.618633
2455819.639066
2455819.659500
2455819.679933
2455819.700367
2455819.720800
2455819.741233
2455819.761667
2455819.782100
2455819.802533
2455819.822967
2455819.843400
2455819.863833
2455819.884267
2455819.904700
2455819.925133
2455819.945567
2455819.966000
2455819.986433
2455820.006867
2455820.027300
2455820.047734
2455820.068167
2455820.088600
2455820.109034
2455820.129467
2455820.149900
2455820.170334
2455820.190767
2455820.211200
2455820.231634
2455820.252067
2455820.272500
2455820.292934
2455820.313367
2455820.333800
2455820.354234
2455820.374667
2455820.395100
2455820.415534
2455820.435967
2455820.456401
2455820.476834
2455820.497267
2455820.517701
2455820.538134
2455820.558567
2455820.579001
2455820.599434
2455820.619867
2455820.640301
2455820.660734
2455820.681167
2455820.701601
2455820.722034
2455820.742467
2455820.762901
2455820.783334
2455820.803767
2455820.824201
2455820.844634
2455820.865067
2455820.885501
2455820.905934
2455820.926367
2455820.946801
2455820.967234
2455820.987667
2455821.008101
2455821.028534
2455821.048967
2455821.069401
2455821.089834
2455821.110267
2455821.130701
2455821.151134
2455821.171567
2455821.192001
2455821.212434
2455821.232867
2455821.253301
2455821.273734
2455821.294168
2455821.314601
2455821.335034
2455821.355468
2455821.375901
2455821.396334
2455821.416768
2455821.437201
2455821.457634
2455821.478068
2455821.498501
2455821.518934
2455821.539368
2455821.559801
2455821.580234
2455821.600668
2455821.621101
2455821.641534
2455821.661967
2455821.682401
2455821.702834
2455821.723268
2455821.743701
2455821.764134
2455821.784568
2455821.805001
2455821.825434
2455821.845868
2455821.866301
2455821.886734
2455821.907168
2455821.927601
2455821.948034
2455821.968468
2455821.988901
2455822.009334
2455822.029768
2455822.050201
2455822.070634
2455822.091068
2455822.111501
2455822.131934
2455822.152368
2455822.172801
2455822.193234
2455822.213668
2455822.234101
2455822.254534
2455822.274968
2455822.295401
2455822.315834
2455822.336268
2455822.356701
2455822.377134
2455822.397568
2455822.418001
2455822.438434
2455822.458867
2455822.479301
2455822.499734
2455822.520167
2455822.540601
2455822.561034
2455822.581467
2455822.601901
2455822.622334
2455822.642767
2455822.663201
2455822.683634
2455822.704067
2455822.724501
2455822.744934
2455822.765367
2455822.785801
2455822.806234
2455822.826667
2455822.847101
2455822.867534
2455822.887967
2455822.908401
2455822.928834
2455822.949267
2455822.969701
2455822.990134
2455823.010567
2455823.031001
2455823.051434
2455823.071867
2455823.092301
2455823.112734
2455823.133167
2455823.153600
2455823.174034
2455823.194467
2455823.214900
2455823.235334
2455823.255767
2455823.276200
2455823.296634
2455823.317067
2455823.337500
2455823.357934
2455823.378367
2455823.398800
2455823.419234
2455823.439667
2455823.460100
2455823.480534
2455823.500967
2455823.521400
2455823.541834
2455823.562267
2455823.582700
2455823.603134
2455823.623567
2455823.644000
2455823.664433
2455823.684867
2455823.705300
2455823.725733
2455823.746167
2455823.766600
2455823.787033
2455823.807467
2455823.827900
2455823.848333
2455823.868767
2455823.889200
2455823.909633
2455823.930067
2455823.950500
2455823.970933
2455823.991367
2455824.011800
2455824.032233
2455824.052666
2455824.073100
2455824.093533
2455824.113966
2455824.134400
2455824.154833
2455824.175266
2455824.195700
2455824.216133
2455824.236566
2455824.257000
2455824.277433
2455824.297866
2455824.318299
2455824.338733
2455824.359166
2455824.379599
2455824.400033
2455824.420466
2455824.440899
2455824.461333
2455824.481766
2455824.502199
2455824.522633
2455824.543066
2455824.563499
2455824.583933
2455824.604366
2455824.624799
2455824.645232
2455824.665666
2455824.686099
2455824.706532
2455824.726966
2455824.747399
2455824.767832
2455824.788266
2455824.808699
2455824.829132
2455824.849566
2455824.869999
2455824.890432
2455824.910866
2455824.931299
2455824.951732
2455824.972165
2455824.992599
2455825.013032
2455825.033465
2455825.053899
2455825.074332
2455825.094765
2455825.115199
2455825.135632
2455825.156065
2455825.176498
2455825.196932
2455825.217365
2455825.237798
2455825.258232
2455825.278665
2455825.299098
2455825.319532
2455825.339965
2455825.360398
2455825.380832
2455825.401265
2455825.421698
2455825.442131
2455825.462565
2455825.482998
2455825.503431
2455825.523864
2455825.544298
2455825.564731
2455825.585164
2455825.605598
2455825.626031
2455825.646464
2455825.666898
2455825.687331
2455825.707764
2455825.728198
2455825.748631
2455825.769064
2455825.789497
2455825.809931
2455825.830364
2455825.850797
2455825.871231
2455825.891664
2455825.912097
2455825.932530
2455825.952964
2455825.973397
2455825.993830
2455826.014264
2455826.034697
2455826.055130
2455826.075564
2455826.095997
2455826.116430
2455826.136863
2455826.157297
2455826.177730
2455826.198163
2455826.218597
2455826.239030
2455826.259463
2455826.279897
2455826.300330
2455826.320763
2455826.341196
2455826.361630
2455826.382063
2455826.402496
2455826.422930
2455826.443363
2455826.463796
2455826.484230
2455826.504663
2455826.525096
2455826.545529
2455826.565963
2455826.586396
2455826.606829
2455826.627262
2455826.647696
2455826.668129
2455826.688562
2455826.708996
2455826.729429
2455826.749862
2455826.770296
2455826.790729
2455826.811162
2455826.831595
2455826.852029
2455826.872462
2455826.892895
2455826.913329
2455826.933762
2455826.954195
2455826.974628
2455826.995062
2455827.015495
2455827.035928
2455827.056362
2455827.076795
2455827.097228
2455827.117661
2455827.138095
2455827.158528
2455827.178961
2455827.199395
2455827.219828
2455827.240261
2455827.260694
2455827.281128
2455827.301561
2455827.321994
2455827.342428
2455827.362861
2455827.383294
2455827.403727
2455827.424161
2455827.444594
2455827.465027
2455827.485460
2455827.505894
2455827.526327
2455827.546760
2455827.567194
2455827.587627
2455827.608060
2455827.628494
2455827.648927
2455827.669360
2455827.689793
2455827.710227
2455827.730660
2455827.751093
2455827.771526
2455827.791960
2455827.812393
2455827.832826
2455827.853259
2455827.873693
2455827.894126
2455827.914560
2455827.934993
2455827.955426
2455827.975859
2455827.996293
2455828.016726
2455828.037159
2455828.057592
2455828.078026
2455828.098459
2455828.118892
2455828.139325
2455828.159759
2455828.180192
2455828.200625
2455828.221059
2455828.241492
2455828.261925
2455828.282358
2455828.302792
2455828.323225
2455828.343658
2455828.364091
2455828.384525
2455828.404958
2455828.425391
2455828.445825
2455828.466258
2455828.486691
2455828.507124
2455828.527558
2455828.547991
2455828.568424
2455828.588857
2455828.609291
2455828.629724
2455828.650157
2455828.670591
2455828.691024
2455828.711457
2455828.731890
2455828.752324
2455828.772757
2455828.793190
2455828.813623
2455828.834057
2455828.854490
2455828.874923
2455828.895357
2455828.915790
2455828.936223
2455828.956656
2455828.977090
2455828.997523
2455829.017956
2455829.038389
2455829.058823
2455829.079256
2455829.099689
2455829.120123
2455829.140556
2455829.160989
2455829.181422
2455829.201856
2455829.222289
2455829.242722
2455829.263155
2455829.283589
2455829.304022
2455829.324455
2455829.344888
2455829.365322
2455829.385755
2455829.406188
2455829.426622
2455829.447055
2455829.467488
2455829.487921
2455829.508355
2455829.528788
2455829.549221
2455829.569654
2455829.590088
2455829.610521
2455829.630954
2455829.651387
2455829.671821
2455829.692254
2455829.712687
2455829.733120
2455829.753554
2455829.773987
2455829.794420
2455829.814854
2455829.835287
2455829.855720
2455829.876153
2455829.896587
2455829.917020
2455829.937453
2455829.957886
2455829.978320
2455829.998753
2455830.019186
2455830.039619
2455830.060053
2455830.080486
2455830.100919
2455830.121352
2455830.141786
2455830.162219
2455830.182652
2455830.203085
2455830.223519
2455830.243952
2455830.264385
2455830.284819
2455830.305252
2455830.325685
2455830.346118
2455830.366552
2455830.386985
2455830.407418
2455830.427851
2455830.448285
2455830.468718
2455830.489151
2455830.509584
2455830.530018
2455830.550451
2455830.570884
2455830.591317
2455830.611751
2455830.632184
2455830.652617
2455830.673050
2455830.693484
2455830.713917
2455830.734350
2455830.754783
2455830.775217
2455830.795650
2455830.816083
2455830.836516
2455830.856950
2455830.877383
2455830.897816
2455830.918250
2455830.938683
2455830.959116
2455830.979549
2455830.999982
2455831.020416
2455831.040849
2455831.061282
2455831.081715
2455831.102149
2455831.122582
2455831.143015
2455831.163448
2455831.183882
2455831.204315
2455831.224748
2455831.245181
2455831.265615
2455831.286048
2455831.306481
2455831.326915
2455831.347348
2455831.367781
2455831.388214
2455831.408647
2455831.429081
2455831.449514
2455831.469947
2455831.490380
2455831.510814
2455831.531247
2455831.551680
2455831.572113
2455831.592547
2455831.612980
2455831.633413
2455831.653846
2455831.674280
2455831.694713
2455831.715146
2455831.735579
2455831.756013
2455831.776446
2455831.796879
2455831.817312
2455831.837746
2455831.858179
2455831.878612
2455831.899045
2455831.919479
2455831.939912
2455831.960345
2455831.980778
2455832.001212
2455832.021645
2455832.042078
2455832.062511
2455832.082945
2455832.103378
2455832.123811
2455832.144244
2455832.164677
2455832.185111
2455832.205544
2455832.225977
2455832.246411
2455832.266844
2455832.287277
2455832.307710
2455832.328143
2455832.348577
2455832.369010
2455832.389443
2455832.409876
2455832.430310
2455832.450743
2455832.471176
2455832.491609
2455832.512043
2455832.532476
2455832.552909
2455832.573342
2455832.593776
2455832.614209
2455832.634642
2455832.655075
2455832.675509
2455832.695942
2455832.716375
2455832.736808
2455832.757241
2455832.777675
2455832.798108
2455832.818541
2455832.838974
2455832.859408
2455832.879841
2455832.900274
2455832.920707
2455832.941141
2455832.961574
2455832.982007
2455833.002440
2455833.022874
2455833.043307
2455833.063740
2455833.084173
2455833.104606
2455833.125040
2455833.145473
2455833.165906
2455833.186339
2455833.206773
2455833.227206
2455833.247639
2455833.268072
