2454964.512050
2454964.532484
2454964.552918
2454964.573352
2454964.593786
2454964.614221
2454964.634655
2454964.655089
2454964.675523
2454964.695958
2454964.716392
2454964.736826
2454964.757260
2454964.777694
2454964.798128
2454964.818563
2454964.838997
2454964.859431
2454964.879865
2454964.900299
2454964.920734
2454964.941168
2454964.961602
2454964.982036
2454965.002470
2454965.022904
2454965.043339
2454965.063773
2454965.084207
2454965.104641
2454965.125075
2454965.145510
2454965.165944
2454965.186378
2454965.206812
2454965.227246
2454965.247681
2454965.268115
2454965.288549
2454965.308983
2454965.329417
2454965.349851
2454965.370286
2454965.390720
2454965.411154
2454965.431588
2454965.452022
2454965.472457
2454965.492891
2454965.513325
2454965.533759
2454965.554193
2454965.574628
2454965.595062
2454965.615496
2454965.635930
2454965.656364
2454965.676798
2454965.697233
2454965.717667
2454965.738101
2454965.758535
2454965.778970
2454965.799404
2454965.819838
2454965.840272
2454965.860706
2454965.881140
2454965.901575
2454965.922009
2454965.942443
2454965.962877
2454965.983311
2454966.003746
2454966.024180
2454966.044614
2454966.065048
2454966.085482
2454966.105916
2454966.126351
2454966.146785
2454966.167219
2454966.187653
2454966.208088
2454966.228522
2454966.248956
2454966.269390
2454966.289824
2454966.310258
2454966.330692
2454966.351127
2454966.371561
2454966.391995
2454966.412429
2454966.432864
2454966.453298
2454966.473732
2454966.494166
2454966.514600
2454966.535034
2454966.555469
2454966.575903
2454966.596337
2454966.616771
2454966.637205
2454966.657640
2454966.678074
2454966.698508
2454966.718942
2454966.739376
2454966.759810
2454966.780245
2454966.800679
2454966.821113
2454966.841547
2454966.861981
2454966.882416
2454966.902850
2454966.923284
2454966.943718
2454966.964152
2454966.984586
2454967.005021
2454967.025455
2454967.045889
2454967.066323
2454967.086757
2454967.107192
2454967.127626
2454967.148060
2454967.168494
2454967.188928
2454967.209363
2454967.229797
2454967.250231
2454967.270665
2454967.291099
2454967.311533
2454967.331968
2454967.352402
2454967.372836
2454967.393270
2454967.413704
2454967.434139
2454967.454573
2454967.475007
2454967.495441
2454967.515875
2454967.536310
2454967.556744
2454967.577178
2454967.597612
2454967.618046
2454967.638480
2454967.658915
2454967.679349
2454967.699783
2454967.720217
2454967.740651
2454967.761085
2454967.781520
2454967.801954
2454967.822388
2454967.842822
2454967.863257
2454967.883691
2454967.904125
2454967.924559
2454967.944993
2454967.965427
2454967.985862
2454968.006296
2454968.026730
2454968.047164
2454968.067598
2454968.088033
2454968.108467
2454968.128901
2454968.149335
2454968.169769
2454968.190203
2454968.210638
2454968.231072
2454968.251506
2454968.271940
2454968.292374
2454968.312809
2454968.333243
2454968.353677
2454968.374111
2454968.394545
2454968.414979
2454968.435414
2454968.455848
2454968.476282
2454968.496716
2454968.517150
2454968.537585
2454968.558019
2454968.578453
2454968.598887
2454968.619321
2454968.639755
2454968.660190
2454968.680624
2454968.701058
2454968.721492
2454968.741926
2454968.762361
2454968.782795
2454968.803229
2454968.823663
2454968.844097
2454968.864531
2454968.884966
2454968.905400
2454968.925834
2454968.946268
2454968.966702
2454968.987137
2454969.007571
2454969.028005
2454969.048439
2454969.068873
2454969.089307
2454969.109742
2454969.130176
2454969.150610
2454969.171044
2454969.191478
2454969.211912
2454969.232347
2454969.252781
2454969.273215
2454969.293649
2454969.314084
2454969.334518
2454969.354952
2454969.375386
2454969.395820
2454969.416254
2454969.436689
2454969.457123
2454969.477557
2454969.497991
2454969.518425
2454969.538859
2454969.559294
2454969.579728
2454969.600162
2454969.620596
2454969.641030
2454969.661465
2454969.681899
2454969.702333
2454969.722767
2454969.743201
2454969.763635
2454969.784070
2454969.804504
2454969.824938
2454969.845372
2454969.865806
2454969.886240
2454969.906675
2454969.927109
2454969.947543
2454969.967977
2454969.988411
2454970.008846
2454970.029280
2454970.049714
2454970.070148
2454970.090582
2454970.111017
2454970.131451
2454970.151885
2454970.172319
2454970.192753
2454970.213187
2454970.233622
2454970.254056
2454970.274490
2454970.294924
2454970.315358
2454970.335792
2454970.356227
2454970.376661
2454970.397095
2454970.417529
2454970.437963
2454970.458397
2454970.478832
2454970.499266
2454970.519700
2454970.540134
2454970.560568
2454970.581003
2454970.601437
2454970.621871
2454970.642305
2454970.662739
2454970.683173
2454970.703608
2454970.724042
2454970.744476
2454970.764910
2454970.785344
2454970.805779
2454970.826213
2454970.846647
2454970.867081
2454970.887515
2454970.907949
2454970.928384
2454970.948818
2454970.969252
2454970.989686
2454971.010120
2454971.030554
2454971.050989
2454971.071423
2454971.091857
2454971.112291
2454971.132725
2454971.153160
2454971.173594
2454971.194028
2454971.214462
2454971.234896
2454971.255330
2454971.275765
2454971.296199
2454971.316633
2454971.337067
2454971.357501
2454971.377936
2454971.398370
2454971.418804
2454971.439238
2454971.459672
2454971.480106
2454971.500541
2454971.520975
2454971.541409
2454971.561843
2454971.582277
2454971.602711
2454971.623146
2454971.643580
2454971.664014
2454971.684448
2454971.704882
2454971.725316
2454971.745751
2454971.766185
2454971.786619
2454971.807053
2454971.827487
2454971.847921
2454971.868356
2454971.888790
2454971.909224
2454971.929658
2454971.950092
2454971.970526
2454971.990961
2454972.011395
2454972.031829
2454972.052263
2454972.072697
2454972.093132
2454972.113566
2454972.134000
2454972.154434
2454972.174868
2454972.195302
2454972.215737
2454972.236171
2454972.256605
2454972.277039
2454972.297473
2454972.317907
2454972.338342
2454972.358776
2454972.379210
2454972.399644
2454972.420078
2454972.440513
2454972.460947
2454972.481381
2454972.501815
2454972.522249
2454972.542683
2454972.563117
2454972.583552
2454972.603986
2454972.624420
2454972.644854
2454972.665288
2454972.685723
2454972.706157
2454972.726591
2454972.747025
2454972.767459
2454972.787893
2454972.808328
2454972.828762
2454972.849196
2454972.869630
2454972.890064
2454972.910498
2454972.930933
2454972.951367
2454972.971801
2454972.992235
2454973.012669
2454973.033104
2454973.053538
2454973.073972
2454973.094406
2454973.114840
2454973.135274
2454973.155708
2454973.176143
2454973.196577
2454973.217011
2454973.237445
2454973.257879
2454973.278313
2454973.298748
2454973.319182
2454973.339616
2454973.360050
2454973.380484
2454973.400919
2454973.421353
2454973.441787
2454973.462221
2454973.482655
2454973.503089
2454973.523523
2454973.543958
2454973.564392
2454973.584826
2454973.605260
2454973.625694
2454973.646129
2454973.666563
2454973.686997
2454973.707431
2454973.727865
2454973.748299
2454973.768734
2454973.789168
2454973.809602
2454973.830036
2454973.850470
2454973.870904
2454973.891339
2454973.911773
2454973.932207
2454973.952641
2454973.973075
2454973.993509
2454974.013944
2454974.034378
2454974.054812
2454974.075246
2454974.095680
2454974.116114
2454974.136549
2454974.156983
2454974.177417
2454974.197851
2454974.218285
2454974.238719
2454974.259154
2454974.279588
2454974.300022
2454974.320456
2454974.340890
2454974.361324
2454974.381759
2454974.402193
2454974.422627
2454974.443061
2454974.463495
2454974.483930
2454974.504364
2454974.524798
2454974.545232
2454974.565666
2454974.586100
2454974.606534
2454974.626969
2454974.647403
2454974.667837
2454974.688271
2454974.708705
2454974.729139
2454974.749574
2454974.770008
2454974.790442
2454974.810876
2454974.831310
2454974.851744
2454974.872179
2454974.892613
2454974.913047
2454974.933481
2454974.953915
2454974.974349
2454974.994784
2454975.015218
2454975.035652
2454975.056086
2454975.076520
2454975.096954
2454975.117389
2454975.137823
2454975.158257
2454975.178691
2454975.199125
2454975.219559
2454975.239994
2454975.260428
2454975.280862
2454975.301296
2454975.321730
2454975.342164
2454975.362599
2454975.383033
2454975.403467
2454975.423901
2454975.444335
2454975.464769
2454975.485203
2454975.505638
2454975.526072
2454975.546506
2454975.566940
2454975.587374
2454975.607809
2454975.628243
2454975.648677
2454975.669111
2454975.689545
2454975.709979
2454975.730414
2454975.750848
2454975.771282
2454975.791716
2454975.812150
2454975.832584
2454975.853018
2454975.873453
2454975.893887
2454975.914321
2454975.934755
2454975.955189
2454975.975623
2454975.996057
2454976.016492
2454976.036926
2454976.057360
2454976.077794
2454976.098228
2454976.118663
2454976.139097
2454976.159531
2454976.179965
2454976.200399
2454976.220833
2454976.241268
2454976.261702
2454976.282136
2454976.302570
2454976.323004
2454976.343438
2454976.363872
2454976.384307
2454976.404741
2454976.425175
2454976.445609
2454976.466043
2454976.486477
2454976.506912
2454976.527346
2454976.547780
2454976.568214
2454976.588648
2454976.609082
2454976.629517
2454976.649951
2454976.670385
2454976.690819
2454976.711253
2454976.731687
2454976.752122
2454976.772556
2454976.792990
2454976.813424
2454976.833858
2454976.854292
2454976.874726
2454976.895161
2454976.915595
2454976.936029
2454976.956463
2454976.976897
2454976.997331
2454977.017766
2454977.038200
2454977.058634
2454977.079068
2454977.099502
2454977.119936
2454977.140370
2454977.160805
2454977.181239
2454977.201673
2454977.222107
2454977.242541
2454977.262975
2454977.283410
2454977.303844
2454977.324278
2454977.344712
2454977.365146
2454977.385580
2454977.406015
2454977.426449
2454977.446883
2454977.467317
2454977.487751
2454977.508185
2454977.528619
2454977.549054
2454977.569488
2454977.589922
2454977.610356
2454977.630790
2454977.651224
2454977.671659
2454977.692093
2454977.712527
2454977.732961
2454977.753395
2454977.773829
2454977.794264
2454977.814698
2454977.835132
2454977.855566
2454977.876000
2454977.896434
2454977.916868
2454977.937303
2454977.957737
2454977.978171
2454977.998605
2454978.019039
2454978.039473
2454978.059908
2454978.080342
2454978.100776
2454978.121210
2454978.141644
2454978.162078
2454978.182512
2454978.202947
2454978.223381
2454978.243815
2454978.264249
2454978.284683
2454978.305117
2454978.325551
2454978.345986
2454978.366420
2454978.386854
2454978.407288
2454978.427722
2454978.448156
2454978.468591
2454978.489025
2454978.509459
2454978.529893
2454978.550327
2454978.570761
2454978.591196
2454978.611630
2454978.632064
2454978.652498
2454978.672932
2454978.693366
2454978.713800
2454978.734235
2454978.754669
2454978.775103
2454978.795537
2454978.815971
2454978.836405
2454978.856840
2454978.877274
2454978.897708
2454978.918142
2454978.938576
2454978.959010
2454978.979444
2454978.999879
2454979.020313
2454979.040747
2454979.061181
2454979.081615
2454979.102049
2454979.122483
2454979.142918
2454979.163352
2454979.183786
2454979.204220
2454979.224654
2454979.245088
2454979.265523
2454979.285957
2454979.306391
2454979.326825
2454979.347259
2454979.367693
2454979.388127
2454979.408561
2454979.428996
2454979.449430
2454979.469864
2454979.490298
2454979.510732
2454979.531166
2454979.551601
2454979.572035
2454979.592469
2454979.612903
2454979.633337
2454979.653771
2454979.674206
2454979.694640
2454979.715074
2454979.735508
2454979.755942
2454979.776376
2454979.796810
2454979.817245
2454979.837679
2454979.858113
2454979.878547
2454979.898981
2454979.919415
2454979.939850
2454979.960284
2454979.980718
2454980.001152
2454980.021586
2454980.042020
2454980.062454
2454980.082889
2454980.103323
2454980.123757
2454980.144191
2454980.164625
2454980.185059
2454980.205493
2454980.225928
2454980.246362
2454980.266796
2454980.287230
2454980.307664
2454980.328098
2454980.348532
2454980.368966
2454980.389401
2454980.409835
2454980.430269
2454980.450703
2454980.471137
2454980.491571
2454980.512005
2454980.532440
2454980.552874
2454980.573308
2454980.593742
2454980.614176
2454980.634610
2454980.655044
2454980.675479
2454980.695913
2454980.716347
2454980.736781
2454980.757215
2454980.777649
2454980.798083
2454980.818518
2454980.838952
2454980.859386
2454980.879820
2454980.900254
2454980.920688
2454980.941122
2454980.961557
2454980.981991
2454981.002425
2454981.022859
2454981.043293
2454981.063727
2454981.084161
2454981.104596
2454981.125030
2454981.145464
2454981.165898
2454981.186332
2454981.206766
2454981.227201
2454981.247635
2454981.268069
2454981.288503
2454981.308937
2454981.329371
2454981.349805
2454981.370240
2454981.390674
2454981.411108
2454981.431542
2454981.451976
2454981.472410
2454981.492844
2454981.513279
2454981.533713
2454981.554147
2454981.574581
2454981.595015
2454981.615449
2454981.635883
2454981.656317
2454981.676752
2454981.697186
2454981.717620
2454981.738054
2454981.758488
2454981.778922
2454981.799356
2454981.819791
2454981.840225
2454981.860659
2454981.881093
2454981.901527
2454981.921961
2454981.942395
2454981.962830
2454981.983264
2454982.003698
2454982.024132
2454982.044566
2454982.065000
2454982.085434
2454982.105868
2454982.126303
2454982.146737
2454982.167171
2454982.187605
2454982.208039
2454982.228473
2454982.248907
2454982.269342
2454982.289776
2454982.310210
2454982.330644
2454982.351078
2454982.371512
2454982.391946
2454982.412381
2454982.432815
2454982.453249
2454982.473683
2454982.494117
2454982.514551
2454982.534985
2454982.555420
2454982.575854
2454982.596288
2454982.616722
2454982.637156
2454982.657590
2454982.678024
2454982.698458
2454982.718893
2454982.739327
2454982.759761
2454982.780195
2454982.800629
2454982.821063
2454982.841497
2454982.861932
2454982.882366
2454982.902800
2454982.923234
2454982.943668
2454982.964102
2454982.984536
2454983.004971
2454983.025405
2454983.045839
2454983.066273
2454983.086707
2454983.107141
2454983.127575
2454983.148010
2454983.168444
2454983.188878
2454983.209312
2454983.229746
2454983.250180
2454983.270614
2454983.291049
2454983.311483
2454983.331917
2454983.352351
2454983.372785
2454983.393219
2454983.413653
2454983.434087
2454983.454522
2454983.474956
2454983.495390
2454983.515824
2454983.536258
2454983.556692
2454983.577126
2454983.597560
2454983.617994
2454983.638429
2454983.658863
2454983.679297
2454983.699731
2454983.720165
2454983.740599
2454983.761033
2454983.781468
2454983.801902
2454983.822336
2454983.842770
2454983.863204
2454983.883638
2454983.904072
2454983.924507
2454983.944941
2454983.965375
2454983.985809
2454984.006243
2454984.026677
2454984.047111
2454984.067545
2454984.087980
2454984.108414
2454984.128848
2454984.149282
2454984.169716
2454984.190150
2454984.210584
2454984.231018
2454984.251453
2454984.271887
2454984.292321
2454984.312755
2454984.333189
2454984.353623
2454984.374057
2454984.394491
2454984.414926
2454984.435360
2454984.455794
2454984.476228
2454984.496662
2454984.517096
2454984.537530
2454984.557964
2454984.578399
2454984.598833
2454984.619267
2454984.639701
2454984.660135
2454984.680569
2454984.701003
2454984.721438
2454984.741872
2454984.762306
2454984.782740
2454984.803174
2454984.823608
2454984.844042
2454984.864476
2454984.884911
2454984.905345
2454984.925779
2454984.946213
2454984.966647
2454984.987081
2454985.007515
2454985.027949
2454985.048384
2454985.068818
2454985.089252
2454985.109686
2454985.130120
2454985.150554
2454985.170988
2454985.191422
2454985.211857
2454985.232291
2454985.252725
2454985.273159
2454985.293593
2454985.314027
2454985.334461
2454985.354895
2454985.375329
2454985.395764
2454985.416198
2454985.436632
2454985.457066
2454985.477500
2454985.497934
2454985.518368
2454985.538803
2454985.559237
2454985.579671
2454985.600105
2454985.620539
2454985.640973
2454985.661407
2454985.681841
2454985.702275
2454985.722710
2454985.743144
2454985.763578
2454985.784012
2454985.804446
2454985.824880
2454985.845314
2454985.865748
2454985.886182
2454985.906617
2454985.927051
2454985.947485
2454985.967919
2454985.988353
2454986.008787
2454986.029221
2454986.049656
2454986.070090
2454986.090524
2454986.110958
2454986.131392
2454986.151826
2454986.172260
2454986.192694
2454986.213129
2454986.233563
2454986.253997
2454986.274431
2454986.294865
2454986.315299
2454986.335733
2454986.356167
2454986.376601
2454986.397036
2454986.417470
2454986.437904
2454986.458338
2454986.478772
2454986.499206
2454986.519640
2454986.540074
2454986.560509
2454986.580943
2454986.601377
2454986.621811
2454986.642245
2454986.662679
2454986.683113
2454986.703547
2454986.723981
2454986.744416
2454986.764850
2454986.785284
2454986.805718
2454986.826152
2454986.846586
2454986.867020
2454986.887454
2454986.907888
2454986.928323
2454986.948757
2454986.969191
2454986.989625
2454987.010059
2454987.030493
2454987.050927
2454987.071362
2454987.091796
2454987.112230
2454987.132664
2454987.153098
2454987.173532
2454987.193966
2454987.214400
2454987.234834
2454987.255268
2454987.275703
2454987.296137
2454987.316571
2454987.337005
2454987.357439
2454987.377873
2454987.398307
2454987.418741
2454987.439176
2454987.459610
2454987.480044
2454987.500478
2454987.520912
2454987.541346
2454987.561780
2454987.582214
2454987.602648
2454987.623082
2454987.643517
2454987.663951
2454987.684385
2454987.704819
2454987.725253
2454987.745687
2454987.766121
2454987.786555
2454987.806990
2454987.827424
2454987.847858
2454987.868292
2454987.888726
2454987.909160
2454987.929594
2454987.950028
2454987.970462
2454987.990897
2454988.011331
2454988.031765
2454988.052199
2454988.072633
2454988.093067
2454988.113501
2454988.133935
2454988.154369
2454988.174804
2454988.195238
2454988.215672
2454988.236106
2454988.256540
2454988.276974
2454988.297408
2454988.317842
2454988.338276
2454988.358710
2454988.379145
2454988.399579
2454988.420013
2454988.440447
2454988.460881
2454988.481315
2454988.501749
2454988.522183
2454988.542617
2454988.563052
2454988.583486
2454988.603920
2454988.624354
2454988.644788
2454988.665222
2454988.685656
2454988.706090
2454988.726524
2454988.746958
2454988.767393
2454988.787827
2454988.808261
2454988.828695
2454988.849129
2454988.869563
2454988.889997
2454988.910431
2454988.930865
2454988.951300
2454988.971734
2454988.992168
2454989.012602
2454989.033036
2454989.053470
2454989.073904
2454989.094338
2454989.114772
2454989.135207
2454989.155641
2454989.176075
2454989.196509
2454989.216943
2454989.237377
2454989.257811
2454989.278245
2454989.298679
2454989.319113
2454989.339548
2454989.359982
2454989.380416
2454989.400850
2454989.421284
2454989.441718
2454989.462152
2454989.482586
2454989.503020
2454989.523455
2454989.543889
2454989.564323
2454989.584757
2454989.605191
2454989.625625
2454989.646059
2454989.666493
2454989.686927
2454989.707361
2454989.727796
2454989.748230
2454989.768664
2454989.789098
2454989.809532
2454989.829966
2454989.850400
2454989.870834
2454989.891268
2454989.911702
2454989.932137
2454989.952571
2454989.973005
2454989.993439
2454990.013873
2454990.034307
2454990.054741
2454990.075175
2454990.095609
2454990.116043
2454990.136478
2454990.156912
2454990.177346
2454990.197780
2454990.218214
2454990.238648
2454990.259082
2454990.279516
2454990.299950
2454990.320384
2454990.340819
2454990.361253
2454990.381687
2454990.402121
2454990.422555
2454990.442989
2454990.463423
2454990.483857
2454990.504291
2454990.524725
2454990.545159
2454990.565594
2454990.586028
2454990.606462
2454990.626896
2454990.647330
2454990.667764
2454990.688198
2454990.708632
2454990.729066
2454990.749500
2454990.769935
2454990.790369
2454990.810803
2454990.831237
2454990.851671
2454990.872105
2454990.892539
2454990.912973
2454990.933407
2454990.953841
2454990.974276
2454990.994710
2454991.015144
2454991.035578
2454991.056012
2454991.076446
2454991.096880
2454991.117314
2454991.137748
2454991.158182
2454991.178617
2454991.199051
2454991.219485
2454991.239919
2454991.260353
2454991.280787
2454991.301221
2454991.321655
2454991.342089
2454991.362523
2454991.382958
2454991.403392
2454991.423826
2454991.444260
2454991.464694
2454991.485128
2454991.505562
2454991.525996
2454991.546430
2454991.566864
2454991.587298
2454991.607732
2454991.628167
2454991.648601
2454991.669035
2454991.689469
2454991.709903
2454991.730337
2454991.750771
2454991.771205
2454991.791639
2454991.812073
2454991.832507
2454991.852942
2454991.873376
2454991.893810
2454991.914244
2454991.934678
2454991.955112
2454991.975546
2454991.995980
2454992.016414
2454992.036848
2454992.057282
2454992.077717
2454992.098151
2454992.118585
2454992.139019
2454992.159453
2454992.179887
2454992.200321
2454992.220755
2454992.241189
2454992.261623
2454992.282057
2454992.302492
2454992.322926
2454992.343360
2454992.363794
2454992.384228
2454992.404662
2454992.425096
2454992.445530
2454992.465964
2454992.486398
2454992.506832
2454992.527266
2454992.547701
2454992.568135
2454992.588569
2454992.609003
2454992.629437
2454992.649871
2454992.670305
2454992.690739
2454992.711173
2454992.731607
2454992.752041
2454992.772475
2454992.792910
2454992.813344
2454992.833778
2454992.854212
2454992.874646
2454992.895080
2454992.915514
2454992.935948
2454992.956382
2454992.976816
2454992.997250
2454993.017685
2454993.038119
2454993.058553
2454993.078987
2454993.099421
2454993.119855
2454993.140289
2454993.160723
2454993.181157
2454993.201591
2454993.222025
2454993.242459
2454993.262893
2454993.283328
2454993.303762
2454993.324196
2454993.344630
2454993.365064
2454993.385498
2454993.405932
2454993.426366
2454993.446800
2454993.467234
2454993.487669
2454993.508102
2454993.528537
2454993.548971
2454993.569405
2454993.589839
2454993.610273
2454993.630707
2454993.651141
2454993.671575
2454993.692009
2454993.712443
2454993.732877
2454993.753311
2454993.773745
2454993.794180
2454993.814614
2454993.835048
2454993.855482
2454993.875916
2454993.896350
2454993.916784
2454993.937218
2454993.957652
2454993.978086
2454993.998520
2454994.018954
2454994.039389
2454994.059823
2454994.080257
2454994.100691
2454994.121125
2454994.141559
2454994.161993
2454994.182427
2454994.202861
2454994.223295
2454994.243729
2454994.264163
2454994.284597
2454994.305032
2454994.325466
2454994.345900
2454994.366334
2454994.386768
2454994.407202
2454994.427636
2454994.448070
2454994.468504
2454994.488938
2454994.509372
2454994.529806
2454994.550240
2454994.570675
2454994.591109
2454994.611543
2454994.631977
2454994.652411
2454994.672845
2454994.693279
2454994.713713
2454994.734147
2454994.754581
2454994.775015
2454994.795449
2454994.815883
2454994.836318
2454994.856752
2454994.877186
2454994.897620
2454994.918054
2454994.938488
2454994.958922
2454994.979356
2454994.999790
2454995.020224
2454995.040658
2454995.061092
2454995.081526
2454995.101960
2454995.122395
2454995.142829
2454995.163263
2454995.183697
2454995.204131
2454995.224565
2454995.244999
2454995.265433
2454995.285867
2454995.306301
2454995.326735
2454995.347169
2454995.367603
2454995.388038
2454995.408472
2454995.428906
2454995.449340
2454995.469774
2454995.490208
2454995.510641
2454995.531075
2454995.551509
2454995.571943
2454995.592378
2454995.612812
2454995.633246
2454995.653680
2454995.674114
2454995.694548
2454995.714982
2454995.735416
2454995.755850
2454995.776284
2454995.796718
2454995.817152
2454995.837586
2454995.858020
2454995.878454
2454995.898889
2454995.919323
2454995.939757
2454995.960191
2454995.980625
2454996.001059
2454996.021493
2454996.041927
2454996.062361
2454996.082795
2454996.103229
2454996.123663
2454996.144097
2454996.164531
2454996.184966
2454996.205400
2454996.225834
2454996.246268
2454996.266702
2454996.287136
2454996.307570
2454996.328004
2454996.348438
2454996.368872
2454996.389306
2454996.409740
2454996.430174
2454996.450608
2454996.471042
2454996.491476
2454996.511911
2454996.532345
2454996.552779
2454996.573213
2454996.593647
2454996.614081
2454996.634515
2454996.654949
2454996.675383
2454996.695817
2454996.716251
2454996.736685
2454996.757119
2454996.777553
2454996.797987
2454996.818421
2454996.838856
2454996.859290
2454996.879724
2454996.900158
2454996.920592
2454996.941026
2454996.961460
2454996.981894
2454997.002328
2454997.022762
2454997.043196
2454997.063630
2454997.084064
2454997.104498
2454997.124932
2454997.145366
2454997.165800
2454997.186234
2454997.206669
2454997.227103
2454997.247537
2454997.267971
2454997.288405
2454997.308839
2454997.329273
2454997.349707
2454997.370141
2454997.390575
2454997.411009
2454997.431443
2454997.451877
2454997.472311
2454997.492746
2454997.513179
2454997.533614
2454997.554048
2454997.574482
2454997.594916
2454997.615350
2454997.635784
2454997.656218
2454997.676652
2454997.697086
2454997.717520
2454997.737954
2454997.758388
2454997.778822
2454997.799256
2454997.819690
2454997.840124
2454997.860558
2454997.880993
2454997.901426
2454997.921861
2454997.942295
2454997.962729
2454997.983163
