2456392.226402
2456392.246836
2456392.267270
2456392.287704
2456392.308138
2456392.328572
2456392.349006
2456392.369440
2456392.389874
2456392.410308
2456392.430742
2456392.451176
2456392.471610
2456392.492044
2456392.512478
2456392.532912
2456392.553346
2456392.573780
2456392.594214
2456392.614648
2456392.635082
2456392.655516
2456392.675950
2456392.696384
2456392.716818
2456392.737252
2456392.757686
2456392.778120
2456392.798554
2456392.818988
2456392.839422
2456392.859856
2456392.880290
2456392.900724
2456392.921158
2456392.941592
2456392.962026
2456392.982460
2456393.002894
2456393.023328
2456393.043762
2456393.064197
2456393.084630
2456393.105065
2456393.125499
2456393.145932
2456393.166367
2456393.186801
2456393.207235
2456393.227669
2456393.248103
2456393.268537
2456393.288971
2456393.309405
2456393.329839
2456393.350273
2456393.370707
2456393.391141
2456393.411575
2456393.432009
2456393.452443
2456393.472877
2456393.493311
2456393.513745
2456393.534179
2456393.554613
2456393.575047
2456393.595481
2456393.615915
2456393.636349
2456393.656783
2456393.677217
2456393.697651
2456393.718085
2456393.738519
2456393.758953
2456393.779387
2456393.799821
2456393.820255
2456393.840690
2456393.861123
2456393.881558
2456393.901992
2456393.922426
2456393.942860
2456393.963294
2456393.983728
2456394.004162
2456394.024596
2456394.045030
2456394.065464
2456394.085898
2456394.106332
2456394.126766
2456394.147200
2456394.167634
2456394.188068
2456394.208502
2456394.228936
2456394.249370
2456394.269804
2456394.290238
2456394.310672
2456394.331106
2456394.351540
2456394.371974
2456394.392408
2456394.412842
2456394.433276
2456394.453710
2456394.474144
2456394.494578
2456394.515013
2456394.535447
2456394.555881
2456394.576315
2456394.596749
2456394.617183
2456394.637617
2456394.658051
2456394.678485
2456394.698919
2456394.719353
2456394.739787
2456394.760221
2456394.780655
2456394.801089
2456394.821523
2456394.841957
2456394.862391
2456394.882825
2456394.903259
2456394.923693
2456394.944127
2456394.964561
2456394.984995
2456395.005429
2456395.025863
2456395.046298
2456395.066732
2456395.087165
2456395.107600
2456395.128034
2456395.148468
2456395.168902
2456395.189336
2456395.209770
2456395.230204
2456395.250638
2456395.271072
2456395.291506
2456395.311940
2456395.332374
2456395.352808
2456395.373242
2456395.393676
2456395.414110
2456395.434544
2456395.454978
2456395.475412
2456395.495846
2456395.516280
2456395.536714
2456395.557149
2456395.577583
2456395.598017
2456395.618451
2456395.638885
2456395.659319
2456395.679753
2456395.700187
2456395.720621
2456395.741055
2456395.761489
2456395.781923
2456395.802357
2456395.822791
2456395.843225
2456395.863659
2456395.884093
2456395.904527
2456395.924961
2456395.945395
2456395.965829
2456395.986264
2456396.006697
2456396.027131
2456396.047566
2456396.068000
2456396.088434
2456396.108868
2456396.129302
2456396.149736
2456396.170170
2456396.190604
2456396.211038
2456396.231472
2456396.251906
2456396.272340
2456396.292774
2456396.313208
2456396.333642
2456396.354076
2456396.374510
2456396.394944
2456396.415378
2456396.435813
2456396.456246
2456396.476681
2456396.497115
2456396.517549
2456396.537983
2456396.558417
2456396.578851
2456396.599285
2456396.619719
2456396.640153
2456396.660587
2456396.681021
2456396.701455
2456396.721889
2456396.742323
2456396.762757
2456396.783191
2456396.803625
2456396.824059
2456396.844494
2456396.864927
2456396.885362
2456396.905796
2456396.926230
2456396.946664
2456396.967098
2456396.987532
2456397.007966
2456397.028400
2456397.048834
2456397.069268
2456397.089702
2456397.110136
2456397.130570
2456397.151004
2456397.171438
2456397.191872
2456397.212306
2456397.232740
2456397.253174
2456397.273609
2456397.294043
2456397.314477
2456397.334911
2456397.355345
2456397.375779
2456397.396213
2456397.416647
2456397.437081
2456397.457515
2456397.477949
2456397.498383
2456397.518817
2456397.539251
2456397.559685
2456397.580119
2456397.600553
2456397.620988
2456397.641421
2456397.661856
2456397.682290
2456397.702724
2456397.723158
2456397.743592
2456397.764026
2456397.784460
2456397.804894
2456397.825328
2456397.845762
2456397.866196
2456397.886630
2456397.907064
2456397.927498
2456397.947932
2456397.968366
2456397.988801
2456398.009235
2456398.029669
2456398.050103
2456398.070537
2456398.090971
2456398.111405
2456398.131839
2456398.152273
2456398.172707
2456398.193141
2456398.213575
2456398.234009
2456398.254443
2456398.274877
2456398.295311
2456398.315746
2456398.336180
2456398.356614
2456398.377048
2456398.397482
2456398.417916
2456398.438350
2456398.458784
2456398.479218
2456398.499652
2456398.520086
2456398.540520
2456398.560954
2456398.581388
2456398.601822
2456398.622256
2456398.642691
2456398.663125
2456398.683559
2456398.703993
2456398.724427
2456398.744861
2456398.765295
2456398.785729
2456398.806163
2456398.826597
2456398.847031
2456398.867465
2456398.887899
2456398.908333
2456398.928767
2456398.949201
2456398.969636
2456398.990070
2456399.010504
2456399.030938
2456399.051372
2456399.071806
2456399.092240
2456399.112674
2456399.133108
2456399.153542
2456399.173976
2456399.194410
2456399.214844
2456399.235278
2456399.255712
2456399.276147
2456399.296581
2456399.317015
2456399.337449
2456399.357883
2456399.378317
2456399.398751
2456399.419185
2456399.439619
2456399.460053
2456399.480487
2456399.500921
2456399.521355
2456399.541789
2456399.562224
2456399.582658
2456399.603092
2456399.623526
2456399.643960
2456399.664394
2456399.684828
2456399.705262
2456399.725696
2456399.746130
2456399.766564
2456399.786998
2456399.807432
2456399.827866
2456399.848300
2456399.868735
2456399.889169
2456399.909603
2456399.930037
2456399.950471
2456399.970905
2456399.991339
2456400.011773
2456400.032207
2456400.052641
2456400.073075
2456400.093509
2456400.113943
2456400.134378
2456400.154812
2456400.175246
2456400.195680
2456400.216114
2456400.236548
2456400.256982
2456400.277416
2456400.297850
2456400.318284
2456400.338718
2456400.359152
2456400.379586
2456400.400020
2456400.420455
2456400.440889
2456400.461323
2456400.481757
2456400.502191
2456400.522625
2456400.543059
2456400.563493
2456400.583927
2456400.604361
2456400.624795
2456400.645229
2456400.665663
2456400.686097
2456400.706532
2456400.726966
2456400.747400
2456400.767834
2456400.788268
2456400.808702
2456400.829136
2456400.849570
2456400.870004
2456400.890438
2456400.910872
2456400.931306
2456400.951740
2456400.972175
2456400.992609
2456401.013043
2456401.033477
2456401.053911
2456401.074345
2456401.094779
2456401.115213
2456401.135647
2456401.156081
2456401.176515
2456401.196949
2456401.217384
2456401.237818
2456401.258252
2456401.278686
2456401.299120
2456401.319554
2456401.339988
2456401.360422
2456401.380856
2456401.401290
2456401.421724
2456401.442158
2456401.462592
2456401.483027
2456401.503461
2456401.523895
2456401.544329
2456401.564763
2456401.585197
2456401.605631
2456401.626065
2456401.646499
2456401.666933
2456401.687367
2456401.707801
2456401.728236
2456401.748670
2456401.769104
2456401.789538
2456401.809972
2456401.830406
2456401.850840
2456401.871274
2456401.891708
2456401.912142
2456401.932576
2456401.953010
2456401.973445
2456401.993879
2456402.014313
2456402.034747
2456402.055181
2456402.075615
2456402.096049
2456402.116483
2456402.136917
2456402.157351
2456402.177785
2456402.198220
2456402.218654
2456402.239088
2456402.259522
2456402.279956
2456402.300390
2456402.320824
2456402.341258
2456402.361692
2456402.382126
2456402.402560
2456402.422994
2456402.443429
2456402.463863
2456402.484297
2456402.504731
2456402.525165
2456402.545599
2456402.566033
2456402.586467
2456402.606901
2456402.627335
2456402.647769
2456402.668204
2456402.688638
2456402.709072
2456402.729506
2456402.749940
2456402.770374
2456402.790808
2456402.811242
2456402.831676
2456402.852110
2456402.872544
2456402.892978
2456402.913413
2456402.933847
2456402.954281
2456402.974715
2456402.995149
2456403.015583
2456403.036017
2456403.056451
2456403.076885
2456403.097319
2456403.117754
2456403.138188
2456403.158622
2456403.179056
2456403.199490
2456403.219924
2456403.240358
2456403.260792
2456403.281226
2456403.301660
2456403.322094
2456403.342528
2456403.362963
2456403.383397
2456403.403831
2456403.424265
2456403.444699
2456403.465133
2456403.485567
2456403.506001
2456403.526435
2456403.546869
2456403.567304
2456403.587738
2456403.608172
2456403.628606
2456403.649040
2456403.669474
2456403.689908
2456403.710342
2456403.730776
2456403.751210
2456403.771645
2456403.792079
2456403.812513
2456403.832947
2456403.853381
2456403.873815
2456403.894249
2456403.914683
2456403.935117
2456403.955551
2456403.975986
2456403.996420
2456404.016854
2456404.037288
2456404.057722
2456404.078156
2456404.098590
2456404.119024
2456404.139458
2456404.159892
2456404.180326
2456404.200761
2456404.221195
2456404.241629
2456404.262063
2456404.282497
2456404.302931
2456404.323365
2456404.343799
2456404.364233
2456404.384667
2456404.405102
2456404.425536
2456404.445970
2456404.466404
2456404.486838
2456404.507272
2456404.527706
2456404.548140
2456404.568574
2456404.589008
2456404.609443
2456404.629877
2456404.650311
2456404.670745
2456404.691179
2456404.711613
2456404.732047
2456404.752481
2456404.772915
2456404.793349
2456404.813784
2456404.834218
2456404.854652
2456404.875086
2456404.895520
2456404.915954
2456404.936388
2456404.956822
2456404.977256
2456404.997690
2456405.018125
2456405.038559
2456405.058993
2456405.079427
2456405.099861
2456405.120295
2456405.140729
2456405.161163
2456405.181597
2456405.202032
2456405.222466
2456405.242900
2456405.263334
2456405.283768
2456405.304202
2456405.324636
2456405.345070
2456405.365504
2456405.385938
2456405.406373
2456405.426807
2456405.447241
2456405.467675
2456405.488109
2456405.508543
2456405.528977
2456405.549411
2456405.569845
2456405.590280
2456405.610714
2456405.631148
2456405.651582
2456405.672016
2456405.692450
2456405.712884
2456405.733318
2456405.753752
2456405.774186
2456405.794621
2456405.815055
2456405.835489
2456405.855923
2456405.876357
2456405.896791
2456405.917225
2456405.937659
2456405.958093
2456405.978528
2456405.998962
2456406.019396
2456406.039830
2456406.060264
2456406.080698
2456406.101132
2456406.121566
2456406.142000
2456406.162434
2456406.182869
2456406.203303
2456406.223737
2456406.244171
2456406.264605
2456406.285039
2456406.305473
2456406.325907
2456406.346342
2456406.366776
2456406.387210
2456406.407644
2456406.428078
2456406.448512
2456406.468946
2456406.489380
2456406.509814
2456406.530248
2456406.550683
2456406.571117
2456406.591551
2456406.611985
2456406.632419
2456406.652853
2456406.673287
2456406.693721
2456406.714155
2456406.734590
2456406.755024
2456406.775458
2456406.795892
2456406.816326
2456406.836760
2456406.857194
2456406.877628
2456406.898063
2456406.918497
2456406.938931
2456406.959365
2456406.979799
2456407.000233
2456407.020667
2456407.041101
2456407.061535
2456407.081970
2456407.102404
2456407.122838
2456407.143272
2456407.163706
2456407.184140
2456407.204574
2456407.225008
2456407.245442
2456407.265877
2456407.286311
2456407.306745
2456407.327179
2456407.347613
2456407.368047
2456407.388481
2456407.408915
2456407.429349
2456407.449784
2456407.470218
2456407.490652
2456407.511086
2456407.531520
2456407.551954
2456407.572388
2456407.592822
2456407.613257
2456407.633691
2456407.654125
2456407.674559
2456407.694993
2456407.715427
2456407.735861
2456407.756295
2456407.776729
2456407.797164
2456407.817598
2456407.838032
2456407.858466
2456407.878900
2456407.899334
2456407.919768
2456407.940202
2456407.960637
2456407.981071
2456408.001505
2456408.021939
2456408.042373
2456408.062807
2456408.083241
2456408.103675
2456408.124110
2456408.144544
2456408.164978
2456408.185412
2456408.205846
2456408.226280
2456408.246714
2456408.267148
2456408.287582
2456408.308017
2456408.328451
2456408.348885
2456408.369319
2456408.389753
2456408.410187
2456408.430621
2456408.451055
2456408.471490
2456408.491924
2456408.512358
2456408.532792
2456408.553226
2456408.573660
2456408.594094
2456408.614528
2456408.634963
2456408.655397
2456408.675831
2456408.696265
2456408.716699
2456408.737133
2456408.757567
2456408.778001
2456408.798435
2456408.818870
2456408.839304
2456408.859738
2456408.880172
2456408.900606
2456408.921040
2456408.941474
2456408.961909
2456408.982343
2456409.002777
2456409.023211
2456409.043645
2456409.064079
2456409.084513
2456409.104947
2456409.125381
2456409.145816
2456409.166250
2456409.186684
2456409.207118
2456409.227552
2456409.247986
2456409.268420
2456409.288855
2456409.309289
2456409.329723
2456409.350157
2456409.370591
2456409.391025
2456409.411459
2456409.431893
2456409.452328
2456409.472762
2456409.493196
2456409.513630
2456409.534064
2456409.554498
2456409.574932
2456409.595366
2456409.615801
2456409.636235
2456409.656669
2456409.677103
2456409.697537
2456409.717971
2456409.738405
2456409.758839
2456409.779274
2456409.799708
2456409.820142
2456409.840576
2456409.861010
2456409.881444
2456409.901878
2456409.922312
2456409.942747
2456409.963181
2456409.983615
2456410.004049
2456410.024483
2456410.044917
2456410.065351
2456410.085785
2456410.106220
2456410.126654
2456410.147088
2456410.167522
2456410.187956
2456410.208390
2456410.228824
2456410.249259
2456410.269693
2456410.290127
2456410.310561
2456410.330995
2456410.351429
2456410.371863
2456410.392297
2456410.412732
2456410.433166
2456410.453600
2456410.474034
2456410.494468
2456410.514902
2456410.535336
2456410.555770
2456410.576205
2456410.596639
2456410.617073
2456410.637507
2456410.657941
2456410.678375
2456410.698809
2456410.719244
2456410.739678
2456410.760112
2456410.780546
2456410.800980
2456410.821414
2456410.841848
2456410.862282
2456410.882717
2456410.903151
2456410.923585
2456410.944019
2456410.964453
2456410.984887
2456411.005321
2456411.025756
2456411.046190
2456411.066624
2456411.087058
2456411.107492
2456411.127926
2456411.148360
2456411.168795
2456411.189229
2456411.209663
2456411.230097
2456411.250531
2456411.270965
2456411.291399
2456411.311833
2456411.332268
2456411.352702
2456411.373136
2456411.393570
2456411.414004
2456411.434438
2456411.454872
2456411.475306
2456411.495741
2456411.516175
2456411.536609
2456411.557043
2456411.577477
2456411.597911
2456411.618346
2456411.638780
2456411.659214
2456411.679648
2456411.700082
2456411.720516
2456411.740950
2456411.761384
2456411.781819
2456411.802253
2456411.822687
2456411.843121
2456411.863555
2456411.883989
2456411.904423
2456411.924857
2456411.945292
2456411.965726
2456411.986160
2456412.006594
2456412.027028
2456412.047462
2456412.067897
2456412.088331
2456412.108765
2456412.129199
2456412.149633
2456412.170067
2456412.190501
2456412.210935
2456412.231370
2456412.251804
2456412.272238
2456412.292672
2456412.313106
2456412.333540
2456412.353975
2456412.374409
2456412.394843
2456412.415277
2456412.435711
2456412.456145
2456412.476579
2456412.497013
2456412.517448
2456412.537882
2456412.558316
2456412.578750
2456412.599184
2456412.619618
2456412.640052
2456412.660487
2456412.680921
2456412.701355
2456412.721789
2456412.742223
2456412.762657
2456412.783091
2456412.803526
2456412.823960
2456412.844394
2456412.864828
2456412.885262
2456412.905696
2456412.926130
2456412.946565
2456412.966999
2456412.987433
2456413.007867
2456413.028301
2456413.048735
2456413.069169
2456413.089604
2456413.110038
2456413.130472
2456413.150906
2456413.171340
2456413.191774
2456413.212208
2456413.232643
2456413.253077
2456413.273511
2456413.293945
2456413.314379
2456413.334813
2456413.355247
2456413.375682
2456413.396116
2456413.416550
2456413.436984
2456413.457418
2456413.477852
2456413.498286
2456413.518721
2456413.539155
2456413.559589
2456413.580023
2456413.600457
2456413.620891
2456413.641325
2456413.661760
2456413.682194
2456413.702628
2456413.723062
2456413.743496
2456413.763930
2456413.784365
2456413.804799
2456413.825233
2456413.845667
2456413.866101
2456413.886535
2456413.906969
2456413.927403
2456413.947838
2456413.968272
2456413.988706
2456414.009140
2456414.029574
2456414.050008
2456414.070443
2456414.090877
2456414.111311
2456414.131745
2456414.152179
2456414.172613
2456414.193047
2456414.213482
2456414.233916
2456414.254350
2456414.274784
2456414.295218
2456414.315652
2456414.336087
2456414.356521
2456414.376955
2456414.397389
2456414.417823
2456414.438257
2456414.458691
2456414.479126
2456414.499560
2456414.519994
2456414.540428
2456414.560862
2456414.581296
           NaN
           NaN
           NaN
           NaN
           NaN
           NaN
           NaN
           NaN
           NaN
           NaN
           NaN
           NaN
           NaN
           NaN
           NaN
           NaN
           NaN
           NaN
           NaN
           NaN
           NaN
           NaN
           NaN
           NaN
           NaN
           NaN
           NaN
           NaN
           NaN
           NaN
           NaN
           NaN
           NaN
           NaN
           NaN
           NaN
           NaN
           NaN
           NaN
           NaN
           NaN
           NaN
           NaN
           NaN
           NaN
           NaN
           NaN
           NaN
           NaN
           NaN
           NaN
           NaN
           NaN
           NaN
           NaN
           NaN
           NaN
           NaN
           NaN
           NaN
           NaN
           NaN
           NaN
           NaN
           NaN
           NaN
           NaN
           NaN
           NaN
           NaN
           NaN
           NaN
           NaN
           NaN
           NaN
           NaN
           NaN
           NaN
           NaN
           NaN
           NaN
           NaN
           NaN
           NaN
           NaN
           NaN
           NaN
           NaN
           NaN
           NaN
           NaN
           NaN
           NaN
           NaN
           NaN
           NaN
           NaN
           NaN
           NaN
           NaN
           NaN
           NaN
           NaN
           NaN
           NaN
           NaN
           NaN
           NaN
           NaN
           NaN
           NaN
           NaN
           NaN
           NaN
           NaN
           NaN
           NaN
           NaN
           NaN
           NaN
           NaN
           NaN
           NaN
           NaN
           NaN
           NaN
           NaN
           NaN
           NaN
           NaN
           NaN
           NaN
           NaN
           NaN
           NaN
           NaN
           NaN
           NaN
           NaN
           NaN
           NaN
           NaN
           NaN
           NaN
           NaN
           NaN
           NaN
           NaN
           NaN
           NaN
           NaN
           NaN
           NaN
           NaN
           NaN
           NaN
           NaN
           NaN
           NaN
           NaN
           NaN
           NaN
           NaN
           NaN
           NaN
           NaN
           NaN
           NaN
           NaN
           NaN
           NaN
           NaN
           NaN
           NaN
           NaN
           NaN
           NaN
           NaN
           NaN
           NaN
           NaN
           NaN
           NaN
           NaN
           NaN
           NaN
           NaN
           NaN
           NaN
           NaN
           NaN
           NaN
           NaN
           NaN
           NaN
           NaN
           NaN
           NaN
           NaN
           NaN
           NaN
           NaN
           NaN
           NaN
           NaN
           NaN
           NaN
           NaN
           NaN
           NaN
           NaN
           NaN
           NaN
           NaN
           NaN
           NaN
           NaN
           NaN
           NaN
           NaN
           NaN
           NaN
           NaN
           NaN
           NaN
           NaN
           NaN
           NaN
           NaN
           NaN
           NaN
           NaN
           NaN
           NaN
           NaN
           NaN
           NaN
           NaN
           NaN
           NaN
           NaN
           NaN
           NaN
           NaN
           NaN
           NaN
           NaN
           NaN
           NaN
           NaN
           NaN
           NaN
           NaN
           NaN
           NaN
2456419.812433
2456419.832867
2456419.853302
2456419.873736
2456419.894170
2456419.914604
2456419.935038
2456419.955472
2456419.975907
2456419.996341
2456420.016775
2456420.037209
2456420.057643
2456420.078077
2456420.098512
2456420.118946
2456420.139380
2456420.159814
2456420.180248
2456420.200682
2456420.221117
2456420.241551
2456420.261985
2456420.282419
2456420.302853
2456420.323287
2456420.343722
2456420.364156
2456420.384590
2456420.405024
2456420.425458
2456420.445893
2456420.466327
2456420.486761
2456420.507195
2456420.527629
2456420.548063
2456420.568498
2456420.588932
2456420.609366
2456420.629800
2456420.650234
2456420.670668
2456420.691103
2456420.711537
2456420.731971
2456420.752405
2456420.772839
2456420.793273
2456420.813708
2456420.834142
2456420.854576
2456420.875010
2456420.895444
2456420.915878
2456420.936313
2456420.956747
2456420.977181
2456420.997615
2456421.018049
2456421.038483
2456421.058918
2456421.079352
2456421.099786
2456421.120220
2456421.140654
2456421.161089
2456421.181523
2456421.201957
2456421.222391
2456421.242825
2456421.263259
2456421.283694
2456421.304128
2456421.324562
2456421.344996
2456421.365430
2456421.385864
2456421.406299
2456421.426733
2456421.447167
2456421.467601
2456421.488035
2456421.508470
2456421.528904
2456421.549338
2456421.569772
2456421.590206
2456421.610640
2456421.631075
2456421.651509
2456421.671943
2456421.692377
2456421.712811
2456421.733245
2456421.753680
2456421.774114
2456421.794548
2456421.814982
2456421.835416
2456421.855851
2456421.876285
2456421.896719
2456421.917153
2456421.937587
2456421.958021
2456421.978456
2456421.998890
2456422.019324
2456422.039758
2456422.060192
2456422.080626
2456422.101061
2456422.121495
2456422.141929
2456422.162363
2456422.182797
2456422.203231
2456422.223666
2456422.244100
2456422.264534
2456422.284968
2456422.305402
2456422.325837
2456422.346271
2456422.366705
2456422.387139
2456422.407573
2456422.428007
2456422.448442
2456422.468876
2456422.489310
2456422.509744
2456422.530178
2456422.550613
2456422.571047
2456422.591481
2456422.611915
2456422.632349
2456422.652783
2456422.673218
2456422.693652
2456422.714086
2456422.734520
2456422.754954
2456422.775389
2456422.795823
2456422.816257
2456422.836691
2456422.857125
2456422.877559
2456422.897994
2456422.918428
2456422.938862
2456422.959296
2456422.979730
2456423.000165
2456423.020599
2456423.041033
2456423.061467
2456423.081901
2456423.102335
2456423.122770
2456423.143204
2456423.163638
2456423.184072
2456423.204506
2456423.224941
2456423.245375
2456423.265809
2456423.286243
2456423.306677
2456423.327112
2456423.347546
2456423.367980
2456423.388414
2456423.408848
2456423.429282
2456423.449716
2456423.470151
2456423.490585
2456423.511019
2456423.531453
2456423.551887
2456423.572322
2456423.592756
2456423.613190
2456423.633624
2456423.654058
2456423.674493
2456423.694927
2456423.715361
2456423.735795
2456423.756229
2456423.776663
2456423.797098
2456423.817532
2456423.837966
2456423.858400
2456423.878834
2456423.899269
2456423.919703
2456423.940137
2456423.960571
2456423.981005
2456424.001439
